timestamps,aAcc,aJerk,aVelocity,aHeight,jerks_direction,accelerations_direction,velocities_direction,heights_direction,actual_timestamps
0.0,0.0,-0.005808614633062,0.0,0.0,down,up,up,down,26.609
0.015999999999998238,0.00017944174877729995,-0.0112151092985802,2.7742752898074485e-05,0.06287371924730678,down,up,up,down,26.625
0.030999999999998806,9.601646213930012e-05,0.0183638807277705,5.447170720707106e-05,0.12181742250386662,down,up,up,down,26.64
0.046999999999997044,0.0006160828859567001,0.0325041514885917,8.934678888117276e-05,0.18469021314523104,down,up,up,down,26.656
0.06199999999999761,0.0011706987297656999,0.0369743895872654,0.00013010229495691306,0.2436328871421125,down,up,up,down,26.671
0.0779999999999994,0.0025650450058183,0.0871466422532787,0.00018916653172995623,0.3065042741808526,down,up,up,down,26.687
0.09399999999999764,0.0029099612793182005,0.0215572670937437,0.00026214486890019373,0.36937460487898477,down,up,up,down,26.703
0.10899999999999821,0.00323497471142,0.0216675621401181,0.0003355865327892005,0.4283144417584879,down,up,up,down,26.718
0.125,0.0040682246819479006,0.0520781231579889,0.0004231904148244148,0.4911823127322492,down,up,up,down,26.734
0.14099999999999824,0.0037747300181205003,-0.0183434164892102,0.0005151123393138946,0.5540487474995501,down,up,up,down,26.75
0.1559999999999988,0.0035330582953587005,-0.0161114481841189,0.0005972753956231536,0.6129847244565525,down,up,up,down,26.765
0.17199999999999704,0.0030142639438342006,-0.0324246469702895,0.0006788322604260877,0.6758484567846352,down,up,up,down,26.781
0.1869999999999976,0.0036606642866470005,0.04309335618752,0.0007562488661125855,0.7347820135411922,down,up,up,down,26.796
0.21899999999999764,0.0036902641969867,0.0009249971981151,0.0009322202956281167,0.8605028804132928,down,up,up,down,26.828
0.2339999999999982,0.003674732283061,-0.0010354609283779,0.001014812413186128,0.9194325975329889,down,up,up,down,26.843
0.25,0.0024821377354627,-0.0745371592248883,0.0010932456602246177,0.9822896742577427,down,up,up,down,26.859
0.26599999999999824,0.0015534996077536999,-0.0580398829818149,0.0011547090458581266,1.045145631809433,down,up,up,down,26.875
0.2809999999999988,0.0017603832476886002,0.0137922426623281,0.0012069178112321666,1.1040722394730125,down,up,up,down,26.89
0.29699999999999704,0.0019632103456643,0.0126766936234826,0.0012658848468678485,1.1669263982410882,down,up,up,down,26.906
0.3119999999999976,0.0020470611791037,0.0055900555626207,0.0013233165272619196,1.225851299095794,down,up,up,down,26.921
0.3279999999999994,0.0017106413413774002,-0.0210262398578885,0.001382556434314175,1.2887035933014488,down,up,up,down,26.937
0.34399999999999764,0.0011374059284179003,-0.035827213309973,0.001434519099361875,1.3515549978865096,down,up,up,down,26.953
0.3589999999999982,0.0012568326807169,0.0079617834866019,0.0014798305328884709,1.4104774601292718,down,up,up,down,26.968
0.375,0.001391021571699,0.0083868056863769,0.001530191653797086,1.4733273211411273,down,up,up,down,26.984
0.4059999999999988,0.0017398472171503002,0.0112524401758506,0.0016352530508707552,1.5950965178025456,down,up,up,down,27.015
0.42199999999999704,0.0014780374313705,-0.0163631116112412,0.001690174414947787,1.6579438555721566,down,up,up,down,27.031
0.4369999999999976,0.00123532411666,-0.016180887647365,0.0017378792705162738,1.7168624650345237,down,up,up,down,27.046
0.4529999999999994,0.0009574779083294999,-0.1370501265618286,0.0017692803270725754,1.7797083489470964,down,up,up,down,27.062
0.46899999999999764,0.00040553363245980005,0.0344965172418592,0.0017875545216341493,1.842553835457636,down,up,up,down,27.078
0.4839999999999982,0.0001778684709936001,0.03889347356356,0.0018132016768812598,1.901471149651158,down,up,up,down,27.093
0.5,0.00041820866226769987,0.0150212619546269,0.0018471485808362331,1.9643158080384495,down,up,up,down,27.109
0.5159999999999982,0.0014119690253301999,0.0621100226914152,0.0018909682892260804,2.027159844292825,down,up,up,down,27.125
0.546999999999997,0.0023534621894114004,0.0303707472284272,0.0020058654039010193,2.1489177044249317,down,up,up,down,27.156
0.5619999999999976,0.0025925525010262003,0.0159393541076481,0.002070315158037239,2.2078314529357215,down,up,up,down,27.171
0.5779999999999994,0.0030743685711787,0.030113504384529,0.002144828813503974,2.270671672973293,down,up,up,down,27.187
0.5939999999999976,0.0035428499577214003,0.0292800866589259,0.0022269448486240684,2.3335106399733263,down,up,up,down,27.203
0.6089999999999982,0.0034132562272724005,-0.0086395820299379,0.0023064702889699085,2.3924209592248076,down,up,up,down,27.218
0.6409999999999982,0.003307545044354,-0.0033034744661986,0.002472359683093117,2.5180923803239352,down,up,up,down,27.25
0.671999999999997,0.0031846149339323,-0.0039654874329597,0.002629521093604037,2.6398315622262345,down,up,up,down,27.281
0.6869999999999976,0.0021261403975394,-0.070564969092854,0.0026967064025482657,2.6987359353850167,down,up,up,down,27.296
0.7029999999999994,0.0011071996482865,-0.0636837968282994,0.00275175140980366,2.7615662889118653,down,up,up,down,27.312
0.7189999999999976,2.3923537595399967e-05,-0.067704756918204,0.0027899786821796724,2.8243958962604694,down,up,up,down,27.328
0.7339999999999982,0.001524453740359,-0.1032251518636171,0.0028060793496171854,2.8832982456902414,down,up,up,down,27.343
0.75,0.0030040811932109997,-0.0924767158032476,0.0027990293570372415,2.9461273460099306,down,up,up,down,27.359
0.7659999999999982,0.0045541263769361,-0.0968778239828323,0.0027677419833649353,3.008956753028542,down,up,up,down,27.375
0.7809999999999988,0.0045099066338191995,0.0029479828744644,0.0027271163797419895,3.0678598614558297,down,up,up,down,27.39
0.796999999999997,0.0044159143525348,0.0058745175802738,0.0026848880987402346,3.1306905066093407,down,up,up,down,27.406
0.8119999999999976,0.0022960553541189,0.1413239332277236,0.002661902969898211,3.1895947255413404,down,up,up,down,27.421
0.8279999999999994,0.0011043186611328,0.0744835433116236,0.002663878264665076,3.252426060480815,down,up,up,down,27.437
0.8439999999999976,0.0002513007661556,0.0533136184360852,0.0026822115961362414,3.315257232951268,down,up,up,down,27.453
0.8589999999999982,0.0005899706328484999,0.0560847599335997,0.0027121062640942384,3.374161095432328,down,up,up,down,27.468
0.8909999999999982,0.001949267167646,0.0424780167124216,0.0028110906426794813,3.4998206066605064,down,up,up,down,27.5
0.9059999999999988,0.0043473196923962,0.1598701683166757,0.0028856696880881216,3.5587222008230412,down,up,up,down,27.515
0.921999999999997,0.0066840825139298,0.1460476763458668,0.003003099192626646,3.621549031861335,down,up,up,down,27.531
0.9369999999999976,0.007410791048789201,0.0484472356572951,0.003136165388306189,3.680447307241991,down,up,up,down,27.546
0.9529999999999994,0.006565960856226701,-0.0528018870351528,0.0032771576904351285,3.7432699418467053,down,up,up,down,27.562
0.9689999999999976,0.0057176091534234,-0.0530219814252111,0.0034046045374012124,3.8060904289382194,down,up,up,down,27.578
0.9839999999999982,0.0063268230226096,0.0406142579457464,0.0035222924226805397,3.864982797076024,down,up,up,down,27.593
1.0,0.0061035689487916,-0.0139533796136277,0.003650913845339776,3.9277993526152244,down,up,up,down,27.609
1.0159999999999982,0.0052095012406479,-0.0558792317589879,0.0037705966937440216,3.9906139217202394,down,up,up,down,27.625
1.0309999999999988,0.0041640001674725004,-0.0697000715450212,0.0038682525982629556,4.04950095021556,down,up,up,down,27.64
1.0619999999999976,0.0031781073468302003,-0.0318029942142696,0.0040385881955811165,4.171196655237594,down,up,up,down,27.671
1.0779999999999994,0.0022435705077832003,-0.0584085524404299,0.004111139905306871,4.234005398602136,down,up,up,down,27.687
1.0939999999999976,0.0022681713502983,0.0015375526571938,0.004176412127061102,4.296813039375209,down,up,up,down,27.703
1.1089999999999982,0.0016154874736820002,-0.0435122584410865,0.0042328942121980795,4.355694289442681,down,up,up,down,27.718
1.125,0.0009829971440833,-0.0395306455999122,0.004282860376029429,4.418500104595324,down,up,up,down,27.734
1.1409999999999982,0.0016248375515033,0.0401150254637538,0.00433290134048292,4.48130511969093,down,up,up,down,27.75
1.171999999999997,0.0007105204579182999,-0.0294940997930665,0.004425632320475881,4.602987623473524,down,up,up,down,27.781
1.1869999999999976,0.00020632504527109984,-0.0611230335459562,0.004456768430029179,4.661865325332911,down,up,up,down,27.796
1.2029999999999994,0.00017760589867599989,0.0017949466621922,0.004482875269366193,4.724667749372671,down,up,up,down,27.812
1.2189999999999976,0.0006095043251158,-0.0269936516524878,0.0045057566744639566,4.787469781506459,down,up,up,down,27.828
1.2339999999999982,0.0010155421188731,-0.0270691862504898,0.004520923470092253,4.846346401270381,down,up,up,down,27.843
1.25,0.0006445798302774999,0.0231851430372272,0.004536820781387618,4.909147880505714,down,up,up,down,27.859
1.2659999999999982,0.0004341269761294999,0.0131533033842515,0.004557369413825008,4.971949068173487,down,up,up,down,27.875
1.2809999999999988,0.00023995295455850004,0.0129449347713967,0.004579668458303043,5.030824860254455,down,up,up,down,27.89
1.296999999999997,0.0012633973154621,0.0939593918762963,0.0046170343000788705,5.093625227821718,down,up,up,down,27.906
1.3279999999999994,0.0025538093090240006,0.0416261933407047,0.004732733933605182,5.2152985674684516,down,up,up,down,27.937
1.3439999999999976,0.0037988148741359,0.0778128478195002,0.004812733213959142,5.27809614492061,down,up,up,down,27.953
1.3589999999999982,0.0059359914638701,0.1424784393156095,0.00491309890545244,5.336967521044727,down,up,up,down,27.968
1.375,0.0068077102436632,0.0544824237370617,0.005044226806001362,5.39976180362838,down,up,up,down,27.984
1.3909999999999982,0.007672125186001401,0.0540259338961461,0.005189243776327235,5.462553877053054,down,up,up,down,28.0
1.4059999999999988,0.0089220620885442,0.0833291268361778,0.005341054824845148,5.521419219678549,down,up,up,down,28.015
1.421999999999997,0.010120213235047899,0.0748844466564951,0.0055225713143221,5.584206251858774,down,up,up,down,28.031
1.4369999999999976,0.0111986528266889,0.0718959727760639,0.005709817453743771,5.643066328808018,down,up,up,down,28.046
1.4529999999999994,0.0132963740332599,0.131107575410668,0.005934955955511523,5.705847111810087,down,up,up,down,28.062
1.4839999999999982,0.0139843603798741,0.0221931079552997,0.006414340269762064,5.827473958772941,down,up,up,down,28.093
1.5,0.0164723768751944,0.1555010309574992,0.0066871724546908595,5.890243087860497,down,up,up,down,28.109
1.5159999999999982,0.020451048767943902,0.2486669932968695,0.007011738146724955,5.953007437765024,down,up,up,down,28.125
1.5309999999999988,0.0247209687523408,0.2846613322931201,0.007377882922085188,6.011843835472021,down,up,up,down,28.14
1.546999999999997,0.0288744049582927,0.2595897628720209,0.007835824198659136,6.074596067004393,down,up,up,down,28.156
1.5619999999999976,0.0318807995431669,0.2004263056582705,0.008318842876378074,6.133419226866337,down,up,up,down,28.171
1.5939999999999976,0.0357442030740458,0.120731360339965,0.009459199492031445,6.258882660567124,down,up,up,down,28.203
1.6089999999999982,0.0390749041815201,0.2220467404982818,0.010047697440406012,6.317680678705145,down,up,up,down,28.218
1.625,0.042667009811181,0.2245066018537771,0.010730811039237231,6.380388391826656,down,up,up,down,28.234
1.6409999999999982,0.0460165198932305,0.2093443801281189,0.01146945756376061,6.44308473086717,down,up,up,down,28.25
1.6559999999999988,0.0493205050522949,0.2202656772709504,0.012211839894809895,6.501851441001236,down,up,up,down,28.265
1.671999999999997,0.0531739362826986,0.2408394519002586,0.01306097371237902,6.564523199681716,down,up,up,down,28.281
1.6869999999999976,0.0576467139707812,0.2981851792054973,0.013919483233237884,6.623265166119637,down,up,up,down,28.296
1.7029999999999994,0.06205848117203241,0.2757354500781652,0.014906303081270167,6.685908501018474,down,up,up,down,28.312
1.7189999999999976,0.06641725148007539,0.2724231442527169,0.015963287229375123,6.74853548548532,down,up,up,down,28.328
1.75,0.0717075277793864,0.1706540741713097,0.01816075423874386,6.86982482389692,down,up,up,down,28.359
1.7659999999999982,0.07686599510841319,0.3224042080642109,0.019378520708734914,6.93239845088668,down,up,up,down,28.375
1.7809999999999988,0.0830919783009669,0.4150655461702336,0.020605560153263536,6.9910428901452235,down,up,up,down,28.39
1.796999999999997,0.08930773777613149,0.3884849671978314,0.02201393616876901,7.0535758753639755,down,up,up,down,28.406
1.8119999999999976,0.0952788725340774,0.398075650529709,0.023425690390054044,7.112179398029795,down,up,up,down,28.421
1.8279999999999994,0.10115178296009289,0.3670569016259317,0.02502631392089638,7.17466572318466,down,up,up,down,28.437
1.8439999999999976,0.1066079830432951,0.3410125052001709,0.026717570335812013,7.237125713299946,down,up,up,down,28.453
1.8589999999999982,0.11328042227741439,0.4448292822746038,0.02839408801967469,7.295656695727288,down,up,up,down,28.468
1.8909999999999982,0.1198451980487576,0.2051492428544741,0.03218245451867263,7.420435353425361,down,up,up,down,28.5
1.9059999999999988,0.12699575703080332,0.4767039321363653,0.034061116325726726,7.478882846509038,down,up,up,down,28.515
1.921999999999997,0.1340501988200131,0.4409026118256595,0.036178662259421124,7.541194869469692,down,up,up,down,28.531
1.9369999999999976,0.1403981839597374,0.4231990093149402,0.03826437977422792,7.599580866519446,down,up,up,down,28.546
1.9529999999999994,0.1483921543129405,0.499623147075134,0.04060388076729815,7.661823861624455,down,up,up,down,28.562
1.9689999999999976,0.1563380436522195,0.4966180837049908,0.04307090063790797,7.724028404562546,down,up,up,down,28.578
1.9839999999999982,0.1640937233452106,0.517045312866059,0.04550149353434696,7.7823084314712645,down,up,up,down,28.593
2.0,0.17131581462508372,0.4513807049920154,0.04821394812499813,7.8444326491273415,down,up,up,down,28.609
2.0159999999999982,0.17780640550630442,0.40566193007634,0.051036104172938135,7.906512589898298,down,up,up,down,28.625
2.030999999999999,0.1841746256781587,0.4245480114569328,0.053778316550780136,7.96467080160788,down,up,up,down,28.64
2.046999999999997,0.1920118768405867,0.4898281976518077,0.05681698685781811,8.026659980369942,down,up,up,down,28.656
2.0619999999999976,0.1996654259053052,0.5102366043145466,0.05978192127237092,8.084729808423972,down,up,up,down,28.671
2.0779999999999994,0.2071629965914745,0.4685981678855286,0.06306572693923407,8.146620968427627,down,up,up,down,28.687
2.108999999999998,0.2139802642539372,0.2199118600794507,0.06964998041318493,8.26638213601801,down,up,up,down,28.718
2.125,0.2214682553649769,0.4679994444399292,0.07316274685702506,8.328113575389196,down,up,up,down,28.734
2.1409999999999982,0.22934673198935232,0.4924047890235137,0.07679844504274858,8.389787827043335,down,up,up,down,28.75
2.155999999999999,0.23704690627017652,0.513344952054931,0.08032375197365305,8.447553730430727,down,up,up,down,28.765
2.171999999999997,0.2450652095012398,0.501143951941507,0.08420982718671333,8.509111402986775,down,up,up,down,28.781
2.1869999999999976,0.25289876330799466,0.5222369204503055,0.08797191162674123,8.56676435981069,down,up,up,down,28.796
2.2029999999999994,0.26116667394213167,0.5167444146335053,0.09211361341163116,8.628197616799739,down,up,up,down,28.812
2.2189999999999976,0.27040151299667947,0.5771774409093015,0.09639533719403026,8.68956348638423,down,up,up,down,28.828
2.233999999999998,0.2794719790914666,0.6046977396524519,0.1005467430286493,8.747030740647574,down,up,up,down,28.843
2.25,0.2887226710122412,0.5781682450483513,0.10512147851636833,8.808259336064566,down,up,up,down,28.859
2.2659999999999982,0.29734651765105186,0.5389904149257257,0.10983921031256294,8.869413591743267,down,up,up,down,28.875
2.280999999999999,0.30738578946785106,0.669284787786588,0.11440205725991293,8.926676102101482,down,up,up,down,28.89
2.296999999999997,0.31724566085126676,0.6162419614635496,0.11942828714935416,8.98767940053554,down,up,up,down,28.906
2.3279999999999994,0.3260762835435393,0.2848587965248985,0.12945631021832105,9.105639950330698,down,up,up,down,28.937
2.3439999999999976,0.33509352721754837,0.563577729625626,0.13477484699129816,9.166400042262353,down,up,up,down,28.953
2.358999999999998,0.3438830838177225,0.585970440011585,0.13989452621802112,9.22328434182829,down,up,up,down,28.968
2.375,0.3533913241509143,0.594265020824425,0.14550189976865902,9.283875111609746,down,up,up,down,28.984
2.3909999999999982,0.3630668552176779,0.6047206916727887,0.1512627434904963,9.344374935653008,down,up,up,down,29.0
2.405999999999999,0.3720034545901711,0.5957732914995273,0.15680312545801423,9.401008761500904,down,up,up,down,29.015
2.421999999999997,0.3804036239192516,0.525010583067589,0.1628515603729772,9.461325465203586,down,up,up,down,29.031
2.4369999999999976,0.38912195801359317,0.5812222729560799,0.16865035688143193,9.517783520689193,down,up,up,down,29.046
2.4689999999999976,0.3976625524651194,0.2668935766101941,0.18129726562286885,9.637932241107805,down,up,up,down,29.078
2.483999999999998,0.4065889822363928,0.5950953180848739,0.1873565067770886,9.694111657679812,down,up,up,down,29.093
2.5,0.41345036565172677,0.4288364634583227,0.19394599984708316,9.753935178816164,down,up,up,down,29.109
2.5159999999999982,0.4201922932932334,0.4213704775942093,0.20064431940553096,9.813652397451477,down,up,up,down,29.125
2.530999999999999,0.4274548314878785,0.4841692129763266,0.20702902748534768,9.86953916721481,down,up,up,down,29.14
2.546999999999997,0.43408756328167186,0.4145457371121276,0.213950544930392,9.929045271824819,down,up,up,down,29.156
2.5619999999999976,0.4401060329466482,0.4012313109984063,0.2205343515460627,9.984730954966253,down,up,up,down,29.171
2.5939999999999976,0.44695239348431487,0.2139487668020854,0.23478564294273552,10.103193717433115,down,up,up,down,29.203
2.608999999999998,0.4532164161416077,0.4176015104861679,0.2415642636588884,10.158565412998612,down,up,up,down,29.218
2.625,0.4593883231143874,0.3857441857986877,0.24889427985982593,10.217515685839814,down,up,up,down,29.234
2.6409999999999982,0.46607605003691965,0.4179829326583134,0.25632717313192455,10.27634785540522,down,up,up,down,29.25
2.655999999999999,0.4722464806741833,0.4113620424842267,0.26339194675621647,10.33139428187107,down,up,up,down,29.265
2.6869999999999976,0.4789200257726325,0.2152756483370791,0.27819156053698846,10.444817998562371,down,up,up,down,29.296
2.7029999999999994,0.4855699294004054,0.4156189767357633,0.28593665846526184,10.503178913999704,down,up,up,down,29.312
2.7189999999999976,0.49098382656393186,0.3383685727204417,0.29377826679986496,10.561415135786916,down,up,up,down,29.328
2.733999999999998,0.49635196985033936,0.3578762190938161,0.30121063991692987,10.615897038851543,down,up,up,down,29.343
2.75,0.502237743250598,0.367860837516124,0.30922853590862687,10.673887466634284,down,up,up,down,29.359
2.7659999999999982,0.507446118416917,0.3255234478949734,0.3173351850888553,10.731748898055642,down,up,up,down,29.375
2.780999999999999,0.5125781840613204,0.3421377096268792,0.3250127220014005,10.785875608617474,down,up,up,down,29.39
2.796999999999997,0.5178147833525699,0.3272874557031318,0.3332850440275994,10.84348316767857,down,up,up,down,29.406
2.8119999999999976,0.5231316357093281,0.354456823783864,0.3411194968145219,10.897369453487258,down,up,up,down,29.421
2.8279999999999994,0.5283323475772743,0.3250444917466036,0.34956038696770486,10.954717955606341,down,up,up,down,29.437
2.8439999999999976,0.5332406731375254,0.3067703475157284,0.35808214942031125,11.011930756504569,down,up,up,down,29.453
2.858999999999998,0.537900284727689,0.3106407726775611,0.366143061248259,11.065443387289562,down,up,up,down,29.468
2.8909999999999982,0.5437328905930343,0.18226893329204,0.38350754862716796,11.179196859910235,down,up,up,down,29.5
2.905999999999999,0.5493962289829337,0.3775558926599462,0.3917333716679461,11.232326872873031,down,up,up,down,29.515
2.921999999999997,0.5552732782873857,0.3673155815282896,0.40059990601299633,11.288862147840916,down,up,up,down,29.531
2.9369999999999976,0.5610569879940801,0.3855806471129451,0.40899973765406594,11.341734470378427,down,up,up,down,29.546
2.9689999999999976,0.5665548539798717,0.1718083120559875,0.42709988369942664,11.454104758815447,down,up,up,down,29.578
2.983999999999998,0.5711086524988715,0.3035865679333112,0.4356597146419756,11.50657838169289,down,up,up,down,29.593
3.0,0.5755837603269729,0.2796942392563026,0.44486243223147204,11.562408145707252,down,up,up,down,29.609
3.030999999999999,0.5793876382725873,0.1227057401811154,0.46282102184061147,11.670157313223484,down,up,up,down,29.64
3.046999999999997,0.5826748045849257,0.2054478945211717,0.4721466996703594,11.725551512640735,down,up,up,down,29.656
3.0619999999999976,0.5859123758846874,0.2158380866507687,0.4809384581678402,11.777347693821952,down,up,up,down,29.671
3.0779999999999994,0.5889057039626735,0.1870830048741125,0.49036618109350893,11.832451197897214,down,up,up,down,29.687
3.0939999999999976,0.5922785478630459,0.2108027437732983,0.49984483339500185,11.887403450970638,down,up,up,down,29.703
3.108999999999998,0.5952464681017151,0.1978613492446063,0.5087786256586964,11.938783094892742,down,up,up,down,29.718
3.125,0.5982517529666715,0.1878303040597563,0.5183557897141333,11.993439960759105,down,up,up,down,29.734
3.155999999999999,0.6012161925455661,0.0956270831901515,0.5370040758004193,12.098900143897978,down,up,up,down,29.765
3.171999999999997,0.6048553743969904,0.2274488657140445,0.5466818266228475,12.153104597867923,down,up,up,down,29.781
3.1869999999999976,0.6085494298303615,0.24627036222473,0.5558097172985113,12.203780231153516,down,up,up,down,29.796
3.2029999999999994,0.6113611759984607,0.1757341355061806,0.5655981804320316,12.25768290916102,down,up,up,down,29.812
3.2189999999999976,0.6140889853472942,0.1704880843021082,0.5754309600096854,12.311428617226824,down,up,up,down,29.828
3.25,0.6173092614121689,0.1038798730604675,0.5945741657653056,12.415111798831674,down,up,up,down,29.859
3.2659999999999982,0.6204791594231729,0.1981186256877705,0.6045056514188762,12.468393101483542,down,up,up,down,29.875
3.280999999999999,0.6244010024677582,0.2614562029723445,0.6138696072770169,12.518199606908325,down,up,up,down,29.89
3.3119999999999976,0.6289475683084564,0.1466634142160777,0.6333530430548939,12.620685916882522,down,up,up,down,29.921
3.3279999999999994,0.6315555436870923,0.1629984611647245,0.643466246237749,12.673345303757529,down,up,up,down,29.937
3.3439999999999976,0.6357549347656057,0.2624619424071173,0.6536339083522575,12.72584244371015,down,up,up,down,29.953
3.358999999999998,0.639591416584075,0.25576545456461,0.6632263606313389,12.774910311557775,down,up,up,down,29.968
3.375,0.6433434159296567,0.2344999590988287,0.6735190175783385,12.82709028972144,down,up,up,down,29.984
3.3909999999999982,0.6467378533913344,0.2121523413548776,0.6838688460197941,12.879105128001996,down,up,up,down,30.0
3.405999999999999,0.6496234181139169,0.1923709815054927,0.6936189102000418,12.927718289695349,down,up,up,down,30.015
3.421999999999997,0.6524480179247654,0.1765374881780496,0.7040646599752391,12.979410762323283,down,up,up,down,30.031
3.4529999999999994,0.6547111836812594,0.0730053469836715,0.7243821605309813,13.079088097659792,down,up,up,down,30.062
3.4689999999999976,0.6560435701586158,0.0832741548347873,0.734897376848588,13.130287802550086,down,up,up,down,30.078
3.483999999999998,0.6573466724063,0.0868734831789401,0.7447751583117839,13.178134578401398,down,up,up,down,30.093
3.5,0.6587030635285931,0.0847744451433112,0.7553327344861525,13.22900765644836,down,up,up,down,30.109
3.5159999999999982,0.6619427367292179,0.2024795750390718,0.765927079175102,13.279711519128412,down,up,up,down,30.125
3.530999999999999,0.6639863077615011,0.1362380688188784,0.7758989016527416,13.327092144137211,down,up,up,down,30.14
3.546999999999997,0.665975700591245,0.1243370518590051,0.7865677760064513,13.37746635190527,down,up,up,down,30.156
3.5619999999999976,0.668654187900712,0.1785658206311238,0.7966048548140998,13.424536877039131,down,up,up,down,30.171
3.5779999999999994,0.6712112630507665,0.1598171968783911,0.8073529567086015,13.474579155736294,down,up,up,down,30.187
3.5939999999999976,0.6733149505657288,0.1314804696851557,0.8181383447044213,13.52444916651433,down,up,up,down,30.203
3.608999999999998,0.6757429720192558,0.1618680969017973,0.828283633767767,13.571045321540794,down,up,up,down,30.218
3.625,0.6780846577224491,0.1463553564495626,0.8391434330925907,13.620579846195255,down,up,up,down,30.234
3.6409999999999982,0.6804856114642472,0.1500596088624016,0.8500411735329716,13.669940310531587,down,up,up,down,30.25
3.671999999999997,0.6817568512081245,0.0410077336734601,0.8712124646352395,13.76507914019433,down,up,up,down,30.281
3.6869999999999976,0.6834653113787699,0.1138973447096896,0.8814789854985996,13.810878274183338,down,up,up,down,30.296
3.7029999999999994,0.6851266871849582,0.1038359878867573,0.8924568997739994,13.859560728290504,down,up,up,down,30.312
3.7189999999999976,0.6864457864225262,0.0824437023480097,0.9034586578497463,13.90806734501885,down,up,up,down,30.328
3.733999999999998,0.6878708241308367,0.0950025138873619,0.9137933870728556,13.95338227454694,down,up,up,down,30.343
3.75,0.6892853156741445,0.0884057214567314,0.9248398144781853,14.001547150123884,down,up,up,down,30.359
3.7659999999999982,0.6902569110850614,0.0607247131823096,0.9359053305791463,14.049535130152762,down,up,up,down,30.375
3.780999999999999,0.6917546873153011,0.0998517486826443,0.9462977722111079,14.09436292674684,down,up,up,down,30.39
3.796999999999997,0.6932356295352733,0.0925588887482722,0.9574068730328,14.142007230774226,down,up,up,down,30.406
3.8119999999999976,0.6948707345021408,0.1090069977911607,0.9678450254070392,14.186512161400941,down,up,up,down,30.421
3.8279999999999994,0.697197987406545,0.1454533065252509,0.9790107534691983,14.233811256359274,down,up,up,down,30.437
3.858999999999998,0.6990045568848995,0.0582764347856295,1.000708425836562,14.324943870134376,down,up,up,down,30.468
3.875,0.7015309182831331,0.1578975873895816,1.011941887924797,14.371716608813628,down,up,up,down,30.484
3.8909999999999982,0.7043477653965269,0.1760529445871322,1.0232180956811212,14.418309270134117,down,up,up,down,30.5
3.905999999999999,0.7071262082135146,0.1852295211325057,1.033831505127155,14.461825717993065,down,up,up,down,30.515
3.921999999999997,0.7082666685131276,0.071278768725821,1.0451838264278557,14.508067536529964,down,up,up,down,30.531
3.9369999999999976,0.7104373924710732,0.144714930529701,1.0558514615291958,14.551254091735302,down,up,up,down,30.546
3.9529999999999994,0.7125424894627024,0.13156856197681,1.067264478871556,14.597143105401443,down,up,up,down,30.562
3.9689999999999976,0.7148800453437758,0.1460972425671053,1.0787130374368954,14.642849226460314,down,up,up,down,30.578
3.983999999999998,0.7175857894823672,0.1803829425727512,1.08948388584205,14.685532069400736,down,up,up,down,30.593
4.015999999999998,0.7188212448590114,0.0386079805201333,1.1125247549652895,14.776047813526503,down,up,up,down,30.625
4.030999999999999,0.719806272069679,0.0656684807111648,1.1233418159862132,14.818223134109374,down,up,up,down,30.64
4.046999999999997,0.7206306891894396,0.0515260699850474,1.1348944899631737,14.86303118485111,down,up,up,down,30.656
4.077999999999999,0.7204800727844649,-0.0048585937088613,1.1572882397046178,14.949320613595617,down,up,up,down,30.687
4.093999999999998,0.7223919428578274,0.1194918795851672,1.1688603941166438,14.993585365714381,down,up,up,down,30.703
4.108999999999998,0.7242654816687484,0.1249025873947289,1.1797376794445515,15.034915200027683,down,up,up,down,30.718
4.125,0.7259717671001376,0.1066428394618115,1.191368755721593,15.078820289735702,down,up,up,down,30.734
4.140999999999998,0.726638212664092,0.0416528477471579,1.2030188138465943,15.122539130368494,down,up,up,down,30.75
4.171999999999997,0.7255939393150879,-0.033686237064651,1.225584945133117,15.206714033158647,down,up,up,down,30.781
4.186999999999998,0.7261933261139859,0.0399591199265343,1.2365007042677938,15.247192710653152,down,up,up,down,30.796
4.202999999999999,0.7272414888861416,0.0655101732597234,1.2481573610746848,15.290189387319757,down,up,up,down,30.812
4.218999999999998,0.7282954879023897,0.0658749385155161,1.2598308351758805,15.332999422939082,down,up,up,down,30.828
4.233999999999998,0.7302459832330381,0.1300330220432213,1.270797250853355,15.372964032158876,down,up,up,down,30.843
4.25,0.7321221194365073,0.1172585127168092,1.2825253739616014,15.415411392349696,down,up,up,down,30.859
4.265999999999998,0.7339567289563718,0.1146630949915421,1.294283183035632,15.45767086508306,down,up,up,down,30.875
4.280999999999999,0.7356358229028341,0.1119395964308206,1.3053324818185343,15.497118067461656,down,up,up,down,30.89
4.296999999999997,0.7372474090546426,0.1007241344880394,1.3171447259610822,15.539012190988757,down,up,up,down,30.906
4.311999999999998,0.7381101331370736,0.057514938828734,1.3282372621714789,15.578116145942772,down,up,up,down,30.921
4.343999999999998,0.7389742182569883,0.0270026599973327,1.3519289683675613,15.660981368632832,down,up,up,down,30.953
4.358999999999998,0.7400033395349084,0.0686080851946705,1.3630486546949592,15.699563356324873,down,up,up,down,30.968
4.375,0.7401087060514868,0.0065854072861519,1.374918729346541,15.740533558441882,down,up,up,down,30.984
4.390999999999998,0.7401954746645867,0.005423038318742,1.3867903410791564,15.78131382706782,down,up,up,down,31.0
4.405999999999999,0.7414219065450869,0.0817621253666769,1.3979298260821875,15.819372745679118,down,up,up,down,31.015
4.421999999999997,0.7426721523429958,0.0781403623693141,1.4098317568401795,15.859784594205081,down,up,up,down,31.031
4.436999999999998,0.7438926330839664,0.0813653827313693,1.4210083473748405,15.897497613288479,down,up,up,down,31.046
4.452999999999999,0.744704776813645,0.0507589831049092,1.4329463049409115,15.9375399172593,down,up,up,down,31.062
4.468999999999998,0.7453094111978515,0.0377896490129134,1.4448955967318908,15.97739112323525,down,up,up,down,31.078
4.5,0.7459040580194909,0.0191821555367515,1.468065938435609,16.054058480494504,down,up,up,down,31.109
4.515999999999998,0.7466590501224104,0.0471870064324749,1.4800356215876311,16.09334760920366,down,up,up,down,31.125
4.530999999999999,0.7475960879238794,0.0624691867645997,1.491269889766937,16.130007137733514,down,up,up,down,31.14
4.546999999999997,0.7485344188001015,0.0586456797638865,1.5032681121076163,16.16892477490785,down,up,up,down,31.156
4.561999999999998,0.749521427029908,0.0658005486537617,1.5145308855953,16.205235602290088,down,up,up,down,31.171
4.577999999999999,0.7493547360707957,-0.010418184944515,1.5265510731869956,16.24378088780918,down,up,up,down,31.187
4.593999999999998,0.7491536697497416,-0.0125666450658826,1.5385683187204475,16.28213387386326,down,up,up,down,31.203
4.608999999999998,0.7497663459332298,0.0408450788992083,1.5498375734820287,16.317915149536745,down,up,up,down,31.218
4.625,0.7487469364933563,-0.063713089992083,1.5618548580283313,16.355895551274003,down,up,up,down,31.234
4.640999999999998,0.7484924163466324,-0.0159075091702449,1.5738619511379386,16.393683757990004,down,up,up,down,31.25
4.655999999999999,0.7482208467748688,-0.0181046381175768,1.585114655255309,16.42893575330706,down,up,up,down,31.265
4.671999999999997,0.7496287238850581,0.0879923193868411,1.5971266301074754,16.4663517642135,down,up,up,down,31.281
4.686999999999998,0.7491498825647209,-0.0319227546891423,1.6083948242998072,16.50125467317045,down,up,up,down,31.296
4.718999999999998,0.7486733089689892,-0.0148929248666162,1.632418351938124,16.575149544729328,down,up,up,down,31.328
4.733999999999998,0.7494309994620281,0.0505126995359224,1.6436814888953153,16.60952311578808,down,up,up,down,31.343
4.75,0.7501891759631718,0.0473860313214782,1.6557076285856072,16.64600194403758,down,up,up,down,31.359
4.765999999999998,0.7505575124545665,0.0230210307121695,1.6677427803798364,16.682288281955195,down,up,up,down,31.375
4.780999999999999,0.7514341342022561,0.0584414498459747,1.679035072373721,16.71613176792455,down,up,up,down,31.39
4.796999999999997,0.7531114524860953,0.1048323927399623,1.6911006153541153,16.752044623612065,down,up,up,down,31.406
4.811999999999998,0.7547698587746101,0.1105604192343137,1.7024370798325292,16.78553741076317,down,up,up,down,31.421
4.827999999999999,0.7565245258804811,0.1096666941169265,1.71455661319666,16.821075402408283,down,up,up,down,31.437
4.843999999999998,0.7577207521617044,0.0747641425764638,1.726699753707885,16.85641929266238,down,up,up,down,31.453
4.858999999999998,0.7589125449699807,0.0794528538850839,1.7381018580803311,16.889377600438976,down,up,up,down,31.468
4.875,0.7596075139577145,0.0434355617333577,1.7502791968386426,16.92434449318897,down,up,up,down,31.484
4.890999999999998,0.759681239758697,0.0046078625614015,1.7624626851552612,16.95911649932235,down,up,up,down,31.5
4.905999999999999,0.7597406322433802,0.0039594989788818,1.7738857038392353,16.991538206269894,down,up,up,down,31.515
4.921999999999997,0.7599744179632211,0.0146116074900575,1.7860726025277756,17.025932481008297,down,up,up,down,31.531
4.952999999999999,0.7605688286175933,0.0191745372378136,1.8096975557806263,17.092016304608876,down,up,up,down,31.562
4.968999999999998,0.7618638527862771,0.0809390105427443,1.821906195518745,17.125837415787814,down,up,up,down,31.578
4.983999999999998,0.7630979934043065,0.0822760412019568,1.8333707640091332,17.157367158456367,down,up,up,down,31.593
5.0,0.7641428447001832,0.065303205992288,1.8456178690008591,17.190809190581632,down,up,up,down,31.609
5.015999999999998,0.7652148432189776,0.0669999074246548,1.8578819087910996,17.224055133548617,down,up,up,down,31.625
5.030999999999999,0.7662658221589727,0.0700652626663348,1.8693953684253928,17.25504487383452,down,up,up,down,31.64
5.046999999999997,0.7662030219239124,-0.0039250146912643,1.8816842974649433,17.287910177696745,down,up,up,down,31.656
5.061999999999998,0.7663329938386401,0.0086647943151752,1.893205672227121,17.31854282278904,down,up,up,down,31.671
5.077999999999999,0.7664592875863825,0.0078933592339005,1.9054971887654113,17.35102714109044,down,up,up,down,31.687
5.093999999999998,0.7657612977709807,-0.043624363462618,1.9177841317351576,17.38331483171578,down,up,up,down,31.703
5.125,0.7665871205482233,0.0266394444271797,1.9415920651499492,17.445312761718426,down,up,up,down,31.734
5.140999999999998,0.7673890803740004,0.0501224891110762,1.953893053044214,17.47702282196218,down,up,up,down,31.75
5.155999999999999,0.7671247690563732,-0.0176207545084843,1.9654292615589013,17.50657222446766,down,up,up,down,31.765
5.171999999999997,0.7667774921990915,-0.021704803580105,1.9777296579358317,17.53790089430106,down,up,up,down,31.781
5.186999999999998,0.7664173786262101,-0.0240075715254297,1.9892559741109805,17.567092821925698,down,up,up,down,31.796
5.202999999999999,0.7659191254186677,-0.031140825471395,2.0015438444302296,17.598040364566728,down,up,up,down,31.812
5.218999999999998,0.7663383686250356,0.0262027003979954,2.0138310826694665,17.628791306339266,down,up,up,down,31.828
5.233999999999998,0.7663968752008454,0.0039004383873237,2.0253539516421193,17.65744173844695,down,up,up,down,31.843
5.25,0.7664596854915295,0.0039256431677565,2.0376459824145488,17.68781168016382,down,up,up,down,31.859
5.265999999999998,0.7669887566791598,0.0330669492268934,2.0499427482388017,17.717984911507926,down,up,up,down,31.875
5.296999999999997,0.7679382525301772,0.0306288984199187,2.073790649812392,17.775885304892483,down,up,up,down,31.906
5.311999999999998,0.7689481083865015,0.0673237237549503,2.0853446521632257,17.80363610999268,down,up,up,down,31.921
5.327999999999999,0.7708707450833678,0.1201647935541315,2.0976923812778754,17.833045754914508,down,up,up,down,31.937
5.343999999999998,0.7727756716955021,0.1190579132584044,2.1100707308989937,17.86225759120643,down,up,up,down,31.953
5.358999999999998,0.7738408287978569,0.0710104734903156,2.1216977092966527,17.889463647769944,down,up,up,down,31.968
5.375,0.775840169932966,0.1249588209443068,2.1341243355733894,17.91829101260035,down,up,up,down,31.984
5.390999999999998,0.7758811667579781,0.0025623015632583,2.1465672845538037,17.946919420828664,down,up,up,down,32.0
5.405999999999999,0.7759308805894545,0.0033142554317558,2.1582332295528683,17.973577736837868,down,up,up,down,32.015
5.421999999999997,0.7751674452521122,-0.0477147085838955,2.1706711944464887,18.00182044263518,down,up,up,down,32.031
5.436999999999998,0.7758337182219996,0.0444181979924927,2.182331057816503,18.02811724560823,down,up,up,down,32.046
5.452999999999996,0.7764774992352539,0.0402363133283944,2.1947787258430482,18.055974308528306,down,up,up,down,32.062
5.469000000000001,0.7753505570706185,-0.0704338852896877,2.207222528580388,18.08363223968226,down,up,up,down,32.078
5.484000000000002,0.7761812234634338,0.0553777595210152,2.2188863715783524,18.109380742796077,down,up,up,down,32.093
5.5,0.7770043945966254,0.0514481958244829,2.23134103480972,18.1366528647343,down,up,up,down,32.109
5.530999999999999,0.7770098416470415,0.0001757113037436,2.2554847884023435,18.18892532552887,down,up,up,down,32.14
5.546999999999997,0.7771847950942323,0.0109345904494307,2.267947523783161,18.21561180822073,down,up,up,down,32.156
5.561999999999998,0.7773095391063531,0.0083162674747206,2.279633585933624,18.240449269762863,down,up,up,down,32.171
5.577999999999996,0.7774700805837504,0.0100338423373325,2.292101001178032,18.26674933425531,down,up,up,down,32.187
5.594000000000001,0.7777761915669785,0.0191319364517486,2.304572149642131,18.292849890238102,down,up,up,down,32.203
5.609000000000002,0.7782410385532099,0.0309897990820917,2.3162696335119906,18.31713789672945,down,up,up,down,32.218
5.625,0.7795197976466106,0.0799224433375521,2.3287608984884764,18.342851593662786,down,up,up,down,32.234
5.640999999999998,0.7805154151929425,0.0622260966457523,2.3412703584780807,18.368365284796383,down,up,up,down,32.25
5.671999999999997,0.7814970500946234,0.0316656419897078,2.3655380846208836,18.417228014982697,down,up,up,down,32.281
5.686999999999998,0.7833004933772667,0.1202295521762126,2.3773014208408814,18.44060103855675,down,up,up,down,32.296
5.702999999999996,0.7834084159161794,0.0067451586820429,2.3898642704021165,18.465337654216142,down,up,up,down,32.312
5.719000000000001,0.7835274675435819,0.0074407267126572,2.4024289357566877,18.48987324975623,down,up,up,down,32.328
5.75,0.7834399471717095,-0.0028232378023365,2.4267734636156204,18.536838873620297,down,up,up,down,32.359
5.765999999999998,0.7838458049024233,0.0253661081696138,2.439340927919101,18.56078389967736,down,up,up,down,32.375
5.780999999999999,0.7842325611087926,0.0257837470912856,2.451128870308144,18.583049696055667,down,up,up,down,32.39
5.796999999999997,0.7845979879547187,0.0228391778703843,2.4637086929875394,18.60660493673862,down,up,up,down,32.406
5.827999999999996,0.7849386955505722,0.0109905676081769,2.488093044512717,18.65167027086173,down,up,up,down,32.437
5.844000000000001,0.7849476090725531,0.0005570951238096,2.5006813132365955,18.674634017189078,down,up,up,down,32.453
5.875,0.7844002678890014,-0.0176561672113461,2.5250627382603454,18.71855324544522,down,up,up,down,32.484
5.890999999999998,0.7838666240234229,-0.0333527415986615,2.5376380516825323,18.74092558031502,down,up,up,down,32.5
5.905999999999999,0.7835591630103007,-0.0204974008748111,2.549421099729244,18.761716956544447,down,up,up,down,32.515
5.921999999999997,0.78340365797178,-0.009719064907544,2.561985980583988,18.78369964109126,down,up,up,down,32.531
5.936999999999998,0.7832318592867917,-0.0114532456658855,2.573763101607386,18.804125842839866,down,up,up,down,32.546
5.952999999999996,0.78281981845568,-0.0257525519444829,2.586320693316213,18.825719113669805,down,up,up,down,32.562
5.969000000000001,0.7828176297189735,-0.0001367960441589,2.5988749711885037,18.84711148954311,down,up,up,down,32.578
5.984000000000002,0.7827960906358324,-0.0014359388760709,2.610644428735123,18.86698441390871,down,up,up,down,32.593
6.0,0.7823093859277392,-0.0304190442558283,2.623194450834519,18.887987644061482,down,up,up,down,32.609
6.015999999999998,0.7808384486006297,-0.091933582944358,2.6357288117976334,18.908790199149763,down,up,up,down,32.625
6.030999999999999,0.7803255460137173,-0.0341935057941579,2.6474648964011998,18.92811056620326,down,up,up,down,32.64
6.061999999999998,0.7798482265113513,-0.0153974033021282,2.6717041228061844,18.96748170745991,down,up,up,down,32.671
6.077999999999996,0.7792426014000498,-0.0378515694563527,2.684206027716363,18.98750836744506,down,up,up,down,32.687
6.094000000000001,0.7801516282635479,0.0568141789686148,2.696710359840565,19.007334977533986,down,up,up,down,32.703
6.109000000000002,0.7790370686077548,-0.0743039770528706,2.7084316297110584,19.025740732477345,down,up,up,down,32.718
6.125,0.7789247338429224,-0.0070209228020264,2.7209245024175512,19.04517982460966,down,up,up,down,32.734
6.140999999999998,0.7788209878204082,-0.0064841264071365,2.733415646477745,19.064419044607817,down,up,up,down,32.75
6.155999999999999,0.7786002924988065,-0.0147130214401153,2.745123660724098,19.082274319668826,down,up,up,down,32.765
6.171999999999997,0.7780599684957163,-0.0337702501931362,2.7576061210989415,19.101126422603585,down,up,up,down,32.781
6.186999999999998,0.7781226787141602,0.0041806812295891,2.769304845596974,19.118618910218387,down,up,up,down,32.796
6.202999999999996,0.7782151438935596,0.0057790737124647,2.781784726464723,19.137084134831227,down,up,up,down,32.812
6.219000000000001,0.7788536344044257,0.0399056569291156,2.794270454978,19.15534963456902,down,up,up,down,32.828
6.234000000000002,0.7783978580676028,-0.0303850891215269,2.8059771958154993,19.17229209705306,down,up,up,down,32.843
6.25,0.7779560922564208,-0.0276103631988741,2.8184572057049784,19.190170563030264,down,up,up,down,32.859
6.280999999999999,0.7759907017153616,-0.0633996948728819,2.8425999139423874,19.22424243873006,down,up,up,down,32.89
6.296999999999997,0.7746663059982346,-0.0827747323204433,2.8550343482909835,19.24153530582153,down,up,up,down,32.906
6.311999999999998,0.7733268833461082,-0.0892948434750891,2.8666716518550244,19.257566830685448,down,up,up,down,32.921
6.327999999999996,0.7710503392268855,-0.1422840074514365,2.879055847922496,19.274474951876584,down,up,up,down,32.937
6.344000000000001,0.7690303391565934,-0.1262500043932158,2.8914056716364565,19.291185200909425,down,up,up,down,32.953
6.359000000000002,0.7670427750203501,-0.132504275749544,2.9029535746367428,19.306671826427404,down,up,up,down,32.968
6.375,0.7644050597976886,-0.1648572014163644,2.9152343356021744,19.323000264334823,down,up,up,down,32.984
6.390999999999998,0.7625481495027628,-0.1160568934328715,2.9274791395634647,19.339132497722858,down,up,up,down,33.0
6.421999999999997,0.760744618991799,-0.0581784035794804,2.9511467104059768,19.36983205810266,down,up,up,down,33.031
6.436999999999998,0.7587545640137705,-0.1326703318685623,2.9625703089224773,19.384423500322697,down,up,up,down,33.046
6.452999999999996,0.7556777124768246,-0.1923032210591414,2.9747149454212893,19.399799159477297,down,up,up,down,33.062
6.469000000000001,0.7526758845073189,-0.1876142480940408,2.9868109524840554,19.414980893483403,down,up,up,down,33.078
6.484000000000002,0.7502574336077092,-0.1612300599739726,2.9981103070138766,19.42903830390219,down,up,up,down,33.093
6.5,0.7473743505642165,-0.1801926902183147,3.0101205395741397,19.443846398318826,down,up,up,down,33.109
6.515999999999998,0.7441275207553044,-0.2029268630570292,3.022081732831583,19.4584627213289,down,up,up,down,33.125
6.530999999999999,0.7409368632091358,-0.212710503077902,3.033247070355275,19.471992075170007,down,up,up,down,33.14
6.546999999999997,0.7366676518052682,-0.2668257127417544,3.045097084762278,19.486239263118406,down,up,up,down,33.156
6.561999999999998,0.7319327117082111,-0.3156626731371284,3.0561389421325877,19.4994243127817,down,up,up,down,33.171
6.577999999999996,0.7272995361440753,-0.2895734727585183,3.0678419784022934,19.513306406606745,down,up,up,down,33.187
6.594000000000001,0.7219494021351718,-0.3343833755563568,3.07946514819542,19.527001890783325,down,up,up,down,33.203
6.625,0.7179158820665172,-0.1301135506017643,3.101839593031392,19.553009928348658,down,up,up,down,33.234
6.640999999999998,0.711808628536474,-0.3817033456277461,3.1133065674031037,19.566162700254523,down,up,up,down,33.25
6.655999999999999,0.7066947624927131,-0.3409244029173771,3.1239726974797812,19.578327425632907,down,up,up,down,33.265
6.671999999999997,0.7021982162931231,-0.2810341374744095,3.1352730195969554,19.59112740108563,down,up,up,down,33.281
6.686999999999998,0.6977687278871816,-0.2952992270627544,3.1458001263222664,19.60296367235624,down,up,up,down,33.296
6.702999999999996,0.6934226200682829,-0.2716317386811961,3.1569588353927975,19.61541554185186,down,up,up,down,33.312
6.719000000000001,0.688080071537664,-0.3339092831635687,3.1680400352125377,19.627689492076343,down,up,up,down,33.328
6.734000000000002,0.6828489343019566,-0.3487424823804835,3.1783493574002932,19.63903589149679,down,up,up,down,33.343
6.765999999999998,0.6774142282635864,-0.1698345636990859,3.200171924575117,19.66272743336384,down,up,up,down,33.375
6.780999999999999,0.6720892670359433,-0.3549974151761961,3.2103205554338223,19.673593059628786,down,up,up,down,33.39
6.796999999999997,0.6672094863579314,-0.3049862923757754,3.221064123747861,19.685015923384668,down,up,up,down,33.406
6.811999999999998,0.660788467740753,-0.4280679078118821,3.2310514630475593,19.6955693763487,down,up,up,down,33.421
6.827999999999996,0.6529586659107487,-0.4893626143753199,3.2415906184036594,19.70666218088644,down,up,up,down,33.437
6.844000000000001,0.6453010612610512,-0.4786002906059306,3.2520058745079257,19.71758735013249,down,up,up,down,33.453
6.859000000000002,0.6401633362644255,-0.3425149997750398,3.2616742121333253,19.727679069347687,down,up,up,down,33.468
6.875,0.6340690915515044,-0.3808902945576096,3.2718972498427403,19.73828443884122,down,up,up,down,33.484
6.890999999999998,0.6280965413390334,-0.373284388279479,3.2820237531927523,19.74872701200627,down,up,up,down,33.5
6.921999999999997,0.6217812394481488,-0.2037194158349944,3.3014533917258,19.76850137731438,down,up,up,down,33.531
6.936999999999998,0.6159747232132986,-0.3871010823233305,3.3107639160897193,19.777854067370768,down,up,up,down,33.546
6.952999999999996,0.6102819490211395,-0.3557983870099815,3.3206031477544826,19.78767707204935,down,up,up,down,33.562
6.969000000000001,0.6040777269143405,-0.3877638816748112,3.3303472034488584,19.797343410429065,down,up,up,down,33.578
6.984000000000002,0.5965702993228792,-0.5004951727640663,3.3393794182895964,19.80626478063104,down,up,up,down,33.593
7.0,0.5912008296996358,-0.335591851452747,3.348910765608664,19.815632400349187,down,up,up,down,33.609
7.015999999999998,0.5859183746833008,-0.3301534385209778,3.3583568975306153,19.82484820023342,down,up,up,down,33.625
7.030999999999999,0.5801148480677902,-0.3869017743673543,3.367129501345207,19.83335137210686,down,up,up,down,33.64
7.046999999999997,0.574442773403165,-0.3545046665391184,3.3763951406038624,19.842277116160602,down,up,up,down,33.656
7.061999999999998,0.5689086959202854,-0.3689384988586257,3.3849976312677468,19.850510990236586,down,up,up,down,33.671
7.077999999999996,0.562854628152202,-0.3783792355052524,3.3940809161472147,19.859152303046585,down,up,up,down,33.687
7.094000000000001,0.5558024408028768,-0.4407617093326792,3.403059350985747,19.867649122098868,down,up,up,down,33.703
7.109000000000002,0.5491314636137403,-0.4447318126090799,3.41137370991283,19.87548519400714,down,up,up,down,33.718
7.140999999999998,0.5422228721950084,-0.2158934818353957,3.4288937358595457,19.89178879725347,down,up,up,down,33.75
7.155999999999999,0.5353935216980812,-0.455290033128465,3.4370032134577033,19.8992388899986,down,up,up,down,33.765
7.171999999999997,0.5286953930652167,-0.4186330395540744,3.445545103062698,19.90705244465579,down,up,up,down,33.781
7.186999999999998,0.5230331810830755,-0.377480798809401,3.4534604220127685,19.91425422308272,down,up,up,down,33.796
7.202999999999996,0.5163446983737376,-0.4180301693336624,3.461804623335311,19.92180604390927,down,up,up,down,33.812
7.219000000000001,0.509780085289286,-0.410288317778092,3.4700427998915067,19.929225205712783,down,up,up,down,33.828
7.234000000000002,0.5029285445274585,-0.4567693841218146,3.4776654692590907,19.936061713559184,down,up,up,down,33.843
7.25,0.497733023085237,-0.3247200901388771,3.48569994008688,19.943228731473738,down,up,up,down,33.859
7.265999999999998,0.4926071686972957,-0.3203658992463685,3.4936518399080283,19.950267858423103,down,up,up,down,33.875
7.280999999999999,0.48560034760702026,-0.4671214060183419,3.501015750924269,19.956752171356882,down,up,up,down,33.89
7.296999999999997,0.4799020438562458,-0.3561439844234463,3.5087689483428632,19.96354783495208,down,up,up,down,33.906
7.311999999999998,0.47389638760115277,-0.4003770836728497,3.515949791222752,19.969806764270345,down,up,up,down,33.921
7.327999999999996,0.46802751513633817,-0.3668045290509529,3.5235143607315402,19.976364992244058,down,up,up,down,33.937
7.344000000000001,0.4619657991548767,-0.3788572488412201,3.530983485532761,19.982802950663284,down,up,up,down,33.953
7.375,0.4549001365155494,-0.2279246012686309,3.545251440466499,19.994939570364664,down,up,up,down,33.984
7.390999999999998,0.4476558801441808,-0.4527660232105878,3.552501066886665,20.001031491495183,down,up,up,down,34.0
7.405999999999999,0.44090285706713317,-0.4502015384698239,3.559192612059708,20.00663810876806,down,up,up,down,34.015
7.421999999999997,0.43426009850877095,-0.4151724098976808,3.5662230939912036,20.012508724309,down,up,up,down,34.031
7.436999999999998,0.42696056698057205,-0.4866354352132452,3.5727096036263317,20.017911048941883,down,up,up,down,34.046
7.469000000000001,0.41944948139529,-0.2347214245400368,3.586310520974125,20.02911460932694,down,up,up,down,34.078
7.484000000000002,0.4120723554409231,-0.4918083969577749,3.5925742893943546,20.03421729311418,down,up,up,down,34.093
7.5,0.40431588969289756,-0.4847791092516519,3.5991345736423135,20.039557563399242,down,up,up,down,34.109
7.515999999999998,0.39795572176386607,-0.3975104955645119,3.605581924820856,20.044793772600883,down,up,up,down,34.125
7.530999999999999,0.39172431200061547,-0.4154273175500202,3.6115318797180476,20.049609738931863,down,up,up,down,34.14
7.546999999999997,0.3839148111988155,-0.4880938001125527,3.617766170990531,20.05464929571552,down,up,up,down,34.156
7.561999999999998,0.37655843720436616,-0.4904249329632699,3.6234970749975135,20.059284141235622,down,up,up,down,34.171
7.577999999999996,0.3693238664769716,-0.4521606704622148,3.629493311713852,20.06413415933126,down,up,up,down,34.187
7.609000000000002,0.3628407600617809,-0.2091324650061109,3.640898396356052,20.07326134891055,down,up,up,down,34.218
7.625,0.3553332480663762,-0.4692194997128435,3.6466729667079654,20.077834719195366,down,up,up,down,34.234
7.640999999999998,0.34794350667972296,-0.4618588366658802,3.6523283590328224,20.08231664977879,down,up,up,down,34.25
7.655999999999999,0.34281542652998276,-0.341872009982667,3.6575364056758537,20.08643698390847,down,up,up,down,34.265
7.671999999999997,0.33694857292156927,-0.3666783505258801,3.6630036959583543,20.090746604284746,down,up,up,down,34.281
7.686999999999998,0.331163369317478,-0.3856802402727383,3.6680418901691056,20.09470808225379,down,up,up,down,34.296
7.719000000000001,0.3250453287616928,-0.1911887673682674,3.678599585912151,20.102909701015165,down,up,up,down,34.328
7.734000000000002,0.3182344314522041,-0.4540598206325624,3.683451538757714,20.106638637445144,down,up,up,down,34.343
7.75,0.3115722343821172,-0.4163873168804747,3.6885191703712765,20.11053681296147,down,up,up,down,34.359
7.765999999999998,0.30464389787317886,-0.4330210318086924,3.693478077716207,20.11435477616611,down,up,up,down,34.375
7.780999999999999,0.2989933081692175,-0.3767059802640772,3.6980327114054834,20.11786276511269,down,up,up,down,34.39
7.796999999999997,0.29411942571677757,-0.3046176532775282,3.7028067915634595,20.121529990278262,down,up,up,down,34.406
7.811999999999998,0.28935900729633346,-0.3173612280295991,3.707210234455016,20.124899182448146,down,up,up,down,34.421
7.827999999999996,0.285164589193732,-0.2621511314126201,3.711835601513825,20.12842075694975,down,up,up,down,34.437
7.844000000000001,0.2803646240891329,-0.299997819037345,3.716389013506978,20.13186890121891,down,up,up,down,34.453
7.859000000000002,0.27566887985739896,-0.3130496154489156,3.7205866194305357,20.13503590383688,down,up,up,down,34.468
7.875,0.27084791150101667,-0.3013105222739231,3.7249879320482915,20.138345248614385,down,up,up,down,34.484
7.890999999999998,0.2659784734457098,-0.3043398784567166,3.7293117214147533,20.141584792576026,down,up,up,down,34.5
7.905999999999999,0.2600395807627702,-0.3959261788626228,3.7332842114652753,20.14455964294443,down,up,up,down,34.515
7.921999999999997,0.2542012783045511,-0.3648939036387368,3.7374273166247023,20.147667891909066,down,up,up,down,34.531
7.936999999999998,0.2478121186695752,-0.4259439756650427,3.7412197717459663,20.150522358611283,down,up,up,down,34.546
7.969000000000001,0.24327810571132072,-0.1416879049454375,3.7491355719098394,20.15642455549147,down,up,up,down,34.578
7.984000000000002,0.2388878786685033,-0.2926818028544775,3.752779171436646,20.15910451478139,down,up,up,down,34.593
8.0,0.2340362954405393,-0.3032239517477887,3.756591743116407,20.16190348865429,down,up,up,down,34.609
8.015999999999998,0.2292759572913994,-0.2975211343212763,3.760327419425151,20.164642076543302,down,up,up,down,34.625
8.030999999999999,0.2251708641423189,-0.2736728766053546,3.763763125229862,20.167155717323382,down,up,up,down,34.64
8.046999999999997,0.2200291926805065,-0.3213544663633126,3.767353903971333,20.16978072227913,down,up,up,down,34.656
8.061999999999998,0.2149956955919396,-0.3355664725711085,3.770643945277335,20.172190058274765,down,up,up,down,34.671
8.077999999999996,0.2120682462858561,-0.1829655816302435,3.774089635099245,20.174706130821107,down,up,up,down,34.687
8.094000000000001,0.20889922245179982,-0.1980639896284502,3.7774865531360367,20.177167462504542,down,up,up,down,34.703
8.109000000000002,0.2039318413799318,-0.331158738124521,3.780610140758733,20.179426057165344,down,up,up,down,34.718
8.125,0.1990882108186334,-0.3027269100811858,3.78386347946321,20.181784209392944,down,up,up,down,34.734
8.140999999999998,0.19565082320437452,-0.2148367258912001,3.7870505700222825,20.18409083818638,down,up,up,down,34.75
8.155999999999999,0.1925039750248629,-0.2097898786340992,3.78998908565296,20.18620736063383,down,up,up,down,34.765
8.186999999999998,0.1893950201314496,-0.1002888675294664,3.7959650530087297,20.19044333253892,down,up,up,down,34.796
8.202999999999996,0.1856705186519836,-0.2327813424666515,3.7989947556058854,20.192557595259345,down,up,up,down,34.812
8.219000000000001,0.1810444025624793,-0.2891322555939191,3.801957653262491,20.19462391717775,down,up,up,down,34.828
8.234000000000002,0.1778027589188031,-0.2161095762450707,3.8046763616175587,20.19651848193115,down,up,up,down,34.843
8.265999999999998,0.17519235433815442,-0.0815751431452827,3.810382640003447,20.200425420283906,down,up,up,down,34.875
8.280999999999999,0.1717349650909288,-0.2304926164816983,3.8130119495431236,20.202194280727298,down,up,up,down,34.89
8.296999999999997,0.16831448763588422,-0.2137798409403104,3.8157615234518265,20.20403803413268,down,up,up,down,34.906
8.311999999999998,0.1636606147209445,-0.3102581943293004,3.818278691363461,20.205727052386578,down,up,up,down,34.921
8.327999999999996,0.1615788960928732,-0.1301074142544688,3.82090978573686,20.207487485759103,down,up,up,down,34.937
8.344000000000001,0.1584857143428451,-0.1933238593766948,3.8234994809072353,20.209206152815298,down,up,up,down,34.953
8.359000000000002,0.1544730064912194,-0.2675138567750341,3.8258740259574493,20.21078017137883,down,up,up,down,34.968
8.375,0.1505105194659517,-0.247655439079258,3.828343072451995,20.21242037578091,down,up,up,down,34.984
8.405999999999999,0.1465218450852532,-0.1286669155064081,3.8330036070333855,20.21548776330323,down,up,up,down,35.015
8.421999999999997,0.1441444225027482,-0.1485889114065827,3.835358115460978,20.217014810712584,down,up,up,down,35.031
8.436999999999998,0.1406380115973889,-0.2337607270239446,3.8375213383606877,20.218412534673945,down,up,up,down,35.046
8.452999999999996,0.1372102631376073,-0.2142342787363707,3.839773302845456,20.219868118733643,down,up,up,down,35.062
8.469000000000001,0.1348537022067724,-0.1472850581771331,3.8419789928551005,20.221288041557386,down,up,up,down,35.078
8.484000000000002,0.1325653589288098,-0.152556218530832,3.8440119904575756,20.22258742904755,down,up,up,down,35.093
8.515999999999998,0.1304339107491756,-0.0666077556135753,3.8482783353462002,20.225258666213378,down,up,up,down,35.125
8.530999999999999,0.1277541598472123,-0.1786500601308848,3.8502421005196314,20.226464082809386,down,up,up,down,35.14
8.546999999999997,0.1251225450279651,-0.164475926202963,3.8522942924455217,20.227717732855027,down,up,up,down,35.156
8.561999999999998,0.12256755110362859,-0.1703329282890973,3.854179322810467,20.228863500605584,down,up,up,down,35.171
8.577999999999996,0.1209520138319693,-0.1009710794787177,3.85615665761684,20.23005475395152,down,up,up,down,35.187
8.594000000000001,0.1189286500081667,-0.1264602389876156,3.8581048812144507,20.231214602830207,down,up,up,down,35.203
8.609000000000002,0.11694329443811739,-0.1323570380032821,3.859901275441756,20.23227387652031,down,up,up,down,35.218
8.625,0.11357782308272839,-0.2103419597118359,3.8617746226688117,20.233374410524746,down,up,up,down,35.234
8.640999999999998,0.11156515365878579,-0.1257918389964279,3.863604944769632,20.234445315174582,down,up,up,down,35.25
8.655999999999999,0.1095971196419345,-0.131202267790082,3.865291016463346,20.235422915330346,down,up,up,down,35.265
8.671999999999997,0.10796452718902749,-0.1020370283067008,3.867060687924882,20.236438042884586,down,up,up,down,35.281
8.686999999999998,0.105807028586879,-0.1438332401432226,3.86869132923716,20.237364222620883,down,up,up,down,35.296
8.702999999999996,0.10411873973469979,-0.1055180532612115,3.870399913670621,20.23832543386696,down,up,up,down,35.312
8.719000000000001,0.1024318215336244,-0.1054323875671817,3.872081496447657,20.23925952377536,down,up,up,down,35.328
8.75,0.0990568313622688,-0.1088706506888933,3.87526110349839,20.24099397453054,down,up,up,down,35.359
8.765999999999998,0.0961967228527864,-0.178756781842668,3.876852310218999,20.241851008410137,down,up,up,down,35.375
8.796999999999997,0.095689082220753,-0.0163755042591444,3.879883073128486,20.243439871022602,down,up,up,down,35.406
8.811999999999998,0.09375763812796649,-0.1287629395190917,3.8813312781750593,20.244175083252827,down,up,up,down,35.421
8.827999999999996,0.09181922954765119,-0.1211505362697229,3.882845071403353,20.244935613645538,down,up,up,down,35.437
8.844000000000001,0.0906483112201144,-0.0731823954710253,3.8843339900163842,20.24567212234352,down,up,up,down,35.453
8.859000000000002,0.08973679538044259,-0.060767722644781,3.8857142329598466,20.246341080536226,down,up,up,down,35.468
8.875,0.0876308171738795,-0.1316236379102087,3.88716235214717,20.247032009044702,down,up,up,down,35.484
8.890999999999998,0.08564886293686409,-0.1238721398134771,3.8885777678749447,20.247700029273858,down,up,up,down,35.5
8.905999999999999,0.0836415353319495,-0.1338218403276363,3.8898748005059187,20.24830595487603,down,up,up,down,35.515
8.921999999999997,0.0816820888708083,-0.1224654038213392,3.8912265677864295,20.248931085119025,down,up,up,down,35.531
8.952999999999996,0.0804673381654641,-0.0391855066240066,3.893796416836339,20.25008148991172,down,up,up,down,35.562
8.969000000000001,0.0795416883797646,-0.0578531116062015,3.89510566733559,20.25064421442771,down,up,up,down,35.578
8.984000000000002,0.0786414438552327,-0.0600163016354548,3.8963193954713105,20.251152846321645,down,up,up,down,35.593
9.0,0.0772041490698267,-0.0898309240878846,3.8975953385015996,20.251675469639224,down,up,up,down,35.609
9.015999999999998,0.07545583389432049,-0.1092696984691508,3.8993457966522014,20.252173881747325,down,up,up,down,35.625
9.030999999999999,0.07496164272182419,-0.0329460781664169,3.9010012823707805,20.252615598519668,down,up,up,down,35.64
9.046999999999997,0.0738954848185642,-0.0666348689537594,3.9027213176779925,20.253059758908606,down,up,up,down,35.656
9.061999999999998,0.0711154863771277,-0.1853332294290932,3.9043362546059184,20.25345114698149,down,up,up,down,35.671
9.077999999999996,0.06837608145131209,-0.1712128078634933,3.9059813654354345,20.25384254721051,down,up,up,down,35.687
9.094000000000001,0.06731489424628019,-0.0663242003144715,3.9075960715279043,20.254207868904146,down,up,up,down,35.703
9.125,0.06547292982875949,-0.0594182070167995,3.9102108157319146,20.25485012320594,down,up,up,down,35.734
9.140999999999998,0.06362768923304249,-0.1153275372323252,3.9117727989712976,20.25514819547766,down,up,up,down,35.75
9.155999999999999,0.0614877197079035,-0.142664635009258,3.913238519182313,20.25540493045655,down,up,up,down,35.765
9.171999999999997,0.0594246509554583,-0.1289417970278403,3.9147349964345084,20.25565508352095,down,up,up,down,35.781
9.186999999999998,0.0582700493057473,-0.0769734433140664,3.916145061330426,20.255867802952707,down,up,up,down,35.796
9.202999999999996,0.057123494489996304,-0.0716596759844446,3.9175973879676804,20.25607180454766,down,up,up,down,35.812
9.219000000000001,0.0556017039903942,-0.0951119062250997,3.9190283678424125,20.256252739690524,down,up,up,down,35.828
9.234000000000002,0.0539709253051974,-0.108718579013115,3.920377517206088,20.256401515417664,down,up,up,down,35.843
9.265999999999998,0.052518211062119804,-0.0453973200961793,3.922639699961742,20.25666112232166,down,up,up,down,35.875
9.280999999999999,0.0512021650293572,-0.087736402184169,3.9239449574263863,20.25675605725627,down,up,up,down,35.89
9.296999999999997,0.0499104261027412,-0.0807336829135119,3.925283036442332,20.256836174494666,down,up,up,down,35.906
9.311999999999998,0.0488562976814322,-0.070275228087266,3.9265511415146714,20.25689173802499,down,up,up,down,35.921
