timestamps,acc_x,acc_y,acc_z,aAcc,aStages,aJerk,aVelocity,avStages,aHeight
0.047,0.08829,-0.37425150000000007,9.818044200000001,-0.01475566555508756,0,0.0,0.0,0,0.0
0.063,0.10928340000000002,-0.37425150000000007,9.845021700000002,-0.014093046563917966,0,0.04141368694809966,0.0,0,0.0
0.079,0.1332198,-0.34128990000000003,9.845021700000002,-0.013468597935055726,0,0.03902803930388998,0.0,0,0.0
0.094,0.1332198,-0.34580249999999996,9.8046045,-0.013840626620492458,0,-0.024801912362448775,-0.00015610203711044512,1,-1.1707652783283383e-06
0.11,0.11978010000000001,-0.3487455,9.7971489,-0.014386982423166828,0,-0.03414723766714811,0.0,1,-2.419581575211899e-06
0.125,0.1212516,-0.3487455,9.855518400000001,-0.013496928901176375,0,0.05933690146603018,-9.10522443922934e-05,1,-3.1024734081540995e-06
0.141,0.0973152,-0.3712104,9.855518400000001,-0.012615054306799323,0,0.05511716214856582,0.0,1,-3.830891363292446e-06
0.157,0.0973152,-0.3547296,9.855518400000001,-0.011769482319094138,0,0.052848249231574,0.0,1,-3.830891363292446e-06
0.172,0.1302768,-0.3547296,9.871999200000001,-0.010533581971440498,0,0.08239335651024275,-0.0001622973852422561,1,-5.048121752609366e-06
0.188,0.1511721,-0.3218661,9.871999200000001,-0.009348014515271785,0,0.07409796601054446,0.0,1,-6.346500834547416e-06
0.204,0.16019730000000001,-0.33824879999999996,9.8375661,-0.009013770686944866,0,0.02089023927043245,0.0,1,-6.346500834547416e-06
0.219,0.1406754,-0.3562992,9.8375661,-0.008679425158426568,0,0.02228970190121987,-0.0001009434075939738,1,-7.10357639150222e-06
0.235,0.1406754,-0.3562992,9.8375661,-0.008353234398896348,0,0.020386922470638797,0.0,1,-7.91112365225401e-06
0.25,0.1406754,-0.37572300000000003,9.783611100000002,-0.009332263986731704,0,-0.06526863918902368,0.0,1,-7.91112365225401e-06
0.266,0.18109260000000002,-0.3622833,9.851005800000001,-0.008641194904379645,0,0.0431918176470036,-1.3633593073658634e-05,1,-8.020192396843279e-06
0.282,0.1437165,-0.3622833,9.860031000000001,-0.00776204296415095,0,0.054946996264293585,0.0,1,-8.129261141432547e-06
0.297,0.12272310000000002,-0.3831786,9.860031000000001,-0.006891996273553858,0,0.0580031127064728,0.0,1,-8.129261141432547e-06
0.313,0.12272310000000002,-0.4027005000000001,9.8120601,-0.007193163343893971,0,-0.01882294189625709,0.0,1,-8.129261141432547e-06
0.329,0.1406754,-0.4027005000000001,9.821085300000002,-0.007261193999790194,0,-0.004251915993513929,0.0,1,-8.129261141432547e-06
0.344,0.1362609,-0.3712104,9.821085300000002,-0.007359317182203284,0,-0.006541545494206029,-9.273475985869606e-05,1,-8.824771840372766e-06
0.36,0.1362609,-0.39220380000000005,9.889951500000002,-0.005756988467092938,0,0.10014554469439654,0.0,1,-9.566649919242335e-06
0.375,0.13469129999999999,-0.39220380000000005,9.8854389,-0.004304231637044964,0,0.09685045533653153,0.0,1,-9.566649919242335e-06
0.391,0.1212516,-0.3532581,9.8854389,-0.002926935347531412,0,0.08608101809459692,0.0,1,-9.566649919242335e-06
0.407,0.1212516,-0.3248091,9.8495343,-0.0024821951756113236,0,0.02779626074500559,0.0,1,-9.566649919242335e-06
0.422,0.11526750000000001,-0.3367773,9.833053500000002,-0.0024419642956310383,0,0.0026820586653523507,0.0,1,-9.566649919242335e-06
0.438,0.11673900000000001,-0.32333760000000006,9.800091900000002,-0.0032167364165065493,0,-0.04842325755471939,0.0,1,-9.566649919242335e-06
0.454,0.11673900000000001,-0.32333760000000006,9.800091900000002,-0.003972611656385183,0,-0.04724220249241458,-1.3962322210405234e-05,1,-9.678348496925577e-06
0.469,0.11673900000000001,-0.34580249999999996,9.866015100000002,-0.003084580813228044,0,0.05920205621047612,0.0,1,-9.783065913503616e-06
0.485,0.1062423,-0.34580249999999996,9.8285409,-0.003134489153318043,0,-0.003119271255624942,0.0,1,-9.783065913503616e-06
0.5,0.1257642,-0.33824879999999996,9.8285409,-0.0031839711934757986,0,-0.003298802677183703,0.0,1,-9.783065913503616e-06
0.516,0.1257642,-0.36826739999999997,9.8120601,-0.0036076056299645387,0,-0.026477152280546232,0.0,1,-9.783065913503616e-06
0.532,0.1122264,-0.36826739999999997,9.8076456,-0.00413249668544502,0,-0.03280569096753003,0.0,1,-9.783065913503616e-06
0.547,0.1646118,-0.37425150000000007,9.8076456,-0.004621047291999858,0,-0.032570040436989196,0.0,1,-9.783065913503616e-06
0.563,0.1646118,-0.37425150000000007,9.8076456,-0.005097682030102746,0,-0.029789671131430676,0.0,1,-9.783065913503616e-06
0.579,0.1646118,-0.36669779999999996,9.7627158,-0.006664570355651378,0,-0.09793052034678942,-1.7785144670315854e-05,1,-9.925347070866142e-06
0.594,0.16765290000000002,-0.3592422,9.9184005,-0.004404625900869874,0,0.15066296365210013,0.0,1,-1.0058735655893512e-05
0.61,0.16019730000000001,-0.34580249999999996,9.9184005,-0.0022144468597034006,0,0.13688619007290448,0.0,1,-1.0058735655893512e-05
0.625,0.16019730000000001,-0.34580249999999996,9.9184005,-7.768681954090084e-05,0,0.14245066934416653,0.0,1,-1.0058735655893512e-05
0.641,0.16019730000000001,-0.37425150000000007,9.8689581,0.0008272316213080444,0,0.05655740255305903,0.0,1,-1.0058735655893512e-05
0.657,0.1646118,-0.37425150000000007,9.8674866,0.0016759897291152015,0,0.05304738173794727,0.0,1,-1.0058735655893512e-05
0.672,0.12272310000000002,-0.36826739999999997,9.8674866,0.002483696313836603,0,0.05384710564809339,0.0,1,-1.0058735655893512e-05
0.688,0.12272310000000002,-0.36071369999999997,9.8136297,0.0019523030937200758,0,-0.03321207625728315,0.0,1,-1.0058735655893512e-05
0.704,0.11821050000000001,-0.36071369999999997,9.8405091,0.002087627199435005,0,0.008457756607183058,0.0,1,-1.0058735655893512e-05
0.719,0.16166880000000003,-0.3427614,9.8405091,0.0022190737445715314,0,0.008763103009101762,0.0,1,-1.0058735655893512e-05
0.735,0.16166880000000003,-0.3307932,9.7701714,0.0006229858775608221,0,-0.09975549168816925,0.0,1,-1.0058735655893512e-05
0.75,0.1526436,-0.34128990000000003,9.7926363,-0.0003813874221592073,0,-0.06695821998133523,0.0,1,-1.0058735655893512e-05
0.766,0.1497006,-0.34128990000000003,9.8151012,-0.0008148421685287843,0,-0.02709092164809854,0.0,1,-1.0058735655893512e-05
0.782,0.13469129999999999,-0.33226469999999997,9.8151012,-0.0012505725399520884,0,-0.02723314821395648,0.0,1,-1.0058735655893512e-05
0.797,0.13469129999999999,-0.3278502,9.8689581,-0.0003665617166870305,0,0.05893405488433714,0.0,1,-1.0058735655893512e-05
0.813,0.20355750000000003,-0.3278502,9.848062800000001,1.540054885218467e-05,0,0.023872641596201095,0.0,1,-1.0058735655893512e-05
0.829,0.1302768,-0.33981839999999996,9.900448200000001,0.001644488432505753,0,0.10181799272834792,0.0,1,-1.0058735655893512e-05
0.86,0.10182780000000001,-0.33981839999999996,9.888480000000001,0.0029339943501618393,0,0.04159696508568017,0.0,1,-1.0058735655893512e-05
0.875,0.10477080000000001,-0.37268190000000007,9.818044200000001,0.0025050332198208736,0,-0.02859740868939769,0.0,1,-1.0058735655893512e-05
0.891,0.10477080000000001,-0.37268190000000007,9.818044200000001,0.0020865345560743265,0,-0.02615616648415917,0.0,1,-1.0058735655893512e-05
0.907,0.11978010000000001,-0.3652263,9.843550200000001,0.0022972206445199816,0,0.013167880527853436,0.0,1,-1.0058735655893512e-05
0.922,0.09584369999999999,-0.3652263,9.783611100000002,0.0010355302721123394,0,-0.08411269149384275,0.0,1,-1.0058735655893512e-05
0.938,0.10477080000000001,-0.3503151,9.783611100000002,-0.00020644632044053424,0,-0.07762353703455507,0.0,1,-1.0058735655893512e-05
0.954,0.10477080000000001,-0.3652263,9.7656588,-0.001842371523002484,0,-0.10224532516012176,0.0,1,-1.0058735655893512e-05
0.969,0.16912439999999998,-0.3652263,9.8165727,-0.002175648093349025,0,-0.022218438023102728,0.0,1,-1.0058735655893512e-05
0.985,0.1287072,-0.33981839999999996,9.8165727,-0.0025379760032748777,0,-0.02264549437036576,0.0,1,-1.0058735655893512e-05
1.0,0.1287072,-0.36669779999999996,9.8016615,-0.0032312944834096413,0,-0.046221232008984196,0.0,1,-1.0058735655893512e-05
1.016,0.145188,-0.36669779999999996,9.830012400000001,-0.0032111630680784486,0,0.0012582134581995408,0.0,1,-1.0058735655893512e-05
1.032,0.10477080000000001,-0.315882,9.830012400000001,-0.0032470490385794193,0,-0.002242873156310663,0.0,1,-1.0058735655893512e-05
1.047,0.10477080000000001,-0.344331,9.8240283,-0.003404628618035588,0,-0.01050530529707797,0.0,1,-1.0058735655893512e-05
1.063,0.1482291,-0.3547296,9.8854389,-0.002039027682723571,0,0.08535005845700099,0.0,1,-1.0058735655893512e-05
1.079,0.11673900000000001,-0.3547296,9.8165727,-0.0023954776701291536,0,-0.022278124212848895,0.0,1,-1.0058735655893512e-05
1.094,0.0748503,-0.3847482,9.8165727,-0.002725640439482646,0,-0.022010851290232652,0.0,1,-1.0058735655893512e-05
1.11,0.0748503,-0.3532581,9.8674866,-0.00183563265031772,0,0.05562548682280783,0.0,1,-1.0058735655893512e-05
1.125,0.1466595,-0.3532581,9.834525,-0.001751023855216971,0,0.005640586340049972,0.0,1,-1.0058735655893512e-05
1.141,0.1482291,-0.35178660000000006,9.834525,-0.0016691906941872503,0,0.00511457256435754,0.0,1,-1.0058735655893512e-05
1.157,0.1482291,-0.3547296,9.8285409,-0.0017326192432740584,0,-0.0039642843179255,0.0,1,-1.0058735655893512e-05
1.172,0.1377324,-0.3547296,9.862974000000001,-0.0009590171924660496,0,0.05157347005386759,0.0,1,-1.0058735655893512e-05
1.188,0.1377324,-0.3547296,9.862974000000001,-0.00020428348436141164,0,0.04717085675653983,0.0,1,-1.0058735655893512e-05
1.204,0.1377324,-0.3562992,9.862974000000001,0.0005334209763692144,0,0.046106528795664084,0.0,1,-1.0058735655893512e-05
1.219,0.1392039,-0.3248091,9.818044200000001,0.00013199205071501297,0,-0.026761928376946537,0.0,1,-1.0058735655893512e-05
1.235,0.1661814,-0.3248091,9.827069400000001,-2.9444445365456318e-05,0,-0.010089781005029322,0.0,1,-1.0058735655893512e-05
1.25,0.15421320000000002,-0.3278502,9.827069400000001,-0.00018923737827591935,0,-0.010652862194030938,0.0,1,-1.0058735655893512e-05
1.266,0.15421320000000002,-0.39220380000000005,9.888480000000001,0.0012087780247167501,0,0.08737596268704176,0.0,1,-1.0058735655893512e-05
1.282,0.15421320000000002,-0.39220380000000005,9.888480000000001,0.0025726954910503252,0,0.08524484164584838,0.0,1,-1.0058735655893512e-05
1.297,0.145188,-0.39220380000000005,9.886910400000001,0.003861768472678051,0,0.08593819877518227,0.0,1,-1.0058735655893512e-05
1.313,0.1406754,-0.36071369999999997,9.886910400000001,0.005088590396750803,0,0.07667637025454692,0.0,1,-1.0058735655893512e-05
1.329,0.1406754,-0.30685680000000004,9.8809263,0.006095304140991686,0,0.06291960901505517,0.0,1,-1.0058735655893512e-05
1.344,0.12272310000000002,-0.30685680000000004,9.8734707,0.006889888938717448,0,0.05297231984838365,0.0,1,-1.0058735655893512e-05
1.36,0.1466595,-0.347274,9.8734707,0.0077056865182782985,0,0.05098734872255312,0.0,1,-1.0058735655893512e-05
1.375,0.1497006,-0.37866600000000006,9.8854389,0.008822483657704439,0,0.07445314262840982,0.0,1,-1.0058735655893512e-05
1.391,0.1497006,-0.3592422,9.7821396,0.007376850109000799,0,-0.0903520967939774,0.0,1,-1.0058735655893512e-05
1.407,0.1437165,-0.3592422,9.8105886,0.00665762614377563,0,-0.044951497826573,0.0,1,-1.0058735655893512e-05
1.422,0.1212516,-0.36071369999999997,9.8105886,0.005949866512832358,0,-0.04718397539621845,8.196174686129131e-05,1,-9.44402255443383e-06
1.438,0.1212516,-0.34580249999999996,9.8464932,0.0061213971075506635,0,0.010720662169894082,0.0,1,-8.788328579543498e-06
1.454,0.11821050000000001,-0.34580249999999996,9.743193900000001,0.0037700994691345358,0,-0.14695610240100784,0.0,1,-8.788328579543498e-06
1.469,0.1002582,-0.34128990000000003,9.743193900000001,0.001467366706222606,0,-0.1535155175274607,0.0,1,-8.788328579543498e-06
1.485,0.1002582,-0.31136939999999996,9.8674866,0.002226214644842628,0,0.04742799616375133,0.0,1,-8.788328579543498e-06
1.5,0.1586277,-0.31136939999999996,9.8105886,0.0015983370477297143,0,-0.041858506474194514,0.0,1,-8.788328579543498e-06
1.516,0.1392039,-0.3652263,9.8105886,0.0010238514381288866,0,-0.0359053506000517,0.0,1,-8.788328579543498e-06
1.532,0.1497006,-0.37866600000000006,9.8524773,0.0015003621075138085,0,0.029781916836557593,0.0,1,-8.788328579543498e-06
1.547,0.1497006,-0.3891627,9.831582000000001,0.0014660331662490478,0,-0.002288596084317396,0.0,1,-8.788328579543498e-06
1.563,0.1122264,-0.3891627,9.8405091,0.0016379267522417251,0,0.010743349124542324,0.0,1,-8.788328579543498e-06
1.579,0.1272357,-0.37572300000000003,9.8405091,0.0017973492701113258,0,0.009963907366850036,0.0,1,-8.788328579543498e-06
1.594,0.1272357,-0.3338343,9.8615025,0.00242777391450133,0,0.042028309625999925,2.5991054724079816e-06,1,-8.768835288500439e-06
1.61,0.1317483,-0.3338343,9.877983300000002,0.003445971887288124,0,0.06363737329917457,0.0,1,-8.748042444721174e-06
1.625,0.1466595,-0.3712104,9.877983300000002,0.004476966535866822,0,0.06873297657191366,0.0,1,-8.748042444721174e-06
1.641,0.1466595,-0.37572300000000003,9.8495343,0.004793674135319392,0,0.019794224965785628,0.0,1,-8.748042444721174e-06
1.657,0.15421320000000002,-0.37572300000000003,9.8584614,0.005323018159451465,0,0.033084001508254496,0.0,1,-8.748042444721174e-06
1.672,0.1661814,-0.3622833,9.845021700000002,0.005504401919420587,0,0.012092250664608251,0.0,1,-8.748042444721174e-06
1.688,0.1437165,-0.3367773,9.845021700000002,0.005650674696525471,0,0.009142048569055197,0.0,1,-8.748042444721174e-06
1.704,0.1437165,-0.33981839999999996,9.888480000000001,0.006855145058299428,0,0.07527939761087225,3.460259534574959e-05,1,-8.471221681955178e-06
1.719,0.142245,-0.33981839999999996,10.023171300000001,0.011312626399005765,0,0.29716542271375335,0.0,1,-8.211702216862054e-06
1.735,0.12272310000000002,-0.3562992,10.023171300000001,0.015669048427753296,0,0.27227637679672045,0.0,1,-8.211702216862054e-06
1.75,0.12272310000000002,-0.3262806,10.0216998,0.019858433890924232,0,0.2792923642113975,0.000153170397279692,1,-7.062924237264372e-06
1.766,0.11978010000000001,-0.3262806,9.8824959,0.02055162302233704,0,0.04332432071330046,0.0,1,-5.837561059026835e-06
1.782,0.09878670000000002,-0.3503151,9.8824959,0.021242300618407484,0,0.04316734975440269,0.00031080224171173895,1,-3.3511431253329213e-06
1.797,0.09878670000000002,-0.36669779999999996,9.731225700000001,0.018243864057806647,0,-0.19989577070672376,0.00010694847678334278,1,-2.1801273661982854e-07
1.813,0.1062423,-0.36669779999999996,9.678840300000001,0.01404376907108329,0,-0.2625059366702096,0.0,2,6.375750776469145e-07
1.829,0.11978010000000001,-0.36669779999999996,9.695321100000001,0.010351620115137905,0,-0.23075930974658634,6.041265530423246e-05,2,1.1208763200807746e-06
1.844,0.11978010000000001,-0.3817071,9.695321100000001,0.006763641292401701,0,-0.23919858818241163,0.0,2,1.5739712348625217e-06
1.86,0.11978010000000001,-0.34128990000000003,9.8689581,0.007458603158466914,0,0.0434351166290758,0.0,2,1.5739712348625217e-06
1.875,0.1212516,-0.34128990000000003,9.955776600000002,0.010253164936974812,0,0.18630411856719442,0.0,2,1.5739712348625217e-06
1.891,0.1317483,-0.2934171,9.955776600000002,0.012945620034596317,0,0.1682784436013439,0.00012098361195611064,2,2.5418401305114076e-06
1.907,0.1317483,-0.35777070000000005,9.987266700000001,0.016391195969225336,0,0.21534849591431351,0.0,2,3.5097090261602933e-06
1.922,0.1317483,-0.35777070000000005,9.987266700000001,0.019752733466424033,0,0.2241024998132479,0.00012675761075405315,3,4.460391106815685e-06
1.938,0.1497006,-0.35777070000000005,9.7672284,0.017675792274754798,0,-0.12980882447932707,0.0,3,5.474451992848111e-06
1.954,0.1526436,-0.3907323,9.7672284,0.015681396578999696,0,-0.12464973098469379,0.00019304332751352016,3,7.018798612956274e-06
1.969,0.1526436,-0.36375480000000004,9.7507476,0.013308610285015732,0,-0.15818575293226295,0.0,3,8.466623569307687e-06
1.985,0.1482291,-0.3307932,9.7866522,0.011838545703405146,0,-0.09187903635066155,0.00011164562690100382,3,9.35978858451572e-06
2.0,0.1526436,-0.3307932,9.8615025,0.012230353337212563,0,0.026120508920494653,0.0,3,1.0197130786273242e-05
2.016,0.1661814,-0.3173535,9.8615025,0.0126071736618254,0,0.023551270288302263,0.0,3,1.0197130786273242e-05
2.032,0.1661814,-0.3367773,9.9258561,0.014558975201000024,0,0.12198759619841393,0.00020819177660054422,3,1.1862664999077598e-05
2.047,0.16166880000000003,-0.3367773,9.854046900000002,0.01471115967267167,0,0.010145631444776305,0.0,3,1.3424103323581692e-05
2.063,0.1646118,-0.38023560000000006,9.854046900000002,0.014899351923943982,0,0.011762015704519502,0.00016460188092600782,3,1.4740918370989756e-05
2.079,0.1646118,-0.34580249999999996,9.7686999,0.012971990362688146,0,-0.12046009757848963,0.0,3,1.605773341839782e-05
2.094,0.1721655,-0.34580249999999996,9.735738300000001,0.010291499438672247,0,-0.1786993949343971,6.204879272926449e-05,3,1.6523099363867294e-05
2.11,0.1497006,-0.36826739999999997,9.735738300000001,0.007687413964257317,0,-0.16275534215093299,0.0,3,1.701948970570141e-05
2.125,0.1497006,-0.38023560000000006,9.711801900000001,0.004574754598506203,0,-0.20751062438340587,0.0,3,1.701948970570141e-05
2.141,0.113796,-0.344331,9.8255979,0.004267103251720528,0,-0.01922820917410471,0.0,3,1.701948970570141e-05
2.157,0.1317483,-0.344331,9.9033912,0.005868496714422022,0,0.10008709141884334,0.0,3,1.701948970570141e-05
2.172,0.10477080000000001,-0.36375480000000004,9.9033912,0.007439904549475074,0,0.10476052233686922,4.9479036183611505e-05,3,1.7390582477078497e-05
2.188,0.10477080000000001,-0.36375480000000004,9.9064323,0.009047104425873087,0,0.10044999227487575,0.0,3,1.778641476654739e-05
2.204,0.1062423,-0.36375480000000004,9.8016615,0.008061988448396562,0,-0.06156974859228276,0.0,3,1.778641476654739e-05
2.219,0.10477080000000001,-0.3592422,9.8016615,0.007096457352298913,0,-0.06436873973984467,0.0,3,1.778641476654739e-05
2.235,0.10477080000000001,-0.34580249999999996,9.7791966,0.005595143042038231,0,-0.09383214439129253,3.3468997640463335e-05,3,1.8054166747671098e-05
2.25,0.11526750000000001,-0.34580249999999996,9.7417224,0.0032199562766717094,0,-0.15834578435776678,0.0,3,1.8305184229974577e-05
2.266,0.11673900000000001,-0.34580249999999996,9.7417224,0.0009031279732578668,0,-0.14480176896336502,0.0,3,1.8305184229974577e-05
2.282,0.11673900000000001,-0.34128990000000003,9.8240283,0.0006450267395070597,0,-0.016131327109425428,0.0,3,1.8305184229974577e-05
2.297,0.1482291,-0.37866600000000006,9.8615025,0.0013501746021198358,0,0.047009857507518016,0.0,3,1.8305184229974577e-05
2.313,0.2006145,-0.37866600000000006,9.910846800000002,0.003263092688797542,0,0.11955738041735653,0.0,3,1.8305184229974577e-05
2.329,0.1781496,-0.3278502,9.910846800000002,0.005074752032294683,0,0.11322870896857119,0.0,3,1.8305184229974577e-05
2.344,0.1781496,-0.33824879999999996,9.7701714,0.0034222204046905347,0,-0.11016877517361222,0.0,3,1.8305184229974577e-05
2.36,0.1482291,-0.33824879999999996,9.743193900000001,0.0011402972965957048,0,-0.14262019425592673,0.0,3,1.8305184229974577e-05
2.375,0.1526436,-0.37425150000000007,9.743193900000001,-0.001052225940251006,0,-0.1461682157897795,0.0,3,1.8305184229974577e-05
2.391,0.1526436,-0.3427614,9.698362200000002,-0.00431215371456517,0,-0.20374548589463506,0.0,3,1.8305184229974577e-05
2.407,0.16765290000000002,-0.3427614,9.8120601,-0.004715530039284488,0,-0.025211020294957344,0.0,3,1.8305184229974577e-05
2.422,0.1511721,-0.3338343,9.8120601,-0.005123095364282904,0,-0.02717102166656082,0.0,3,1.8305184229974577e-05
2.438,0.1511721,-0.3367773,9.957248100000001,-0.001979565123061633,0,0.19647064007632925,0.0,3,1.8305184229974577e-05
2.454,0.15421320000000002,-0.35178660000000006,9.922913099999999,0.0002642643324115568,0,0.14023934096707424,0.0,3,1.8305184229974577e-05
2.469,0.1032993,-0.35178660000000006,9.8495343,0.0006487672517305754,0,0.025633527954601786,0.0,3,1.8305184229974577e-05
2.485,0.1362609,-0.3652263,9.8495343,0.0010455840522567428,0,0.024801050032885442,0.0,3,1.8305184229974577e-05
2.5,0.1362609,-0.3831786,9.8016615,0.00028271359813736296,0,-0.0508580302746249,0.0,3,1.8305184229974577e-05
2.516,0.0973152,-0.3831786,9.746235,-0.0018236202295671688,0,-0.13164586423153313,0.0,3,1.8305184229974577e-05
2.532,0.1287072,-0.3817071,9.746235,-0.0038711165577680617,0,-0.1279685205125557,0.0,3,1.8305184229974577e-05
2.547,0.1287072,-0.37572300000000003,9.771642900000002,-0.005255148256111397,0,-0.09226877988955492,0.0,3,1.8305184229974577e-05
2.563,0.09427410000000001,-0.37572300000000003,9.8524773,-0.0046449614580907905,0,0.03813667487628788,0.0,3,1.8305184229974577e-05
2.579,0.09584369999999999,-0.33226469999999997,9.8524773,-0.004087345441021739,0,0.034851001066815684,0.0,3,1.8305184229974577e-05
2.594,0.16912439999999998,-0.3083283,9.851005800000001,-0.003574145864554623,0,0.03421330509780846,0.0,3,1.8305184229974577e-05
2.61,0.16912439999999998,-0.3083283,9.851005800000001,-0.003073463350927952,0,0.031292657101666926,0.0,3,1.8305184229974577e-05
2.625,0.16912439999999998,-0.3592422,9.874942200000001,-0.001959604503229073,0,0.07425725651325796,0.0,3,1.8305184229974577e-05
2.641,0.1466595,-0.3592422,9.8105886,-0.0024500486033591784,0,-0.030652756258131547,0.0,3,1.8305184229974577e-05
2.657,0.1661814,-0.37572300000000003,9.8105886,-0.002905900836573494,0,-0.0284907645758947,0.0,3,1.8305184229974577e-05
2.672,0.1661814,-0.3248091,9.7956774,-0.0037583720729728043,0,-0.05683141575995355,0.0,3,1.8305184229974577e-05
2.688,0.17069399999999998,-0.3248091,9.7567317,-0.005537386851459658,0,-0.11118842365542826,0.0,3,1.8305184229974577e-05
2.704,0.12272310000000002,-0.32932170000000005,9.7567317,-0.007286905269936028,0,-0.10934490115477304,-9.354088722121796e-05,3,1.755685713220483e-05
2.719,0.12272310000000002,-0.3562992,9.8644455,-0.006345419901041538,0,0.06276569125963402,0.0,3,1.685530047804571e-05
2.735,0.1332198,-0.3562992,9.9153594,-0.004182693810989235,0,0.1351703806282688,0.0,3,1.685530047804571e-05
2.75,0.11673900000000001,-0.35178660000000006,9.9153594,-0.0020817073630130523,0,0.14006576319841105,0.0,3,1.685530047804571e-05
2.766,0.1302768,-0.33824879999999996,9.8794548,-0.0009144711938642303,0,0.0729522605718013,0.0,3,1.685530047804571e-05
2.782,0.1302768,-0.3592422,9.855518400000001,-0.00034101952116927237,0,0.035840729543434834,0.0,3,1.685530047804571e-05
2.797,0.11821050000000001,-0.3592422,9.8285409,-0.00044276437115620126,0,-0.006782989999128537,0.0,3,1.685530047804571e-05
2.813,0.1646118,-0.36071369999999997,9.8285409,-0.0005244435464746289,0,-0.005104948457401721,0.0,3,1.685530047804571e-05
2.829,0.1646118,-0.34128990000000003,9.8255979,-0.0006927634219646706,0,-0.010519992218127596,0.0,3,1.685530047804571e-05
2.844,0.16166880000000003,-0.34128990000000003,9.8091171,-0.0012598425271530544,0,-0.0378052736792264,0.0,3,1.685530047804571e-05
2.86,0.1646118,-0.3712104,9.8091171,-0.001785414800366425,0,-0.03284826707583563,0.0,3,1.685530047804571e-05
2.875,0.1646118,-0.32932170000000005,9.851005800000001,-0.0013136622315510493,0,0.03145017125435812,0.0,3,1.685530047804571e-05
2.891,0.142245,-0.3622833,9.749178,-0.00331535451400633,0,-0.12510576765345494,0.0,3,1.685530047804571e-05
2.907,0.08377740000000002,-0.347274,9.8255979,-0.0034353958453330335,0,-0.00750258320791896,-3.764611477819445e-05,3,1.6554131559820154e-05
2.922,0.08377740000000002,-0.347274,9.8255979,-0.0035525093393111717,0,-0.007807566265209148,0.0,3,1.6271785698983695e-05
2.938,0.08377740000000002,-0.3622833,9.845021700000002,-0.003180144216011982,0,0.023272820206199342,0.0,3,1.6271785698983695e-05
2.954,0.16166880000000003,-0.3622833,9.827069400000001,-0.0032307026365518965,0,-0.003159901283744657,0.0,3,1.6271785698983695e-05
2.969,0.1482291,-0.3592422,9.827069400000001,-0.003287913181285518,0,-0.0038140363155748347,0.0,3,1.6271785698983695e-05
2.985,0.1482291,-0.35178660000000006,9.843550200000001,-0.002948633580116322,0,0.02120497507307471,0.0,3,1.6271785698983695e-05
3.0,0.0898596,-0.35178660000000006,9.848062800000001,-0.002524845187689806,0,0.028252559495100846,0.0,3,1.6271785698983695e-05
3.016,0.1466595,-0.3622833,9.848062800000001,-0.0020854943530377312,0,0.027459427165754644,0.0,3,1.6271785698983695e-05
3.032,0.1466595,-0.3248091,9.8120601,-0.002566259267620552,0,-0.03004780716142627,0.0,3,1.6271785698983695e-05
3.047,0.1437165,-0.3248091,9.827069400000001,-0.0026705183961581724,0,-0.006950608569174638,0.0,3,1.6271785698983695e-05
3.063,0.18413369999999998,-0.34128990000000003,9.830012400000001,-0.0026704643774912995,0,3.3761666795584203e-06,0.0,3,1.6271785698983695e-05
3.079,0.12272310000000002,-0.3173535,9.830012400000001,-0.002713319103348155,0,-0.002678420366053478,-3.4207198215001344e-05,3,1.5998128113263686e-05
3.094,0.1497006,-0.33981839999999996,9.8689581,-0.001778492873114601,0,0.06232174868223827,0.0,3,1.5741574126651183e-05
3.11,0.1497006,-0.33981839999999996,9.8689581,-0.0008664672826430575,0,0.05700159940447142,0.0,3,1.5741574126651183e-05
3.125,0.0898596,-0.3367773,9.8689581,3.070196049392848e-06,0,0.05796916524616288,0.0,3,1.5741574126651183e-05
3.141,0.0898596,-0.3503151,9.851005800000001,0.00042531945893387046,0,0.026390578930279827,0.0,3,1.5741574126651183e-05
3.157,0.16765290000000002,-0.3503151,9.855518400000001,0.0009720296867889999,0,0.034169389240945564,0.0,3,1.5741574126651183e-05
3.172,0.11978010000000001,-0.37425150000000007,9.855518400000001,0.0015098359716940735,0,0.03585375232700461,0.0,3,1.5741574126651183e-05
3.188,0.11978010000000001,-0.37425150000000007,9.855518400000001,0.0020345250301385676,0,0.03279306615278085,0.0,3,1.5741574126651183e-05
3.219,0.11821050000000001,-0.3562992,9.833053500000002,0.001982212348613288,0,-0.0016875058556541926,0.0,3,1.5741574126651183e-05
3.235,0.09133110000000001,-0.3592422,9.7866522,0.000795873119129098,0,-0.07414620184276181,0.0,3,1.5741574126651183e-05
3.25,0.09133110000000001,-0.3592422,9.7866522,-0.0003615310071971578,0,-0.07716027508841641,0.0,3,1.5741574126651183e-05
3.266,0.09133110000000001,-0.37425150000000007,9.7327953,-0.0027895582320471846,0,-0.15175170155312653,0.0,3,1.5741574126651183e-05
3.282,0.1437165,-0.37425150000000007,9.723770100000001,-0.005362889829022777,0,-0.16083322481097437,0.0,3,1.5741574126651183e-05
3.297,0.1332198,-0.3487455,9.7208271,-0.007971936963516058,0,-0.17393647563288395,0.0,3,1.5741574126651183e-05
3.313,0.1332198,-0.3487455,9.7208271,-0.010517348802045134,0,-0.15908823990806717,0.0,3,1.5741574126651183e-05
3.329,0.11978010000000001,-0.3487455,9.716314500000001,-0.013114924322632504,0,-0.16234847003671046,0.0,3,1.5741574126651183e-05
3.344,0.1631403,-0.36973890000000004,9.716314500000001,-0.015614842889391412,0,-0.16666123778393072,-0.00018909970218161263,3,1.4323326360289118e-05
3.36,0.1631403,-0.33981839999999996,9.686394000000002,-0.018809630886041262,0,-0.1996742497906155,0.0,3,1.2810528742836216e-05
3.375,0.1437165,-0.33981839999999996,9.6654006,-0.022445657981158718,0,-0.2424018063411617,-0.0002739101588890773,3,1.075620255116812e-05
3.391,0.1571562,-0.3367773,9.5426775,-0.02898150518813125,0,-0.40849045043578297,-0.00018532746424339752,0,7.082301566108318e-06
3.407,0.1571562,-0.32932170000000005,9.4932351,-0.03656931025373922,0,-0.47423781660049746,-0.00020973398777836055,0,3.92180994993425e-06
3.422,0.1571562,-0.32932170000000005,9.4932351,-0.04397204690311263,0,-0.4935157766248899,-0.00031379416645475455,1,-4.651206814145582e-09
3.438,0.11978010000000001,-0.32932170000000005,9.4857795,-0.051389236368656555,0,-0.4635743415964951,-0.0005766844326289089,1,-7.128479999483459e-06
3.454,0.15568469999999998,-0.33530580000000004,9.4857795,-0.058607703062888206,0,-0.4511541683894778,-0.0009566599480812675,1,-1.939523504516488e-05
3.469,0.15568469999999998,-0.3876912,9.4319226,-0.06691376287431972,0,-0.5537373207621125,-0.0013980709426103062,1,-3.7055716725351306e-05
3.485,0.09427410000000001,-0.3876912,9.377967600000002,-0.07635185739373362,1,-0.5898809074633687,-0.0025441959047547333,1,-6.859385150427165e-05
3.5,0.1511721,-0.42065280000000005,9.4154418,-0.08459402685651973,1,-0.549477964185736,-0.0037512900366316435,1,-0.00011580999606466986
3.516,0.1511721,-0.42065280000000005,9.4154418,-0.09263516779582304,1,-0.502571308706456,-0.005169123593850387,1,-0.00018717330510852618
3.532,0.1257642,-0.42065280000000005,9.337550400000001,-0.10238699790207839,1,-0.6094893816409591,-0.006729300919433599,1,-0.00028236070121479814
3.547,0.1482291,-0.3367773,9.2627001,-0.11380003089788815,1,-0.7608688663873109,-0.008350703635433361,1,-0.0003954607353763013
3.563,0.1571562,-0.35777070000000005,9.2627001,-0.12491193005120849,1,-0.6944936970825204,-0.010260399323026137,1,-0.0005443495590439774
3.594,0.18266220000000002,-0.347274,9.2387637,-0.13633443111315735,1,-0.36846777619190246,-0.014309717921073765,1,-0.0009251863763275221
3.61,0.12272310000000002,-0.3562992,9.2387637,-0.14749410097981475,1,-0.6974793666660866,-0.016580346177817545,1,-0.001172306889118653
3.625,0.12272310000000002,-0.36973890000000004,9.252301500000002,-0.1580388171742637,1,-0.7029810796299253,-0.018871843063973152,1,-0.0014381983084320853
3.641,0.1302768,-0.36973890000000004,9.145961100000001,-0.170915144821274,1,-0.804770477938143,-0.021503474759937455,1,-0.0017612008510233704
3.657,0.16019730000000001,-0.3532581,9.1040724,-0.18450246503746826,1,-0.8492075135121394,-0.024346815638807397,1,-0.0021280031742133294
3.672,0.16019730000000001,-0.3532581,9.1040724,-0.1977583871996096,1,-0.8837281441427481,-0.027213772030585504,1,-0.0025147075817337793
3.688,0.1257642,-0.3532581,8.9873334,-0.21354902163015232,1,-0.9869146519089202,-0.0305042313012236,1,-0.0029764516083882527
3.704,0.20355750000000003,-0.347274,8.9873334,-0.2289254710807871,1,-0.961028090664672,-0.03404402724291112,1,-0.003492837676741331
3.719,0.142245,-0.3487455,8.9873334,-0.243954239220308,1,-1.0019178759680827,-0.037590625070169255,1,-0.004030097569089422
3.735,0.142245,-0.3143124,8.896002300000001,-0.26087333867447526,1,-1.0574437158854524,-0.04162924569332752,1,-0.004663856535197397
3.75,0.1437165,-0.3143124,8.9708526,-0.2755549483851727,1,-0.9787739807131539,-0.04565245784627492,1,-0.00531846931174442
3.766,0.1437165,-0.36071369999999997,8.9708526,-0.28983592599836605,1,-0.8925611008245841,-0.05017558484134323,1,-0.006085093653245366
3.782,0.1437165,-0.32932170000000005,8.960355900000001,-0.3040538203495604,1,-0.8886183969496467,-0.05492670281212665,1,-0.006925911954473126
3.797,0.1302768,-0.32932170000000005,8.870594400000002,-0.32011752414801187,1,-1.0709135865634216,-0.059607987895858486,1,-0.007784922134783022
3.813,0.13469129999999999,-0.3532581,8.870594400000002,-0.33576538084679797,1,-0.9779910436741304,-0.06485505113581697,1,-0.008780626447036427
3.829,0.13469129999999999,-0.3712104,8.858626200000002,-0.3513053373440407,1,-0.9712472810776687,-0.07035161688134368,1,-0.009862279791173713
3.844,0.1272357,-0.35178660000000006,8.777791800000001,-0.3684580697344728,1,-1.1435154926955,-0.07574984243443242,1,-0.01095804073604201
3.86,0.1631403,-0.35178660000000006,8.7957441,-0.38474053644154615,1,-1.0176541691920828,-0.08177543128384057,1,-0.012218242925788197
3.875,0.1631403,-0.35178660000000006,8.7957441,-0.4006258698143004,1,-1.0590222248502723,-0.08766567933075947,1,-0.013489051255397708
3.891,0.1482291,-0.36826739999999997,8.725308300000002,-0.41782993501206356,1,-1.0752540748601982,-0.09421332576937039,1,-0.014944083296198748
3.907,0.16765290000000002,-0.36826739999999997,8.8286076,-0.4320890004472755,1,-0.8911915897007453,-0.10101267725304511,1,-0.016505891320378073
3.922,0.1466595,-0.33981839999999996,8.8286076,-0.44603718858011376,1,-0.9298792088558768,-0.10759862367075058,1,-0.018070476077306552
3.938,0.1466595,-0.33981839999999996,8.8286076,-0.45964517700239504,1,-0.8504992763925793,-0.11484408259541067,1,-0.019850017727435845
3.954,0.1571562,-0.3622833,8.7747507,-0.47420735845698303,1,-0.9101363409117483,-0.1223149028790857,1,-0.021747289611231818
3.969,0.1272357,-0.3532581,8.7747507,-0.48843514589244563,1,-0.9485191623641936,-0.12953472166170626,1,-0.023636161795287717
3.985,0.1272357,-0.3547296,8.780734800000001,-0.5021686482269914,1,-0.8583438959091075,-0.13745955201466176,1,-0.02577211598469866
4.0,0.1272357,-0.3547296,8.780734800000001,-0.5155671870899621,1,-0.89323592419804,-0.14509257077953897,1,-0.027891256905655186
4.016,0.1721655,-0.36375480000000004,8.7193242,-0.5301075085532272,1,-0.908770091454069,-0.15345796834468448,1,-0.030279661218648977
4.032,0.09427410000000001,-0.36375480000000004,8.6460435,-0.5461078480389272,1,-1.0000212178562498,-0.1620676911974217,1,-0.03280386649498583
4.047,0.11526750000000001,-0.37866600000000006,8.6460435,-0.5616961377106318,1,-1.0392193114469928,-0.1703762210905432,1,-0.035297195837145516
4.063,0.11526750000000001,-0.3262806,8.7013719,-0.5756078643255016,1,-0.8694829134293639,-0.17947465310683228,1,-0.03809600283072452
4.079,0.17069399999999998,-0.3262806,8.7013719,-0.5891580854104799,1,-0.8468888178111414,-0.18879278070472014,1,-0.041042142301216944
4.094,0.1032993,-0.34580249999999996,8.7013719,-0.6023852983405718,1,-0.8818141953394253,-0.19772935608285336,1,-0.043941058327123854
4.11,0.1032993,-0.31284090000000003,8.7747507,-0.6135318431390306,1,-0.69665904990368,-0.20745669321469018,1,-0.0471825467215042
4.125,0.16166880000000003,-0.31284090000000003,8.707356,-0.626027483383826,1,-0.8330426829863727,-0.2167533881636114,1,-0.0503641223318414
4.141,0.0868185,-0.3831786,8.707356,-0.6381758741837391,1,-0.7592744249945709,-0.22686701502415194,1,-0.05391308555734351
4.157,0.0868185,-0.36669779999999996,8.6864607,-0.6505544184303904,1,-0.7736590154157057,-0.23717685736506497,1,-0.05762543653645725
4.172,0.1392039,-0.3427614,8.6774355,-0.6628581860046534,1,-0.8202511716175502,-0.2470274518983276,1,-0.06125696885593262
4.188,0.1287072,-0.3427614,8.650556100000001,-0.6755208208525101,1,-0.7914146779910418,-0.2577344839531849,1,-0.06529506434274472
4.204,0.15421320000000002,-0.318825,8.650556100000001,-0.687886752231897,1,-0.772870711211681,-0.26864174453786016,1,-0.06950607417067309
4.219,0.15421320000000002,-0.36071369999999997,8.7373746,-0.6977956124845104,1,-0.6605906835075346,-0.2790343622732336,1,-0.07361364497175645
4.235,0.13469129999999999,-0.36071369999999997,8.7058845,-0.7082379612117311,1,-0.6526467954512943,-0.29028263086280354,1,-0.07816818091684474
4.25,0.15568469999999998,-0.3367773,8.7058845,-0.7184404521264565,1,-0.6801660609817052,-0.30098271896283973,1,-0.08260267104053698
4.266,0.15568469999999998,-0.3831786,8.707356,-0.7283115035021712,1,-0.6169407109821717,-0.31255673460786876,1,-0.08751098666910265
4.282,0.1482291,-0.3831786,8.6894037,-0.7383823408035983,1,-0.6294273313391935,-0.3242902853623149,1,-0.09260576282886412
4.297,0.16019730000000001,-0.36669779999999996,8.6894037,-0.7482196987370955,1,-0.6558238622331579,-0.33543980065886986,1,-0.0975537384740229
4.313,0.16019730000000001,-0.3562992,8.6864607,-0.7578993695721525,1,-0.6049794271910652,-0.34748875320534384,1,-0.10301716690493662
4.329,0.1571562,-0.37268190000000007,8.7283494,-0.7663069801455951,1,-0.5254756608401574,-0.3596824040030858,1,-0.10867453616260406
4.344,0.1482291,-0.37268190000000007,8.644572,-0.776554508519677,1,-0.6831685582721033,-0.3712538651680758,1,-0.11415655818138798
4.36,0.1272357,-0.38023560000000006,8.644572,-0.7865522319398472,1,-0.6248577137606398,-0.383758719091752,1,-0.12019665885546661
4.375,0.1272357,-0.33981839999999996,8.6984289,-0.795034689696962,1,-0.5654971838076627,-0.39562062100402784,1,-0.12604200390618484
4.391,0.1482291,-0.33981839999999996,8.7118686,-0.8029746571181118,1,-0.4962479638218604,-0.40840469577854843,1,-0.13247420644044544
4.407,0.15421320000000002,-0.3278502,8.7118686,-0.810729611413878,1,-0.48468464348538864,-0.42131432992680434,1,-0.13911195864608827
4.422,0.15421320000000002,-0.3712104,8.6984289,-0.8185804792314997,1,-0.5233911878414562,-0.43353415560664443,1,-0.145523322287589
4.438,0.1032993,-0.3712104,8.7103971,-0.8259666033918283,1,-0.4616327600205357,-0.44669053226763106,1,-0.1525651197905832
4.454,0.15421320000000002,-0.37572300000000003,8.7103971,-0.8331495266968023,1,-0.44893270656087797,-0.4599634613083401,1,-0.15981835173919098
4.469,0.11978010000000001,-0.3532581,8.6819481,-0.8408865981678328,1,-0.5158047647353493,-0.4725187322448253,1,-0.16681196819084
4.485,0.11978010000000001,-0.4281084,8.6534991,-0.8490458675799122,1,-0.5099543382549583,-0.4860381919708073,1,-0.17448042358456506
4.5,0.13469129999999999,-0.4281084,8.735805,-0.8549959981544024,1,-0.3966753716326905,-0.49881850596381433,1,-0.18186684881907456
4.516,0.12272310000000002,-0.3936753,8.735805,-0.8608447529428407,1,-0.3655471742773916,-0.5125452319725925,1,-0.18995775872256582
4.532,0.12272310000000002,-0.37268190000000007,8.6834196,-0.8678496888288407,1,-0.4378084928750022,-0.5263747875067659,1,-0.19826911887840068
4.547,0.1661814,-0.37268190000000007,8.6879322,-0.8745562163267486,1,-0.4471018331938695,-0.5394428317954325,1,-0.206262751023167
4.563,0.16912439999999998,-0.3876912,8.6879322,-0.8810817849046497,1,-0.4078480361188182,-0.5534879358052837,1,-0.21500619716397273
4.579,0.16912439999999998,-0.3876912,8.6879322,-0.8874481932733342,1,-0.397900523042782,-0.5676361756307076,1,-0.22397519005546068
4.594,0.16912439999999998,-0.3532581,8.6894037,-0.8936592426767778,1,-0.4140699602295526,-0.5809944814003339,1,-0.2325899199831938
4.61,0.1661814,-0.3652263,8.6639958,-0.9003271741871242,1,-0.4167457193966491,-0.5953463727352452,1,-0.24200064681627845
4.625,0.1661814,-0.3652263,8.6639958,-0.9068324732216073,1,-0.4336866022988865,-0.6089000700908104,1,-0.25103249513747367
4.641,0.1437165,-0.3547296,8.6939163,-0.9124704622083701,1,-0.35237431167267597,-0.6234544935742502,1,-0.2608913316467942
4.657,0.1437165,-0.31284090000000003,8.707356,-0.917682588842057,1,-0.32575791460542874,-0.6380957179826536,1,-0.2709837333392494
4.672,0.1362609,-0.31284090000000003,8.7223653,-0.9224047114967924,1,-0.31480817698236485,-0.6518963727351947,1,-0.28065867401963307
4.688,0.1062423,-0.3367773,8.6774355,-0.9280950541599271,1,-0.3556464164459202,-0.6667003708604485,1,-0.2912074479683982
4.719,0.12272310000000002,-0.3367773,8.713340100000002,-0.9327663303105957,1,-0.15068632744092125,-0.6955437223197422,1,-0.31232223141269155
4.735,0.145188,-0.34580249999999996,8.713340100000002,-0.9373066423293892,1,-0.2837695011745908,-0.710504306100862,1,-0.3235706156400564
4.75,0.145188,-0.42506730000000004,8.6879322,-0.9422696729305571,1,-0.3308687067445319,-0.7246011284653113,1,-0.3343339063993025
4.766,0.1497006,-0.42506730000000004,8.735805,-0.9459437184500477,1,-0.22962784496816083,-0.7397068355963562,1,-0.34604837011179584
4.782,0.1332198,-0.3712104,8.6984289,-0.9505051322578986,1,-0.2850883629906817,-0.7548784264020197,1,-0.35800505220778284
4.797,0.1332198,-0.3712104,8.6984289,-0.9549552920704372,1,-0.2966773208359131,-0.769169379584482,1,-0.3694354107526814
4.813,0.1332198,-0.3367773,8.7118686,-0.9590035428715904,1,-0.2530156750720767,-0.7844810502640182,1,-0.3818646141914694
4.829,0.1212516,-0.3367773,8.773279200000001,-0.9614607497745311,1,-0.15357543143379435,-0.7998447646051872,1,-0.394539220710423
4.844,0.1317483,-0.347274,8.7537573,-0.9643200811637858,1,-0.19062209261696939,-0.8142881208372251,1,-0.4066452173512416
4.86,0.1317483,-0.347274,8.7537573,-0.9671096727630584,1,-0.17434947495453806,-0.8297395588686399,1,-0.41979743878888853
4.875,0.145188,-0.347274,8.785247400000001,-0.9690587004077251,1,-0.12993517631111987,-0.8442608216674204,1,-0.4323524416429087
4.891,0.1646118,-0.2948886,8.785247400000001,-0.9709985028061414,1,-0.12123764990101804,-0.8597812792931314,1,-0.44598477845059314
4.907,0.1646118,-0.40113090000000007,8.8630407,-0.9708933340454529,1,0.006573047543034776,-0.8753164139879441,1,-0.45986555999684176
4.922,0.16019730000000001,-0.40113090000000007,8.8660818,-0.9707186156906893,1,0.011647890317571581,-0.8898785036109649,1,-0.4731045218788333
4.938,0.1571562,-0.3532581,8.8555851,-0.9708548805944837,1,-0.008516556487148101,-0.9054110915812463,1,-0.487466838640371
4.954,0.1511721,-0.36071369999999997,8.8555851,-0.970983036955543,1,-0.00800977256620871,-0.9209457949216465,1,-0.5020776937323942
4.969,0.1511721,-0.34580249999999996,8.9574129,-0.9686411836773097,1,0.1561235518822161,-0.9354929765763935,1,-0.51600098451863
4.985,0.15421320000000002,-0.34580249999999996,8.940932100000001,-0.9667567969418212,1,0.11777417096803233,-0.9509761604213466,1,-0.531092737614612
5.0,0.1781496,-0.3262806,8.940932100000001,-0.9649254092314177,1,0.122092514026901,-0.9654637769676455,1,-0.5454660371450291
5.016,0.1781496,-0.344331,8.988804900000002,-0.9619556548775741,1,0.1856096471152256,-0.9808788254805174,1,-0.5610367779646144
5.032,0.1406754,-0.344331,9.000773100000002,-0.9587828705242512,1,0.19829902208268174,-0.9962447336837321,1,-0.5768537664379284
5.047,0.16019730000000001,-0.3771945,9.000773100000002,-0.9556474237333976,1,0.20902978605690684,-1.0106029608906641,1,-0.5919051241472361
5.063,0.16019730000000001,-0.35178660000000006,9.030693600000001,-0.951884423479143,1,0.23518751589091091,-1.0258632156683645,1,-0.6081968535597083
5.079,0.08377740000000002,-0.35178660000000006,9.0816075,-0.9469975462590412,1,0.30542982625636456,-1.04105427142627,1,-0.6247321934564654
5.094,0.15421320000000002,-0.3547296,9.150473700000001,-0.9405264270282387,1,0.4314079487201475,-1.055210701225925,1,-0.6404541807513574
5.11,0.1856052,-0.3202965,9.150473700000001,-0.9342298856250508,1,0.39353383769924444,-1.0702087517271515,1,-0.657457536374982
5.125,0.1856052,-0.34580249999999996,9.183435300000001,-0.927261089910365,1,0.4645863809790621,-1.0841699340436668,1,-0.6736153765182629
5.141,0.1482291,-0.34580249999999996,9.2162988,-0.9196779403439912,1,0.47394684789836505,-1.0989454462857016,1,-0.6910802995608978
5.157,0.1497006,-0.32932170000000005,9.2162988,-0.9122938770573406,1,0.46150395541566486,-1.1136012208249122,1,-0.7087806728977827
5.172,0.1497006,-0.34128990000000003,9.199916100000001,-0.9054785523606679,1,0.45435497977818806,-1.1272345140455469,1,-0.7255869409093108
5.188,0.1631403,-0.34128990000000003,9.3166551,-0.8959789674605751,1,0.5937240562557949,-1.1416461742041168,1,-0.7437379864153081
5.204,0.17510850000000003,-0.36375480000000004,9.3166551,-0.8866850714136323,1,0.5808685029339283,-1.1559074865151104,1,-0.7621184157010619
5.219,0.17510850000000003,-0.3592422,9.322639200000001,-0.8774763027526991,1,0.6139179107288588,-1.1691386968213584,1,-0.7795562620760861
5.235,0.13469129999999999,-0.3592422,9.4139703,-0.8662827809478024,1,0.6995951128060389,-1.1830887694909624,1,-0.7983740818065846
5.25,0.145188,-0.3592422,9.4827384,-0.8536826072448065,1,0.8400115801997466,-1.1959885099024068,1,-0.8162171614020345
5.266,0.1511721,-0.3876912,9.4827384,-0.841360173127736,1,0.7701521323169029,-1.2095488521453872,1,-0.8354614602984168
5.282,0.1511721,-0.3876912,9.4827384,-0.8293382861842531,1,0.7513679339676831,-1.2229144398198832,1,-0.854921166634139
5.297,0.1511721,-0.37866600000000006,9.4738113,-0.8178360354730696,1,0.7668167140789158,-1.2352682472323129,1,-0.8733575367870301
5.313,0.15568469999999998,-0.37866600000000006,9.5111874,-0.8057017811961256,1,0.7583908923090015,-1.2482565497656664,1,-0.893225735163014
5.329,0.11821050000000001,-0.32932170000000005,9.5111874,-0.7939213917241243,1,0.7362743420000755,-1.2610535351490284,1,-0.9133002158423316
5.344,0.11821050000000001,-0.3367773,9.5336523,-0.7818744257585077,1,0.8031310643744101,-1.2728720037801486,1,-0.9323046573843011
5.36,0.1497006,-0.3367773,9.6219423,-0.7679586821860447,1,0.8697339732789403,-1.285270668643705,1,-0.9527697987636919
5.375,0.11526750000000001,-0.36973890000000004,9.6219423,-0.7543644086854773,1,0.9062849000378467,-1.2966880918252413,1,-0.9721344894672086
5.391,0.11526750000000001,-0.347274,9.6503913,-0.7404287241098171,1,0.8709802859787611,-1.3086464368876036,1,-0.9929771656969114
5.407,0.1332198,-0.347274,9.6639291,-0.7264973555608947,1,0.8707105343076497,-1.3203818455249694,1,-1.014009391956212
5.422,0.1332198,-0.344331,9.6923781,-0.7122149694055171,1,0.9521590770251923,-1.3311721879622174,1,-1.0338960472073655
5.438,0.16912439999999998,-0.3218661,9.6923781,-0.6982861023488418,1,0.8705541910422047,-1.3424561965362523,1,-1.0552850742833533
5.454,0.16912439999999998,-0.3338343,9.687865500000001,-0.6847970783992317,1,0.843063996850634,-1.3535208619822368,1,-1.0768528907515011
5.469,0.15568469999999998,-0.3338343,9.771642900000002,-0.6696006576566873,1,1.0130947161695847,-1.3636788450026565,1,-1.0972318885538885
5.485,0.1392039,-0.3307932,9.771642900000002,-0.6547834631964129,1,0.9260746537671497,-1.3742739179694812,1,-1.1191355106576657
5.5,0.1392039,-0.3218661,9.747706500000001,-0.6409183684186921,1,0.924339651848073,-1.3839916817065943,1,-1.1398225026552358
5.516,0.1287072,-0.3218661,9.843550200000001,-0.6250587738487816,1,0.9912246606194044,-1.394119498844734,1,-1.1620473920996464
5.532,0.1721655,-0.3592422,9.843550200000001,-0.6095382951498216,1,0.9700299186849994,-1.403996275396723,1,-1.184432318293578
5.547,0.1721655,-0.3532581,9.851005800000001,-0.5942199434180644,1,1.0212234487838363,-1.413024462185982,1,-1.2055599738254479
5.563,0.1332198,-0.3532581,9.979713000000002,-0.5761529956152938,1,1.1291842376731631,-1.4223874456982488,1,-1.2282432690885217
5.579,0.142245,-0.3876912,9.9258561,-0.5598049706701556,1,1.021751559071137,-1.4314751094285325,1,-1.251074169529536
5.594,0.11673900000000001,-0.3712104,9.9258561,-0.5438791414658617,1,1.0617219469528838,-1.439752740269553,1,-1.2726083784022724
5.61,0.11673900000000001,-0.3936753,10.012674599999999,-0.526204922283906,1,1.104638698872228,-1.4483134127795512,1,-1.2957129076266651
5.625,0.1466595,-0.3936753,10.0097316,-0.5090239084111747,1,1.1454009248487778,-1.4560776290097641,1,-1.3174958404400845
5.641,0.1302768,-0.34580249999999996,10.0965501,-0.49019446772379993,1,1.1768400429609238,-1.464071376018844,1,-1.3408570324803133
5.657,0.1482291,-0.34580249999999996,10.1189169,-0.47127309258319805,1,1.1825859462876165,-1.4717631165012999,1,-1.3643437084204744
5.672,0.1482291,-0.34580249999999996,10.1189169,-0.45281321439724564,1,1.2306585457301866,-1.478693763803653,1,-1.3864721350227611
5.688,0.11526750000000001,-0.3173535,10.1189169,-0.4348367608494037,1,1.1235283467401205,-1.4857949636056262,1,-1.4101880448420354
5.704,0.11526750000000001,-0.3712104,10.1473659,-0.41656072534435573,1,1.1422522190654971,-1.4926061434951763,1,-1.4340152536988418
5.719,0.1317483,-0.318825,10.237225500000001,-0.39657852823418693,1,1.3321464740112028,-1.4987046878970156,1,-1.456450084934284
5.735,0.10182780000000001,-0.318825,10.249193700000001,-0.37680027090597257,1,1.2361410830133968,-1.504891718290137,1,-1.4804788561837814
5.75,0.1466595,-0.3202965,10.249193700000001,-0.3574900439558917,1,1.2873484633387533,-1.5103988956516008,1,-1.503093535788344
5.766,0.1437165,-0.34580249999999996,10.373388300000002,-0.33560447101109503,1,1.3678483090497895,-1.5159436517713367,1,-1.5273042761677273
5.797,0.1497006,-0.2948886,10.373388300000002,-0.31428895600824625,1,0.6875972581564191,-1.5260169998901365,1,-1.5744546662684797
5.813,0.1497006,-0.37268190000000007,10.4797287,-0.2908405710594071,1,1.4655240593024463,-1.5308580361066777,1,-1.5989096665564542
5.829,0.16912439999999998,-0.37268190000000007,10.4812002,-0.2679210339440772,1,1.4324710697081176,-1.5353281289467056,1,-1.6234391558768813
5.844,0.1032993,-0.4116276,10.4812002,-0.24554584581134264,1,1.4916792088489126,-1.5391791305448714,1,-1.646497960323069
5.86,0.1032993,-0.4116276,10.4812002,-0.22371639397452903,1,1.36434073980085,-1.5429332284631585,1,-1.6711548591951333
5.875,0.1212516,-0.36375480000000004,10.6459101,-0.19844316777854232,1,1.68488174639915,-1.5460994251763065,1,-1.6943226040974289
5.891,0.1272357,-0.36375480000000004,10.6818147,-0.1729095087852297,1,1.595853687082037,-1.5490702465888166,1,-1.7190839614715498
5.907,0.09584369999999999,-0.34580249999999996,10.6818147,-0.1480211461246821,1,1.5555226662842245,-1.5516376918280959,1,-1.7438896249788851
5.922,0.09584369999999999,-0.3503151,10.7401842,-0.12231340379834243,1,1.7138494884226803,-1.5536652009525185,1,-1.7671793966747393
5.938,0.142245,-0.3503151,10.801496700000001,-0.09572563652826815,1,1.661735454379641,-1.5554095132751313,1,-1.7920519943885607
5.954,0.16912439999999998,-0.3338343,10.801496700000001,-0.06978963023024498,2,1.621000393626447,-1.5567336354091994,1,-1.8169491395780353
5.969,0.16912439999999998,-0.3338343,10.801496700000001,-0.044486209451685355,2,1.6868947185705778,-1.557590704206814,1,-1.8403065721251564
5.985,0.16912439999999998,-0.3278502,10.767063600000002,-0.020643753866579573,2,1.49015347406911,-1.55811174391336,1,-1.8652321917101178
6.0,0.17069399999999998,-0.3278502,10.8150345,0.003787118360513375,2,1.6287248151395646,-1.5582381686796556,1,-1.888604816054565
6.016,0.16765290000000002,-0.318825,10.823961599999999,0.02783199224081301,2,1.5028046175187257,-1.557985215794845,1,-1.913534603130361
6.032,0.1497006,-0.31284090000000003,10.8270027,0.0513538688818187,2,1.4701172900628543,-1.557351728905864,1,-1.9384572986879667
6.047,0.1497006,-0.31284090000000003,10.8270027,0.07430204121450679,3,1.5298781555125718,-1.5564093095801417,1,-1.9618105064766111
6.063,0.1511721,-0.31284090000000003,10.8898848,0.09822392562744753,3,1.495117775808795,-1.555029101845406,1,-1.9867020137680156
6.079,0.17667810000000003,-0.3098979,10.8898848,0.12156965765489858,3,1.4591082517156893,-1.5532707531791474,1,-2.011568412608212
6.094,0.1406754,-0.3487455,10.9946556,0.1469157086903845,3,1.6897367356989978,-1.5512571129315578,1,-2.0348523716040434
6.11,0.1406754,-0.3487455,10.9946556,0.17164356335915087,3,1.5454909167978967,-1.5487086387551614,1,-2.059652097617537
6.125,0.1302768,-0.37268190000000007,10.9946556,0.19578431846294464,3,1.6093836735862854,-1.5459529296414958,1,-2.0828620593805116
6.141,0.1302768,-0.38621970000000005,10.9437417,0.21810671669847181,3,1.395149889720447,-1.5426418013602043,1,-2.1075708172285252
6.157,0.1332198,-0.38621970000000005,11.0155509,0.24163576239098106,3,1.4705653557818263,-1.5389638615274888,1,-2.1322236625316267
6.172,0.0673947,-0.344331,11.0155509,0.26454245959697076,3,1.5271131470660126,-1.5351675248625791,1,-2.1552796479295515
6.188,0.0673947,-0.3427614,10.958751000000001,0.2855045997871706,3,1.3101337618874875,-1.530767148387506,1,-2.1798071253155524
6.204,0.11978010000000001,-0.37572300000000003,10.9916145,0.3067937443165647,3,1.3305715330871315,-1.5260287616346762,1,-2.20426149259573
6.219,0.09584369999999999,-0.3202965,11.0290887,0.32842872370728315,3,1.4423319593811759,-1.521264593124497,1,-2.2271161927564243
6.235,0.09584369999999999,-0.3202965,11.0290887,0.34953602067383827,3,1.3192060604096933,-1.515840875169448,1,-2.251413036502776
6.25,0.09584369999999999,-0.3218661,11.0155509,0.3697995824180804,3,1.350904116282839,-1.5104458581462588,1,-2.274110187002643
6.266,0.1482291,-0.3218661,10.966206600000001,0.3883801645195071,3,1.161286381339165,-1.504380420170758,1,-2.298228797229179
6.282,0.1332198,-0.3218661,10.966206600000001,0.40650286635313293,3,1.1326688646016148,-1.498021355923777,1,-2.3222480114379356
6.297,0.1332198,-0.3173535,10.9437417,0.4236326907038084,3,1.1419882900450542,-1.49179533924585,1,-2.3446716366517073
6.313,0.1497006,-0.3173535,10.9511973,0.44053165833394914,3,1.0561854768837966,-1.4848820244535479,1,-2.3684850555613024
6.329,0.1661814,-0.37866600000000006,10.9511973,0.45707174271546513,3,1.0337552738447489,-1.4777011972451526,1,-2.392185721334892
6.344,0.1661814,-0.3427614,10.9138212,0.4722685252799561,3,1.0131188376326932,-1.4707311452351866,1,-2.4142989639034953
6.36,0.1302768,-0.36973890000000004,10.9826874,0.4887828205389404,3,1.0321434536865173,-1.4630427344686354,1,-2.437769154941126
6.375,0.1302768,-0.36973890000000004,10.930302000000001,0.503617452484205,3,0.9889754630176595,-1.455599732420962,1,-2.4596589734427976
6.391,0.1466595,-0.33226469999999997,10.930302000000001,0.5180659894191866,3,0.9030335584363495,-1.4474262648857348,1,-2.482883181421251
6.407,0.1466595,-0.33981839999999996,10.918333800000001,0.5318760440774604,3,0.8631284161421108,-1.4390267286177616,1,-2.505974805369279
6.422,0.1302768,-0.33981839999999996,10.9078371,0.5450883286483332,3,0.8808189713915433,-1.4309494958223183,1,-2.527499627052579
6.438,0.10477080000000001,-0.37268190000000007,10.9078371,0.5579978267936312,3,0.8068436340811218,-1.4221248065787826,1,-2.550324221471788
6.454,0.10477080000000001,-0.34580249999999996,10.8569232,0.5693297617596329,3,0.7082459353751063,-1.4131061858703564,1,-2.573006069411381
6.469,0.12272310000000002,-0.34580249999999996,10.873404,0.5807916346173574,3,0.7641248571816035,-1.4044802753975287,1,-2.594137967870891
6.485,0.1078119,-0.34128990000000003,10.873404,0.5919666208015961,3,0.6984366365149202,-1.395098209354177,1,-2.6165345957489046
6.5,0.1078119,-0.32333760000000006,10.9347165,0.6043503681153997,3,0.8255831542535869,-1.3861258319372998,1,-2.63739377605859
6.516,0.1362609,-0.3202965,10.8853722,0.6152347236161564,3,0.6802722187972948,-1.3763691512034473,1,-2.659493735923716
6.532,0.1586277,-0.3202965,10.8569232,0.6251674891611856,3,0.6207978465643244,-1.3664459335012284,1,-2.6814362566013537
6.547,0.173637,-0.32333760000000006,10.8569232,0.6348657881621822,3,0.6465532667331213,-1.3569956839213033,1,-2.701862068732022
6.563,0.173637,-0.3143124,10.8000252,0.6429340889521082,3,0.5042687993703772,-1.346773284904389,1,-2.7234922204826275
6.579,0.173637,-0.3143124,10.8000252,0.6508056019178898,3,0.491969560361349,-1.336423367377429,1,-2.744957793700882
6.594,0.1466595,-0.36669779999999996,10.8150345,0.6588814707849551,3,0.5383912578043288,-1.3266007143321574,1,-2.764930474313705
6.61,0.1466595,-0.3338343,10.8719325,0.6681213956894467,3,0.5774953065307281,-1.3159846914003621,1,-2.786071157559565
6.625,0.1526436,-0.3338343,10.8643788,0.6769538328909732,3,0.5888291467684451,-1.305896627186009,1,-2.8057352674489624
6.641,0.1526436,-0.3338343,10.8643788,0.6855708447949009,3,0.5385632439954819,-1.294996429764522,1,-2.826542411904567
6.657,0.17069399999999998,-0.347274,10.8643788,0.6939945019213845,3,0.5264785704052195,-1.2839599069907917,1,-2.8471740625986093
6.672,0.1272357,-0.3532581,10.788057,0.7003424933760307,3,0.42319943030975987,-1.2735023795260612,1,-2.8663550297474854
6.688,0.1212516,-0.34580249999999996,10.819547100000001,0.7072956974351339,3,0.43457525369394695,-1.2622412739995719,1,-2.8866409789756906
6.704,0.16166880000000003,-0.3592422,10.819547100000001,0.7141028655442074,3,0.425448006817097,-1.250870085495737,1,-2.9067458698516533
6.719,0.16166880000000003,-0.34580249999999996,10.7401842,0.7187988637375184,3,0.31306654622072233,-1.2401233225261237,1,-2.925428320411818
6.735,0.16166880000000003,-0.34580249999999996,10.7401842,0.7233803253895292,3,0.28634135325067395,-1.2285858890131074,1,-2.945177994104132
6.75,0.12272310000000002,-0.34580249999999996,10.8000252,0.7292961657027703,3,0.39438935421608207,-1.2176908153299153,1,-2.963525069386704
6.766,0.1482291,-0.36375480000000004,10.8000252,0.7350898907708494,3,0.3621078167549415,-1.2059757268781264,1,-2.9829144017243685
6.782,0.1482291,-0.33530580000000004,10.759608,0.7397346470157071,3,0.29029726530360705,-1.194177130575834,1,-3.0021156245840004
6.797,0.1406754,-0.33530580000000004,10.8074808,0.7454306105071318,3,0.37973089942831806,-1.183038391144413,1,-3.019944740996902
6.813,0.2006145,-0.35178660000000006,10.8074808,0.7510234862795748,3,0.34955473577769036,-1.1710667583701193,1,-3.038777582193018
6.829,0.13469129999999999,-0.3262806,10.7731458,0.7555985286741809,3,0.28594014966287745,-1.1590137822504893,1,-3.057418226517983
6.844,0.13469129999999999,-0.33530580000000004,10.7506809,0.7595211242364872,3,0.26150637082041284,-1.147650384853659,1,-3.0747182077712645
6.86,0.1332198,-0.33530580000000004,10.749111300000001,0.7633093384066143,3,0.23676338563294297,-1.1354677411525143,1,-3.092983152779314
6.875,0.1212516,-0.3098979,10.749111300000001,0.7669831147755488,3,0.2449184245956393,-1.1239905477536483,1,-3.10992908994611
6.891,0.1212516,-0.3202965,10.6937829,0.7692259326630175,3,0.14017611796679474,-1.1117008753741398,1,-3.127814621331132
6.907,0.1661814,-0.3202965,10.671318000000001,0.7708811550376193,3,0.10345139841261276,-1.0993800186725347,1,-3.145503268483506
6.922,0.15421320000000002,-0.33530580000000004,10.671318000000001,0.7725028652727577,3,0.10811401567589242,-1.0878046385202071,1,-3.161907153412451
6.938,0.15421320000000002,-0.3562992,10.7206623,0.7753043310038468,3,0.1750916081930674,-1.0754221809499942,1,-3.1792129679682124
6.954,0.1466595,-0.3562992,10.755095400000002,0.7788741762677489,3,0.22311532899388345,-1.0629887528918214,1,-3.196320255438947
6.969,0.1287072,-0.38621970000000005,10.755095400000002,0.7823765246544596,3,0.23348989244737164,-1.0512793726349043,1,-3.212177266380398
6.985,0.1302768,-0.3771945,10.744696800000002,0.7855326536989153,3,0.1972580652784826,-1.0387360992080774,1,-3.228897390155142
7.0,0.1257642,-0.3547296,10.662292800000001,0.7865832311384722,3,0.07003849597045698,-1.0269452300717972,1,-3.2443900001247408
7.016,0.1257642,-0.3547296,10.662292800000001,0.7876081847380405,3,0.06405959997302085,-1.0143516987447851,1,-3.2607203755552736
7.032,0.11673900000000001,-0.3876912,10.662292800000001,0.7886336085014101,3,0.06408898521059742,-1.0017417643988695,1,-3.2768491232604227
7.047,0.11673900000000001,-0.36669779999999996,10.7626491,0.7920620570991641,3,0.2285632398502743,-0.9898865469068655,1,-3.2917863355952153
7.063,0.1302768,-0.36669779999999996,10.786585500000001,0.7959941059054678,3,0.24575305039398176,-0.9771820976028285,1,-3.3075228847512927
7.079,0.13469129999999999,-0.3338343,10.786585500000001,0.7998055602383563,3,0.2382158958055267,-0.9644157002736778,1,-3.323055667134305
7.094,0.13469129999999999,-0.315882,10.7686332,0.8030732333927197,3,0.21784487695755794,-0.9523941093214443,1,-3.337431740706269
7.11,0.1212516,-0.315882,10.767063600000002,0.8062190496559509,3,0.19661351645194874,-0.939519771057055,1,-3.352567051749297
7.125,0.145188,-0.315882,10.767063600000002,0.8092953585100311,3,0.2050872569386822,-0.9274034129958104,1,-3.366568975629693
7.141,0.15421320000000002,-0.3053853,10.7162478,0.8110535304053919,3,0.10988574346004744,-0.914440621884487,1,-3.3813037279087355
7.157,0.15421320000000002,-0.3547296,10.7146782,0.8127676086166353,3,0.10712988820271709,-0.9014500527723108,1,-3.39583085330599
7.172,0.1212516,-0.3547296,10.6668054,0.813262640198225,3,0.03300210543931403,-0.8892548259061996,1,-3.4092611398960786
7.188,0.16912439999999998,-0.32333760000000006,10.6668054,0.8137371600637273,3,0.029657491593892943,-0.876238827504104,1,-3.4233850891233613
7.204,0.16912439999999998,-0.3712104,10.7146782,0.815404875419885,3,0.10423220975985793,-0.863205691220235,1,-3.437300645273156
7.219,0.1466595,-0.3712104,10.765592100000001,0.8182647920939594,3,0.19066111160495075,-0.8509531687138807,1,-3.450156836722662
7.235,0.1466595,-0.3712104,10.765592100000001,0.821054954702813,3,0.17438516305334756,-0.8378386107395065,1,-3.4636671709582894
7.25,0.1272357,-0.3771945,10.7102637,0.8224275651065014,3,0.0915073602458961,-0.8255124918409369,1,-3.4761423042276425
7.266,0.1377324,-0.3771945,10.650324600000001,0.822308964815905,3,-0.0074125181622752764,-0.8123545996015576,1,-3.4892452409591823
7.297,0.1497006,-0.3817071,10.654837200000001,0.8223110938696419,3,6.867915280211911e-05,-0.7868629886919319,1,-3.514033113577731
7.297,0.1377324,-0.3652263,10.654837200000001,0.8222951567197789,3,0.0,-0.7868629886919319,1,-3.514033113577731
7.313,0.1377324,-0.3652263,10.654837200000001,0.822279608280887,3,-0.0009717774307471663,-0.7737063905719266,1,-3.526517668611842
7.329,0.1377324,-0.33981839999999996,10.6218756,0.821440484300334,3,-0.052445248784560534,-0.7605566298312768,1,-3.5387917727750677
7.344,0.1661814,-0.3278502,10.617461100000002,0.8205149723163405,3,-0.061700798932896844,-0.7482419639066513,1,-3.5501077622281025
7.36,0.1661814,-0.3278502,10.617461100000002,0.8196120337953712,3,-0.05643365756058389,-0.7351209478577576,1,-3.561974665522218
7.375,0.1511721,-0.290376,10.5650757,0.8174219715672173,3,-0.14600414854359492,-0.7228431928175385,1,-3.5729093965772827
7.391,0.1377324,-0.318825,10.5650757,0.8153008408455964,3,-0.1325706701013062,-0.7097814103182359,1,-3.5843703934023687
7.407,0.1377324,-0.33530580000000004,10.554579000000002,0.8129880155343052,3,-0.14455158195569848,-0.6967550994671967,1,-3.5956226854806523
7.422,0.1377324,-0.33530580000000004,10.554579000000002,0.8107316005964602,3,-0.15042766252300377,-0.6845772023462162,1,-3.6059826777442527
7.438,0.11526750000000001,-0.33530580000000004,10.4677605,0.806407336239845,3,-0.2702665222884535,-0.6716400908515258,1,-3.6168324160898346
7.454,0.113796,-0.2918475,10.472175,0.8022640354701487,3,-0.2589562981060165,-0.6587707198778459,1,-3.6274757025756696
7.469,0.1332198,-0.32333760000000006,10.472175,0.7982499235450895,3,-0.26760746167060206,-0.6467668651852311,1,-3.637267234463643
7.485,0.1332198,-0.31284090000000003,10.4034069,0.7926495631039465,3,-0.35002252757143604,-0.6340396692920388,1,-3.6475136867394613
7.5,0.13469129999999999,-0.31284090000000003,10.383885000000001,0.7867103702576603,3,-0.3959461897524211,-0.622194469791827,1,-3.65693544278259
7.516,0.1078119,-0.37866600000000006,10.383885000000001,0.7809618098984217,3,-0.35928502245241545,-0.6096530923505784,1,-3.666790223279729
7.532,0.1078119,-0.3503151,10.3225725,0.7738347118155549,3,-0.44544363017917604,-0.5972147201768666,1,-3.6764451657799486
7.547,0.142245,-0.3503151,10.3120758,0.7666357656057627,3,-0.47992974731948435,-0.585661191596207,1,-3.6853167351182465
7.563,0.1078119,-0.3817071,10.3120758,0.7596293848116531,3,-0.43789879963185246,-0.5734510703928677,1,-3.694589633214159
7.579,0.1078119,-0.3996594,10.283626800000002,0.7521171492147545,3,-0.4695147248061633,-0.5613570981206564,1,-3.703668098562267
7.594,0.1302768,-0.3278502,10.256649300000001,0.7440749681330363,3,-0.5361454054478576,-0.5501356572405475,1,-3.7120042942274765
7.61,0.1302768,-0.3278502,10.256649300000001,0.7362289378094093,3,-0.4903768952266847,-0.5382932259930079,1,-3.720711725293345
7.625,0.1392039,-0.31284090000000003,10.256649300000001,0.72856570556789,3,-0.5108821494346325,-0.5273072661676784,1,-3.72870372898455
7.641,0.1392039,-0.34128990000000003,10.244681100000001,0.7208197758173824,3,-0.48412060940672363,-0.5157121823165962,1,-3.737047884572424
7.657,0.16912439999999998,-0.34128990000000003,10.148935500000002,0.7109401146034227,3,-0.6174788258724856,-0.5042581031932297,1,-3.7452076468565028
7.672,0.09427410000000001,-0.31284090000000003,10.148935500000002,0.701255397142921,3,-0.6456478307001272,-0.4936666368551322,1,-3.7526920824068655
7.688,0.09427410000000001,-0.3053853,10.0710441,0.6899025149234905,3,-0.709555138714401,-0.4825373735586009,1,-3.7605017144901756
7.704,0.1437165,-0.3053853,10.080069300000002,0.6790607766770851,3,-0.6776086404003395,-0.47158566722579626,1,-3.768134698816451
7.719,0.1437165,-0.344331,10.0965501,0.668915761105561,3,-0.676334371434917,-0.461475843192426,1,-3.7751326601445876
7.735,0.1437165,-0.344331,10.0965501,0.6590181849382208,3,-0.618598510458756,-0.45085237162407577,1,-3.7824312858631197
7.75,0.1032993,-0.3367773,10.0830123,0.6490137626097532,3,-0.6669614885645245,-0.44104213201746617,1,-3.7891204946404313
7.766,0.11673900000000001,-0.3367773,10.092037500000002,0.6394769146266253,3,-0.5960529989454949,-0.4307342065995751,1,-3.796094705349368
7.782,0.1362609,-0.3487455,10.092037500000002,0.6301885447793154,3,-0.5805231154568652,-0.4205768829243276,1,-3.802905194065559
7.797,0.1362609,-0.36973890000000004,9.990209700000001,0.6186632394052847,3,-0.7683536916020655,-0.4112104945429433,1,-3.8091435993965637
7.813,0.1466595,-0.36973890000000004,9.987266700000001,0.6073509038720442,3,-0.7070209708275315,-0.40140238139672463,1,-3.815644502404081
7.829,0.11526750000000001,-0.3831786,9.987266700000001,0.5963167929587385,3,-0.6896319320816018,-0.39177303982207834,1,-3.8219899057738314
7.844,0.11526750000000001,-0.38023560000000006,9.967744800000002,0.5850732986602392,3,-0.7495662865665954,-0.38291261413493566,1,-3.827800048178509
7.86,0.1511721,-0.38023560000000006,9.833053500000002,0.5708333791602112,3,-0.8899949687517498,-0.37366536071237205,1,-3.8338526719772874
7.875,0.15568469999999998,-0.3847482,9.833053500000002,0.5569467681755054,3,-0.9257740656470719,-0.36520700960735436,1,-3.839394214754685
7.891,0.15568469999999998,-0.3427614,9.9184005,0.5454411256408846,3,-0.7191026584137943,-0.3563879064568232,1,-3.8451669740831984
7.907,0.1571562,-0.36375480000000004,9.922913099999999,0.5343448728468871,3,-0.6935157996248436,-0.34774961846892105,1,-3.8508000742826045
7.922,0.15421320000000002,-0.36375480000000004,9.948321,0.5241373505567477,3,-0.6805014860093103,-0.33981100179339396,1,-3.855956778934572
7.938,0.15421320000000002,-0.36375480000000004,9.948321,0.5141787922249037,3,-0.6224098957402496,-0.33150447265114075,1,-3.8613273027301283
7.954,0.22455090000000003,-0.2843919,9.948321,0.5044327497719561,3,-0.6091276533092266,-0.32335558031516587,1,-3.866566183153859
7.969,0.22455090000000003,-0.3248091,9.827069400000001,0.49199957631118174,3,-0.8288782307182571,-0.31588233786954206,1,-3.8713604675402444
7.985,0.13469129999999999,-0.3248091,9.848062800000001,0.4803413270404082,3,-0.7286405794233446,-0.30810361064272934,1,-3.8763523551283425
8.0,0.1406754,-0.3487455,9.803133,0.4678943686578467,3,-0.829797225504117,-0.3009918429249926,1,-3.8809205710301002
8.016,0.1406754,-0.3487455,9.803133,0.4557509946260794,3,-0.7589608769854588,-0.2936026800187212,1,-3.88567732721365
8.032,0.1062423,-0.3487455,9.8136297,0.4441490717091199,3,-0.7251201823099678,-0.28640347948803957,1,-3.890317376489704
8.047,0.11821050000000001,-0.37268190000000007,9.8136297,0.432854901255844,3,-0.7529446968850284,-0.2798259496908021,1,-3.8945640972085456
8.063,0.11821050000000001,-0.318825,9.900448200000001,0.4239062160379614,3,-0.5592928261176628,-0.27297186075245167,1,-3.8989864796920917
8.079,0.1107549,-0.3487455,9.8644455,0.41432076459226863,3,-0.5990907153557984,-0.26626604490740985,1,-3.9033003829373705
8.094,0.1571562,-0.3487455,9.8225568,0.403963557136791,3,-0.690480497031898,-0.2601289124944424,1,-3.907248345117884
8.11,0.15421320000000002,-0.3996594,9.8225568,0.393905095388849,3,-0.6286538592463747,-0.2537459632742373,1,-3.9113593441240337
8.125,0.15421320000000002,-0.36375480000000004,9.7612443,0.3825637501117747,3,-0.7560896851382587,-0.24792244693298243,1,-3.915121857200588
8.141,0.1257642,-0.36375480000000004,9.836094600000001,0.37331329021145976,3,-0.5781537437696821,-0.24187543061039654,1,-3.919040240220935
8.157,0.1586277,-0.3503151,9.836094600000001,0.36428814060625037,3,-0.5640718503255865,-0.23597461916385484,1,-3.922863040619129
8.172,0.1586277,-0.3712104,9.788123700000002,0.3543327609411886,3,-0.6636919776707595,-0.23058496240224885,1,-3.9263622374808747
8.188,0.1062423,-0.3712104,9.836094600000001,0.3457720391849737,3,-0.5350451097634319,-0.22498412400123954,1,-3.9300067901721025
8.204,0.1661814,-0.35178660000000006,9.836094600000001,0.3374229469410004,3,-0.5218182652483301,-0.21951856411223175,1,-3.9335628116770103
8.219,0.1661814,-0.3023442,9.8495343,0.3295650170100668,3,-0.5238619953956151,-0.21451615438259916,1,-3.936818072065721
8.235,0.11673900000000001,-0.3307932,9.806076000000001,0.3208444389406324,3,-0.5450361293396484,-0.20931287873499357,1,-3.940208704330662
8.25,0.13469129999999999,-0.3307932,9.8016615,0.31223456832515595,3,-0.5739913743650761,-0.20456478618049997,1,-3.943312786817528
8.266,0.1317483,-0.3278502,9.8016615,0.30383130944740167,3,-0.5252036798596422,-0.1996362591583195,1,-3.946546395180239
8.282,0.1317483,-0.3592422,9.777627,0.2950740653057089,3,-0.5473277588557974,-0.19484501616029462,1,-3.9497022453827877
8.297,0.145188,-0.3592422,9.851005800000001,0.28832338469206853,3,-0.45004537424267427,-0.19046953528531113,1,-3.95259210451863
8.313,0.1406754,-0.3876912,9.851005800000001,0.2817620434957053,3,-0.4100838247726997,-0.18590885185980893,1,-3.9556031316157907
8.329,0.1406754,-0.35178660000000006,9.7956774,0.27397942237432105,3,-0.4864138200865171,-0.1814629201328487,1,-3.958542105791732
8.344,0.142245,-0.35178660000000006,9.8196138,0.2669705518786074,3,-0.46725803304761343,-0.17740579532595208,1,-3.9612336211576724
8.36,0.1631403,-0.34580249999999996,9.8196138,0.2601353678856242,3,-0.42719899956145074,-0.1731889479678382,1,-3.964038379104023
8.375,0.1631403,-0.3503151,9.830012400000001,0.2537242223665963,3,-0.42740970126850936,-0.1693350010409464,1,-3.966607308721589
8.391,0.11673900000000001,-0.3817071,9.803133,0.24682677971723876,3,-0.4310901655848461,-0.16533059302427572,1,-3.9692846334741105
8.407,0.1302768,-0.3817071,9.891423,0.24225333451587616,3,-0.2858403250851624,-0.1614179521104108,1,-3.971898621835188
8.422,0.1317483,-0.2754648,9.891423,0.23770588773797563,3,-0.30316311852669064,-0.15781825794350676,1,-3.9742928934105928
8.438,0.1317483,-0.3053853,9.759674700000001,0.2300792363739479,3,-0.4766657102517331,-0.15407597695061137,1,-3.976788047289746
8.454,0.1078119,-0.3053853,9.907903800000001,0.22624482461346496,3,-0.2396507350301833,-0.15042538446271206,1,-3.9792240581810523
8.469,0.08377740000000002,-0.315882,9.907903800000001,0.22250629274449807,3,-0.24923545793114593,-0.1470597510825276,1,-3.9814551966976413
8.485,0.08377740000000002,-0.41466870000000006,9.8824959,0.2183285693798851,3,-0.2611077102883106,-0.14353307218553255,1,-3.9837799392837856
8.5,0.10477080000000001,-0.41466870000000006,9.910846800000002,0.21494846227487585,3,-0.22534047366727444,-0.14028349444812171,1,-3.9859085635335383
8.516,0.113796,-0.3622833,9.910846800000002,0.21160318190492156,3,-0.20908002312214327,-0.13687108129468334,1,-3.9881258001394806
8.532,0.1571562,-0.37268190000000007,9.821085300000002,0.2061758681091348,3,-0.33920711223667216,-0.1335288488945709,1,-3.9902889995809945
8.547,0.1571562,-0.37866600000000006,9.854046900000002,0.20168975023022995,3,-0.299074525260312,-0.13046985675702555,1,-3.9922689898733816
8.563,0.15568469999999998,-0.37866600000000006,9.831582000000001,0.19676502965206843,3,-0.30779503613509424,-0.12728221851796717,1,-3.9943310064755817
8.579,0.173637,-0.34128990000000003,9.831582000000001,0.19193440053848754,3,-0.3019143195988058,-0.12417262307644272,1,-3.996342645208337
8.594,0.173637,-0.34128990000000003,9.831582000000001,0.1872215916471891,3,-0.3141872594199211,-0.12132895313505038,1,-3.9981839070299228
8.61,0.1482291,-0.3503151,9.8824959,0.18386220843506074,3,-0.20996145075802256,-0.11836028273439238,1,-4.000101420916878
8.625,0.1661814,-0.35178660000000006,9.8824959,0.18059299532075634,3,-0.2179475409536179,-0.11562686870622364,1,-4.001856324552683
8.641,0.1661814,-0.3562992,9.842078700000002,0.17642245604801587,3,-0.26065870454627915,-0.11277074509527346,1,-4.003683505463094
8.657,0.1661814,-0.3562992,9.842078700000002,0.17235363724534203,3,-0.25430117516711515,-0.1099805363489266,1,-4.005465515714648
8.672,0.16019730000000001,-0.3562992,9.883967400000001,0.16940251495842773,3,-0.1967414857942791,-0.10741736520739822,1,-4.00709599997632
8.688,0.173637,-0.3503151,9.883967400000001,0.1665236895677431,3,-0.1799265869177889,-0.10472995557118886,1,-4.008793178542549
8.704,0.21856680000000003,-0.3262806,9.8794548,0.16360677952132896,3,-0.1823068779008839,-0.10208891181847628,1,-4.010447729481666
8.719,0.21856680000000003,-0.344331,9.8464932,0.15997268843353396,3,-0.2422727391863528,-0.099662065808815,1,-4.011960861813871
8.735,0.1212516,-0.344331,9.8255979,0.15587701712043867,3,-0.2559794570684557,-0.09713526816438321,1,-4.013535240485656
8.75,0.13469129999999999,-0.3831786,9.8255979,0.15192055682577177,3,-0.2637640196444498,-0.09482678635978654,1,-4.014974955894588
8.766,0.13469129999999999,-0.36071369999999997,9.8854389,0.14949829475960819,3,-0.1513913791352238,-0.0924154355471035,1,-4.016472893669843
8.782,0.1002582,-0.36071369999999997,9.8120601,0.14533670428015988,3,-0.260099404965519,-0.09005675555478536,1,-4.0179326711986585
8.797,0.0793629,-0.37572300000000003,9.8120601,0.14128568239659955,3,-0.27006812557067805,-0.08790708765470959,1,-4.01926740002273
8.813,0.0793629,-0.3847482,9.8615025,0.13854694123362243,3,-0.1711713226860699,-0.0856684266656678,1,-4.020656004137293
8.829,0.059841000000000005,-0.3847482,9.8794548,0.1363091613567331,3,-0.13986124230558328,-0.08346957784494496,1,-4.0220091081733775
8.844,0.1122264,-0.36669779999999996,9.8794548,0.13412034918383497,3,-0.1459208115265534,-0.08144135651589086,1,-4.023245940181083
8.86,0.1332198,-0.35777070000000005,9.901919700000002,0.1325308177703164,3,-0.09934571334491152,-0.07930814718025765,1,-4.024531936210653
8.875,0.1332198,-0.34128990000000003,9.855518400000001,0.12983491475838527,3,-0.179726867462068,-0.07734040418629232,1,-4.025706800345902
8.891,0.10477080000000001,-0.34128990000000003,9.862974000000001,0.12737811804990784,3,-0.15354979427983903,-0.07528269992382597,1,-4.026927785178783
8.907,0.1317483,-0.3053853,9.862974000000001,0.12496043661054301,3,-0.15110508996030156,-0.07326399148654236,1,-4.028116158710066
8.922,0.1317483,-0.3173535,9.860031000000001,0.12253919602222219,3,-0.1614160392213824,-0.07140774424179655,1,-4.029201196728029
8.938,0.2006145,-0.3173535,9.803133,0.11881855505536087,3,-0.2325400604288317,-0.06947688223317589,1,-4.030328273739829
8.954,0.1646118,-0.36375480000000004,9.803133,0.11521160179772671,3,-0.2254345786021348,-0.06760464097835119,1,-4.0314249259255215
8.969,0.1646118,-0.3278502,9.836094600000001,0.11246513679263437,3,-0.1830976670061712,-0.06589706543892361,1,-4.032426188723651
8.985,0.16765290000000002,-0.3278502,9.7866522,0.10858184687539207,3,-0.24270561982764316,-0.0641286895695794,1,-4.033466394763719
9.0,0.145188,-0.34580249999999996,9.839037600000001,0.10607633962455765,3,-0.16703381672228879,-0.06251875317082972,1,-4.034416250584273
9.016,0.12272310000000002,-0.36973890000000004,9.839037600000001,0.10364570097604542,3,-0.15191491553201417,-0.060840976846024894,1,-4.035403128424408
9.032,0.12272310000000002,-0.3532581,9.8165727,0.10071206026752222,3,-0.18335254428269981,-0.059206114756076345,1,-4.036363505157224
9.047,0.1482291,-0.3532581,9.8091171,0.09767684532766374,3,-0.20234766265722415,-0.0577181979641124,1,-4.037240437502626
9.063,0.11526750000000001,-0.36071369999999997,9.8091171,0.09471148315786415,3,-0.18533513561247422,-0.05617909133622818,1,-4.0381516158170285
9.079,0.11526750000000001,-0.40417200000000003,9.776155500000002,0.09105653673016967,3,-0.228434151730905,-0.054692947177123905,1,-4.039038592125135
9.094,0.0928026,-0.40417200000000003,9.8405091,0.0890531087945945,3,-0.1335618623716891,-0.05334212483568828,1,-4.039848855165231
9.11,0.17069399999999998,-0.3427614,9.8405091,0.08706716063755415,3,-0.12412175981502116,-0.05193316268023109,1,-4.0406910574653585
9.125,0.17069399999999998,-0.33981839999999996,9.833053500000002,0.08494545443930157,3,-0.1414470798835001,-0.05064306806715462,1,-4.041460379195964
9.141,0.1482291,-0.33981839999999996,9.891423,0.08428925949973376,3,-0.04101218372298817,-0.04928919035564234,1,-4.042259837263346
9.157,0.1317483,-0.33530580000000004,9.839037600000001,0.08236278917066464,3,-0.12040439556681981,-0.04795597396627915,1,-4.043037798577922
9.172,0.17069399999999998,-0.3173535,9.839037600000001,0.08048338283139245,0,-0.12529375595147485,-0.04623462767626368,1,-4.043744228090241
9.188,0.17069399999999998,-0.3143124,9.7791966,0.07718886902553379,0,-0.20590711286616584,-0.04447324966140827,1,-4.0444698911089425
9.204,0.15568469999999998,-0.3143124,9.800091900000002,0.07447791894176703,0,-0.16943438023542243,-0.04275991535766986,1,-4.0451677564290955
9.219,0.1107549,-0.3427614,9.800091900000002,0.07184144889100175,0,-0.175764670051033,-0.04116252009892418,1,-4.04579717469502
9.235,0.1107549,-0.3532581,9.8105886,0.06953420285518952,0,-0.14420287723826405,-0.03953151488495465,1,-4.046442726974891
9.25,0.1392039,-0.3532581,9.8120601,0.06732792753708772,0,-0.14708502120678127,-0.03800504890701253,1,-4.0470242512033305
9.266,0.19610190000000002,-0.31136939999999996,9.8120601,0.06516458148686866,0,-0.13520912813869124,-0.036445108834820876,1,-4.047619852465266
9.282,0.19610190000000002,-0.31136939999999996,9.8120601,0.0630539999744606,0,-0.13191134452550368,-0.034919360183130244,1,-4.048190768217409
9.297,0.19610190000000002,-0.33824879999999996,9.8196138,0.0612006726355947,0,-0.12355515592438836,-0.033487450138554795,1,-4.048703819294821
9.313,0.0928026,-0.3487455,9.776155500000002,0.0583052211572479,0,-0.18096571739667483,-0.032031402988212054,1,-4.049227970119835
9.329,0.1511721,-0.3547296,9.776155500000002,0.05550338928734888,0,-0.1751144918686885,-0.03062093410465528,1,-4.0497291888165785
9.344,0.1511721,-0.37572300000000003,9.8105886,0.053628122684136414,0,-0.12501777354750784,-0.029302447764869205,1,-4.0501786141805995
9.36,0.1511721,-0.37572300000000003,9.8105886,0.051798594290758615,0,-0.11434552458611237,-0.027959034029070046,1,-4.050636706034951
9.375,0.142245,-0.37572300000000003,9.834525,0.05059376219775835,0,-0.08032213953334784,-0.026691091355406142,1,-4.051046581975335
9.391,0.1362609,-0.347274,9.834525,0.04939076536225251,0,-0.07518730221911511,-0.02539121513492605,1,-4.051463240427258
9.407,0.1362609,-0.37866600000000006,9.833053500000002,0.04820948643473777,0,-0.07382993296967115,-0.02411041312055013,1,-4.051859253453301
9.422,0.1437165,-0.37866600000000006,9.836094600000001,0.047133716186767316,0,-0.07171801653136084,-0.022895339100888812,1,-4.052211796594962
9.438,0.1631403,-0.38023560000000006,9.836094600000001,0.04609304323405006,0,-0.06504205954482861,-0.021649525025522275,1,-4.052568155507974
9.454,0.1631403,-0.3622833,9.848062800000001,0.04535290944185988,0,-0.046258362011886114,-0.020417957404114992,1,-4.052904695367411
9.469,0.173637,-0.3622833,9.7851807,0.043102774658565934,0,-0.1500089855529417,-0.019254539773361848,1,-4.053202239096241
9.485,0.1406754,-0.34580249999999996,9.7956774,0.04113591817021778,0,-0.12292853052175967,-0.01808063023073158,1,-4.0535009204562735
9.5,0.09584369999999999,-0.2738952,9.7956774,0.03914839694959582,0,-0.13250141470812546,-0.01697849786733295,1,-4.053763863917009
9.516,0.09584369999999999,-0.261927,9.803133,0.03738314187084235,0,-0.11032844242209174,-0.015866245556769444,1,-4.054026621864402
9.532,0.10477080000000001,-0.261927,9.8824959,0.03759805470786404,0,0.013432052313855346,-0.014766395984139792,1,-4.054271682996729
9.547,0.1781496,-0.2769363,9.8824959,0.03784330783122769,0,0.016350208224242945,-0.013700585765096585,1,-4.054485185359849
9.563,0.1781496,-0.3487455,9.8375661,0.03704300040006281,0,-0.05001921444780506,-0.01260149529924626,1,-4.054695602008364
9.579,0.15568469999999998,-0.3487455,9.8016615,0.03537786268037557,0,-0.10407110748045224,-0.011522128394602753,1,-4.054888590997915
9.594,0.1511721,-0.3907323,9.8016615,0.03379021436197682,0,-0.10584322122659179,-0.01050336781678515,1,-4.0550537822195
9.61,0.1511721,-0.39818790000000004,9.860031000000001,0.03367091264340516,0,-0.007456357410728913,-0.009463678800742094,1,-4.05521351859244
9.625,0.17069399999999998,-0.3427614,9.848062800000001,0.03321984712947845,0,-0.030071034261779345,-0.008461998102445446,1,-4.055347961169214
9.641,0.21258269999999999,-0.3427614,9.934881299999999,0.03491541486083527,0,0.10597298320980099,-0.007416916006522934,1,-4.055474992482085
9.657,0.1437165,-0.3771945,9.934881299999999,0.03656993800365349,0,0.10340769642613869,-0.006345033183607022,1,-4.055585088075606
9.672,0.1437165,-0.3487455,9.900448200000001,0.03731955077048177,0,0.04997418445521665,-0.005290862017800987,1,-4.055672357289617
9.688,0.11821050000000001,-0.3487455,9.866015100000002,0.03720340761142715,0,-0.007258947440913482,-0.004194678350745714,1,-4.055748241612565
9.704,0.10477080000000001,-0.3532581,9.866015100000002,0.037090308507494285,0,-0.0070686939958042256,-0.003100328621794342,1,-4.055806601668345
9.719,0.10477080000000001,-0.34580249999999996,9.776155500000002,0.03478331427523429,0,-0.1537996154840121,-0.0020612764509239222,1,-4.05584531370639
9.735,0.1062423,-0.34580249999999996,9.8464932,0.034247363963380906,0,-0.033496894490836454,-0.0010090310250150001,1,-4.055869876166198
9.75,0.1437165,-0.3503151,9.8464932,0.03373996650937805,0,-0.033826496933522444,0.0,1,-4.055877443898885
9.766,0.1437165,-0.34128990000000003,9.8524773,0.03338307008647767,0,-0.02230602643127353,0.0,1,-4.055877443898885
9.782,0.113796,-0.40417200000000003,9.860031000000001,0.03326739414769797,0,-0.007229746173731393,7.106196017096084e-05,1,-4.055876875403204
9.797,0.113796,-0.40417200000000003,9.888480000000001,0.033847791123147175,0,0.03869313169661216,7.442584970231841e-05,1,-4.05587578424463
9.813,0.0793629,-0.36973890000000004,9.888480000000001,0.03437299878912903,0,0.03282547912386577,0.00012019216900052655,1,-4.05587422730048
9.829,0.0793629,-0.3562992,9.9033912,0.035236811756306,0,0.05398831044856051,0.00017707065336400622,1,-4.055871849197901
9.844,0.1317483,-0.3562992,9.8615025,0.035072243190109376,0,-0.010971237746442297,0.0002043885654620793,1,-4.05586898825376
9.86,0.1107549,-0.36669779999999996,9.8615025,0.03491468780673479,0,-0.0098472114609116,0.0002642840134368311,1,-4.055865238873129
9.875,0.1107549,-0.3487455,9.7791966,0.03273903458409677,0,-0.14504354817586243,0.00027168693136808654,1,-4.055861219091043
9.891,0.1631403,-0.3487455,9.922913099999999,0.03413693183420108,0,0.08736857813151913,0.0003066946627144698,1,-4.055856592038291
9.907,0.1631403,-0.3487455,9.922913099999999,0.03550073402942466,0,0.08523763720147397,0.000363795989623477,1,-4.055851228113072
9.922,0.113796,-0.33824879999999996,9.8689581,0.03549051319055074,0,-0.0006813892582613076,0.0003962303437733128,1,-4.055845527915571
9.938,0.113796,-0.33824879999999996,9.8689581,0.03548054164043002,0,-0.0006232218825452657,0.00046399878242115887,1,-4.055838646082562
9.954,0.11821050000000001,-0.33530580000000004,9.9138879,0.03656477174351558,0,0.06776438144284741,0.0005403612894927241,1,-4.055830611201987
9.969,0.18266220000000002,-0.3143124,9.8704296,0.03657038716545635,0,0.000374361462718328,0.0005888749813099665,1,-4.055822141929956
9.985,0.18266220000000002,-0.3143124,9.8704296,0.03657586562588655,0,0.00034240377688732305,0.0006740450036407104,1,-4.055812038570076
10.0,0.18266220000000002,-0.315882,9.8016615,0.034906313998535055,0,-0.11130344182342881,0.0007101613508238946,1,-4.055801657022418
10.016,0.1661814,-0.315882,9.7986204,0.033196210842199037,0,-0.10688144727100103,0.0007549815495497664,1,-4.055789935879215
10.032,0.17069399999999998,-0.3008727,9.7986204,0.03151819458624949,0,-0.10487601599684639,0.000772696792977355,1,-4.055777714452475
10.047,0.17069399999999998,-0.3023442,9.842078700000002,0.030941506275889097,0,-0.03844588735735827,0.0007411445494434113,1,-4.055766360642407
10.063,0.1781496,-0.3023442,9.9048627,0.03191245490977934,0,0.060684289618140264,0.0007439762389287586,1,-4.0557544796761
