timestamps,acc_x,acc_y,acc_z,aAcc,aStages,aJerk,aVelocity,avStages,aHeight
0.047,0.16019730000000001,-0.36071369999999997,9.8824959,0.05845176452390177,0,0.0,0.0,0,0.0
0.063,0.15421320000000002,-0.36071369999999997,9.843550200000001,0.05750029997192918,0,-0.05946653449828698,0.0004276165159666477,0,3.4209321277331815e-06
0.078,0.17667810000000003,-0.36826739999999997,9.843550200000001,0.05658805985109261,0,-0.06081600805577144,0.0007832792146393111,0,1.2502650107277873e-05
0.094,0.17667810000000003,-0.40417200000000003,9.8584614,0.056095720912560765,0,-0.030771183658240275,0.001184749460748538,0,2.8246879510380666e-05
0.11,0.145188,-0.40417200000000003,9.8405091,0.05516541915437401,0,-0.05814385988667237,0.001574838581284016,0,5.03235838466411e-05
0.125,0.1586277,-0.4101561,9.8076456,0.05346814919007059,0,-0.11315133095356109,0.00188959034386735,0,7.630680078527634e-05
0.141,0.1721655,-0.3907323,9.8076456,0.05179851466186669,0,-0.10435215801274386,0.0022317236546828476,0,0.00010927731277367789
0.157,0.17510850000000003,-0.3951468000000001,9.831582000000001,0.05075843212432929,0,-0.06500515859608752,0.002552179228972415,0,0.00014754853584292003
0.172,0.17510850000000003,-0.3951468000000001,9.831582000000001,0.049743717453560876,0,-0.06764764471789426,0.0028059453508065906,0,0.00018773447019126255
0.188,0.15421320000000002,-0.4176117,9.831582000000001,0.04876785027872188,0,-0.06099169842743718,0.0030940378926648518,0,0.00023493433613903413
0.203,0.15421320000000002,-0.37572300000000003,9.833053500000002,0.04781046229888375,0,-0.06382586532254203,0.0033183752369968936,0,0.0002830274346114973
0.219,0.1721655,-0.37572300000000003,9.862974000000001,0.047612812184334885,0,-0.012353132159304014,0.0035817614328626413,0,0.0003382285279703735
0.235,0.18266220000000002,-0.38023560000000006,9.862974000000001,0.04742879807393052,0,-0.011500881900272663,0.003842094314928763,0,0.00039761937395270473
0.25,0.18266220000000002,-0.40113090000000007,9.818044200000001,0.04617468910751654,0,-0.08360726442759862,0.0040441204687896165,0,0.00045676598483059265
0.266,0.18864630000000002,-0.40113090000000007,9.8120601,0.044808120245528826,0,-0.08541055387423217,0.004271982943613979,0,0.0005232948121298215
0.282,0.13469129999999999,-0.3592422,9.800091900000002,0.04312198333545325,0,-0.10538355687972373,0.0044754237722618335,0,0.0005932740658568278
0.297,0.1377324,-0.36071369999999997,9.800091900000002,0.04147931916586778,0,-0.10951094463903141,0.004609933541021741,0,0.0006614142457064547
0.313,0.1377324,-0.37866600000000006,9.8046045,0.04000319461948898,0,-0.09225778414867483,0.004761793651304596,0,0.0007363880632450655
0.328,0.1377324,-0.37866600000000006,9.8046045,0.03856307311082574,0,-0.09600810057754919,0.004851040659281956,0,0.0008084843205744647
0.344,0.1406754,-0.37866600000000006,9.883967400000001,0.03909314764305272,0,0.033129658264186096,0.004972290425312982,0,0.000887070969251224
0.36,0.16912439999999998,-0.4221243,9.883967400000001,0.03966405544612073,0,0.03568173769175061,0.00510234805002637,0,0.0009676680770539388
0.375,0.16912439999999998,-0.43262100000000003,9.8196138,0.038664238396572514,0,-0.0666544699698808,0.005189810253846568,0,0.001044859264332986
0.391,0.1856052,-0.3652263,9.8105886,0.037409412833355304,0,-0.07842659770107556,0.005298399463685991,0,0.0011287649420732467
0.407,0.1856052,-0.41309910000000005,9.8120601,0.036267317114008435,0,-0.07138098245917952,0.0053878133032648975,0,0.0012142546442088535
0.422,0.18864630000000002,-0.41309910000000005,9.8091171,0.035082786729498494,0,-0.07896869230066265,0.0054229390820912,0,0.0012953352870990243
0.438,0.18864630000000002,-0.41309910000000005,9.8091171,0.03392714732997604,0,-0.07222746247015348,0.005475018554566995,0,0.00138251894819229
0.453,0.1796211,-0.3907323,9.728282700000001,0.03080357348544105,0,-0.20823825630233236,0.005460498960682621,0,0.0014645353295566622
0.469,0.1721655,-0.41466870000000006,9.728282700000001,0.02777704213494836,0,-0.1891582094057936,0.005429143885645735,0,0.0015516524723272888
0.485,0.1721655,-0.39220380000000005,9.8165727,0.026952978145038387,0,-0.051503999369373284,0.005366984047885628,0,0.0016380214957955397
0.5,0.1721655,-0.39220380000000005,9.7821396,0.02530998269300966,0,-0.10953303013524845,0.0052589562541709885,0,0.0017177160480609645
0.516,0.1526436,-0.36071369999999997,9.7821396,0.02366963030686975,0,-0.10252202413374424,0.005150793158170023,0,0.0018009940433596926
0.532,0.1526436,-0.37268190000000007,9.8120601,0.02280937256854898,0,-0.053766108645048,0.005022625181173374,0,0.0018823813900744398
0.547,0.1272357,-0.37268190000000007,9.843550200000001,0.02272870112216019,0,-0.005378096425919424,0.004864160733853692,0,0.0019565322844371427
0.563,0.1661814,-0.39818790000000004,9.843550200000001,0.02268847957432385,0,-0.00251384673977119,0.004727498179425561,0,0.002033265555743376
0.578,0.1661814,-0.38023560000000006,9.843550200000001,0.0226319421015031,0,-0.0037691648547166744,0.004567401341994265,0,0.0021029773021540247
0.594,0.1437165,-0.38023560000000006,9.7911648,0.02129156727101389,0,-0.08377342690557558,0.004418789416974402,0,0.002174866828225774
0.61,0.1661814,-0.4116276,9.851005800000001,0.021481527604107598,0,0.011872520818356758,0.004260974175975374,0,0.0022443049369693722
0.625,0.1272357,-0.4101561,9.851005800000001,0.021651226554942227,0,0.011313263388975267,0.004084469832168248,0,0.0023068957670304494
0.641,0.1272357,-0.37268190000000007,9.800091900000002,0.020539695000408642,0,-0.06947072215834899,0.003921997204611054,0,0.002370947503324684
0.657,0.1661814,-0.37268190000000007,9.843550200000001,0.020528527075077463,0,-0.000697995333198697,0.003750542981214942,0,0.002432327824811292
0.672,0.1466595,-0.36375480000000004,9.843550200000001,0.0205019334732075,0,-0.0017729067913307957,0.0035582714353270786,0,0.0024871439329353573
0.688,0.1466595,-0.41466870000000006,9.8151012,0.019831860754527142,0,-0.041879544917522694,0.003380941789148954,0,0.002542657638731165
0.703,0.1272357,-0.41466870000000006,9.8016615,0.018844050172692306,0,-0.065854038788989,0.0031710111211030985,0,0.0025917972855580554
0.719,0.1212516,-0.39220380000000005,9.8016615,0.01785595251289429,0,-0.06175610373737589,0.002964611142587792,0,0.0026408822636675823
0.735,0.1212516,-0.37425150000000007,9.7701714,0.01610741825074058,0,-0.10928339138460687,0.0027363181086968703,0,0.0026864896976778597
0.75,0.1781496,-0.37425150000000007,9.8016615,0.015190139689725157,0,-0.06115190406769476,0.002471049793250362,0,0.002725544956942464
0.766,0.13469129999999999,-0.3562992,9.7895952,0.013967950357768544,0,-0.07638683324728827,0.0022043145136303125,0,0.0027629478713975092
0.782,0.1781496,-0.3847482,9.7895952,0.01281873262633404,0,-0.07182610821465645,0.0019186079775031315,0,0.002795931251326577
0.797,0.1781496,-0.3936753,9.7986204,0.011926105842205104,0,-0.059508452275262344,0.0016041942660171755,0,0.002822352268152979
0.813,0.16912439999999998,-0.3936753,9.845021700000002,0.012182017106567855,0,0.015994454022672064,0.001297059249607358,0,0.0028455622962779755
0.828,0.1586277,-0.37425150000000007,9.845021700000002,0.01240896885014564,0,0.015130116238519033,0.0009814916442827072,0,0.002862651427982151
0.844,0.1586277,-0.4027005000000001,9.8136297,0.011892822810581904,0,-0.03225912747273349,0.0006759059775685266,0,0.002875910608956961
0.86,0.1406754,-0.4027005000000001,9.8105886,0.011308491812705768,0,-0.03652068736725852,0.00036151649455482687,0,0.002884209988733948
0.875,0.16912439999999998,-0.37268190000000007,9.8105886,0.010720451497558514,0,-0.039202687676483536,2.673356938181007e-05,0,0.002887121864213473
0.891,0.16912439999999998,-0.3907323,9.8615025,0.011404508065474772,0,0.04275353549476609,0.0,0,0.0028873357327685273
0.907,0.173637,-0.3876912,9.8105886,0.010830220641469879,0,-0.0358929640003058,0.0,0,0.0028873357327685273
0.922,0.15421320000000002,-0.3876912,9.860031000000001,0.01146686014004139,0,0.04244263323810075,4.8839181402967474e-05,0,0.0028877020266290495
0.938,0.15421320000000002,-0.3876912,9.860031000000001,0.012087971845964773,0,0.03881948162021166,0.0,0,0.002888092740080273
0.953,0.1586277,-0.4101561,9.860031000000001,0.012717788341195302,0,0.04198776634870186,0.0,0,0.002888092740080273
0.969,0.1586277,-0.3996594,9.843550200000001,0.01292015177443595,0,0.012647714577540537,0.0001284245596197657,0,0.0028891201365572315
0.985,0.1302768,-0.3996594,9.8464932,0.013179156696869754,0,0.016187807652112682,0.0,0,0.0028901475330341897
1.0,0.1661814,-0.3817071,9.8464932,0.013427658135034548,0,0.016566762544319606,3.677013862949177e-05,0,0.002890423309073911
1.016,0.1661814,-0.3712104,9.7911648,0.012312001880843582,0,-0.06972851588693535,0.0,0,0.002890717470182947
1.032,0.16912439999999998,-0.3712104,9.821085300000002,0.011953922476786616,0,-0.022379962753560335,0.0,0,0.002890717470182947
1.047,0.1721655,-0.42957990000000007,9.821085300000002,0.011663847604895139,0,-0.019338324792765257,0.000113948089230171,0,0.0028915720808521733
1.063,0.1721655,-0.37866600000000006,9.7806681,0.010344901918475813,0,-0.08243410540120781,0.0,0,0.0028924836655660146
1.078,0.16166880000000003,-0.38023560000000006,9.8016615,0.009566823105336297,0,-0.05187192087596727,0.0,0,0.0028924836655660146
1.094,0.16019730000000001,-0.38023560000000006,9.7895952,0.008513093792927862,0,-0.06585808202552718,8.39953582818416e-05,0,0.0028931556284322694
1.11,0.1721655,-0.41908320000000004,9.7895952,0.007528659436927043,0,-0.061527147250051095,0.0,0,0.0028938275912985243
1.125,0.1721655,-0.38023560000000006,9.8285409,0.007478628508364338,0,-0.003335395237513716,0.0,0,0.0028938275912985243
1.141,0.1586277,-0.38023560000000006,9.836094600000001,0.007608341336210245,0,0.00810705174036918,0.0,0,0.0028938275912985243
1.157,0.1377324,-0.37866600000000006,9.836094600000001,0.007725743715678135,0,0.007337648716743132,6.825248288206895e-05,0,0.002894373611161581
1.172,0.1377324,-0.37866600000000006,9.8136297,0.0072928184516527494,0,-0.028861684268359226,0.0,0,0.0028948855047831964
1.188,0.15421320000000002,-0.37866600000000006,9.8584614,0.0079689389732156,0,0.04225753259767814,0.0,0,0.0028948855047831964
1.203,0.1646118,-0.40711500000000006,9.783611100000002,0.006836498945940406,0,-0.07549600181834568,0.0,0,0.0028948855047831964
1.219,0.1586277,-0.3847482,9.8524773,0.007385371141340968,0,0.03430451221253514,2.7801503627918056e-05,0,0.00289510791681222
1.235,0.18266220000000002,-0.3847482,9.8076456,0.006838568861677885,0,-0.03417514247894268,0.0,0,0.0028953303288412435
1.25,0.18266220000000002,-0.3847482,9.8076456,0.006305103222983277,0,-0.035564375912974094,0.0,0,0.0028953303288412435
1.266,0.1032993,-0.37866600000000006,9.8076456,0.005750685681906731,0,-0.03465109631728411,0.0,0,0.0028953303288412435
1.282,0.1032993,-0.36973890000000004,9.845021700000002,0.006112406835296014,0,0.022607572086830154,0.0,0,0.0028953303288412435
1.297,0.145188,-0.36973890000000004,9.848062800000001,0.006552301765138324,0,0.029326328656154223,2.6506930167025794e-05,0,0.002895529130817496
1.313,0.13469129999999999,-0.4027005000000001,9.848062800000001,0.007009334149891799,0,0.028564524047092175,0.0,0,0.0028957411862588324
1.328,0.13469129999999999,-0.3996594,9.8615025,0.007779698393008516,0,0.0513576162077807,0.0,0,0.0028957411862588324
1.344,0.1856052,-0.3996594,9.8405091,0.008039897919001504,0,0.01626247037456173,0.0,0,0.0028957411862588324
1.36,0.173637,-0.39671639999999997,9.8405091,0.008285526427203038,0,0.01535178176259587,3.077926824739119e-06,0,0.0028957658096734305
1.375,0.173637,-0.3907323,9.8674866,0.009176699132943611,0,0.05941151371603857,0.0,0,0.002895788894124616
1.391,0.16912439999999998,-0.3248091,9.7971489,0.008271610386016093,0,-0.05656804668296984,0.0,0,0.002895788894124616
1.407,0.18109260000000002,-0.39818790000000004,9.8165727,0.007933072609597858,0,-0.021158611026139678,0.0,0,0.002895788894124616
1.422,0.18109260000000002,-0.3876912,9.8464932,0.00832163197483382,0,0.02590395768239771,2.5178843025660397e-05,0,0.0028959777354473086
1.438,0.18109260000000002,-0.3876912,9.8464932,0.008700714282380062,0,0.02369264422164006,0.0,0,0.0028961791661915137
1.453,0.1631403,-0.3876912,9.803133,0.008006305976145711,0,-0.046293887082289674,0.0,0,0.0028961791661915137
1.469,0.1392039,-0.39671639999999997,9.803133,0.007328638587885905,0,-0.04235421176623785,0.0,0,0.0028961791661915137
1.485,0.1392039,-0.347274,9.827069400000001,0.0072051680607021495,0,-0.007716907948984712,2.5610274723270737e-05,0,0.0028963840483893
1.5,0.1466595,-0.347274,9.7911648,0.006212275968852765,0,-0.06619280612329273,0.0,0,0.0028965761254497245
1.516,0.1482291,-0.4116276,9.7911648,0.0053049528393760426,0,-0.05670769559229511,0.0,0,0.0028965761254497245
1.532,0.1482291,-0.37572300000000003,9.7911648,0.004384581726394998,0,-0.05752319456131522,0.0,0,0.0028965761254497245
1.547,0.1482291,-0.39220380000000005,9.783611100000002,0.0033183404095780134,0,-0.07108275445446612,0.0,0,0.0028965761254497245
1.563,0.1646118,-0.39220380000000005,9.874942200000001,0.004509992483608727,0,0.07447825462691952,0.0,0,0.0028965761254497245
1.578,0.13469129999999999,-0.3891627,9.874942200000001,0.0056585985089974145,0,0.07657373502591187,0.0,0,0.0028965761254497245
1.594,0.13469129999999999,-0.39818790000000004,9.8255979,0.0055855324204809875,0,-0.004566630532276679,8.251127098259439e-05,0,0.002897236215617585
1.61,0.13469129999999999,-0.39818790000000004,9.8255979,0.00551424843168391,0,-0.004455249299817328,0.0,0,0.0028978963057854456
1.625,0.16765290000000002,-0.3876912,9.839037600000001,0.005774327211671704,0,0.01733858533251968,0.0,0,0.0028978963057854456
1.641,0.16765290000000002,-0.347274,9.7926363,0.00486040846237934,0,-0.0571199218307727,0.0,0,0.0028978963057854456
1.657,0.1721655,-0.347274,9.8854389,0.006232412242667351,0,0.08575023626800064,0.0,0,0.0028978963057854456
1.672,0.1466595,-0.42506730000000004,9.8854389,0.0076349839350449145,0,0.09350477949183816,3.379975749069272e-05,0,0.002898149803966626
1.688,0.1466595,-0.42506730000000004,9.8854389,0.009003346561755166,0,0.08552266416939062,0.0,0,0.0028984202020265514
1.703,0.15568469999999998,-0.3951468000000001,9.8165727,0.008633347388220969,0,-0.024666611568946246,0.0,0,0.0028984202020265514
1.719,0.17510850000000003,-0.3951468000000001,9.854046900000002,0.009193470712457241,0,0.035007707764767,0.0,0,0.0028984202020265514
1.735,0.1781496,-0.37866600000000006,9.854046900000002,0.009725492599171659,0,0.03325136791965108,9.31478573883808e-05,0,0.0028991653848856585
1.75,0.1781496,-0.37866600000000006,9.854046900000002,0.010244538342307763,0,0.03460304954240716,0.0,0,0.0028998639938160715
1.766,0.1107549,-0.37572300000000003,9.7971489,0.009337448498417444,0,-0.05669311524314486,0.0,0,0.0028998639938160715
1.782,0.1721655,-0.39818790000000004,9.7971489,0.008495712464492655,0,-0.05260850212029928,4.22442718785547e-05,0,0.0029002019479911
1.797,0.1721655,-0.4281084,9.806076000000001,0.007922742254114823,0,-0.03819801402518907,0.0,0,0.0029005187800301892
1.813,0.1721655,-0.4281084,9.806076000000001,0.007363746926916548,0,-0.03493720794989216,0.0,0,0.0029005187800301892
1.828,0.1272357,-0.4281084,9.8165727,0.0070574264320342195,0,-0.02042136632548839,0.0,0,0.0029005187800301892
1.844,0.1377324,-0.36973890000000004,9.8165727,0.0067042285984051375,0,-0.022074864601817602,5.92663615201286e-06,0,0.0029005661931194053
1.86,0.1362609,-0.4116276,9.8016615,0.00603643668830145,0,-0.04173699438148045,0.0,0,0.0029006136062086213
1.875,0.1362609,-0.3951468000000001,9.8120601,0.005621799219721169,0,-0.027642497905352257,0.0,0,0.0029006136062086213
1.891,0.1526436,-0.3951468000000001,9.8704296,0.006645481323701574,0,0.0639801314987753,0.0,0,0.0029006136062086213
1.907,0.19610190000000002,-0.38023560000000006,9.821085300000002,0.006446247014572748,0,-0.012452144320551629,0.0,0,0.0029006136062086213
1.922,0.19610190000000002,-0.38023560000000006,9.821085300000002,0.006251872078838261,0,-0.012958329048965888,0.0,0,0.0029006136062086213
1.938,0.1646118,-0.38023560000000006,9.8136297,0.005866464096285995,0,-0.024087998909516607,9.034338141098233e-05,0,0.002901336353259909
1.953,0.1661814,-0.3951468000000001,9.8136297,0.005505455313368657,0,-0.024067252194489006,0.0,0,0.0029020139286204914
1.969,0.1661814,-0.4101561,9.843550200000001,0.005897286726369799,0,0.02448946331257138,0.0,0,0.0029020139286204914
1.985,0.1946304,-0.4101561,9.8105886,0.005489180114517822,0,-0.02550666324074855,0.0,0,0.0029020139286204914
2.0,0.1930608,-0.3712104,9.8105886,0.00505248173855577,0,-0.029113225064137018,0.0,0,0.0029020139286204914
2.016,0.1437165,-0.3831786,9.877983300000002,0.0062593635194634345,0,0.07543011130672898,2.750367399060108e-05,0,0.002902233958012416
2.032,0.1437165,-0.39220380000000005,9.8674866,0.007189652902107824,0,0.05814308641527428,0.0,0,0.0029024539874043407
2.047,0.1526436,-0.39220380000000005,9.9288972,0.00959698647212015,0,0.1604889046674871,0.0,0,0.0029024539874043407
2.063,0.15421320000000002,-0.3278502,9.9288972,0.011889325644169446,0,0.14327119825308085,0.0,0,0.0029024539874043407
2.078,0.15421320000000002,-0.34580249999999996,9.9064323,0.013593072175387633,0,0.11358310208121486,0.00012400408124687082,0,0.0029033840180136923
2.094,0.1212516,-0.34580249999999996,9.855518400000001,0.014003144995324845,0,0.025629551246075775,0.0,0,0.0029043760506636675
2.11,0.1466595,-0.3876912,9.855518400000001,0.01444962141610695,0,0.027904776298881526,7.23959499040229e-05,0,0.0029049552182629
2.125,0.1466595,-0.37572300000000003,9.6503913,0.009875085437117903,0,-0.3049690652659339,0.0,0,0.00290549818788718
2.141,0.1646118,-0.37572300000000003,9.704346300000001,0.00673397377324747,0,-0.19631947899190189,0.0,0,0.00290549818788718
2.157,0.18413369999999998,-0.38621970000000005,9.704346300000001,0.00368806353009532,0,-0.19036939019700921,0.0,0,0.00290549818788718
2.172,0.142245,-0.3907323,9.8524773,0.0043133699866313435,0,0.04168709710240121,3.1090774788324754e-05,0,0.0029057313686980924
2.188,0.142245,-0.36669779999999996,9.871999200000001,0.005376676780596057,0,0.06645667462279453,0.0,0,0.002905980094896399
2.203,0.1586277,-0.36669779999999996,9.800091900000002,0.004667741931532632,0,-0.047262323270896016,0.0,0,0.002905980094896399
2.219,0.1497006,-0.4056435,9.800091900000002,0.0040100728137950625,0,-0.04110431985859805,0.0,0,0.002905980094896399
2.235,0.1497006,-0.37572300000000003,9.783611100000002,0.002937750234160319,0,-0.06702016122717142,0.0,0,0.002905980094896399
2.25,0.1392039,-0.37572300000000003,9.690808500000001,-0.0003737590432901783,0,-0.22076728516336466,0.0,0,0.002905980094896399
2.266,0.1721655,-0.35178660000000006,9.690808500000001,-0.0036134909197027554,0,-0.2024832422757859,0.0,0,0.002905980094896399
2.282,0.1721655,-0.35178660000000006,9.690808500000001,-0.006774204945472206,0,-0.19754462661059052,0.0,0,0.002905980094896399
2.297,0.1721655,-0.40417200000000003,9.7222986,-0.009040773501178379,0,-0.15110457038041022,0.0,0,0.002905980094896399
2.313,0.16019730000000001,-0.40417200000000003,9.889951500000002,-0.00717196252309904,0,0.11680068612995854,0.0,0,0.002905980094896399
2.328,0.16019730000000001,-0.40417200000000003,9.889951500000002,-0.005348732300582526,0,0.12154868150110354,0.0,0,0.002905980094896399
2.344,0.1661814,-0.3847482,9.851005800000001,-0.004535482992777062,0,0.05082808173784143,0.0,0,0.002905980094896399
2.36,0.1526436,-0.3771945,9.8016615,-0.004957015322457181,0,-0.0263457706050074,0.0,0,0.002905980094896399
2.375,0.1526436,-0.3771945,9.8016615,-0.005368266375802122,0,-0.0274167368896625,0.0,0,0.002905980094896399
2.391,0.1362609,-0.37866600000000006,9.8016615,-0.005773988025312704,0,-0.025357603094411353,0.0,0,0.002905980094896399
2.407,0.1362609,-0.37425150000000007,9.7851807,-0.006575584684174629,0,-0.05009979117887027,-4.942761729266262e-05,0,0.002905584673958058
2.422,0.1781496,-0.37425150000000007,9.743193900000001,-0.008364377317343852,0,-0.11925284221128053,0.0,0,0.002905213966828363
2.438,0.1287072,-0.36826739999999997,9.743193900000001,-0.010134071217954954,0,-0.1106058687881938,0.0,0,0.002905213966828363
2.453,0.1287072,-0.37572300000000003,9.827069400000001,-0.00980960380485385,0,0.021631160873407385,0.0,0,0.002905213966828363
2.469,0.1781496,-0.37572300000000003,9.806076000000001,-0.009985814018543593,0,-0.011013138355608899,-0.00011740582584468138,0,0.0029042747202216055
2.485,0.1406754,-0.37268190000000007,9.806076000000001,-0.010175400183031869,0,-0.01184913528051722,0.0,0,0.0029033354736148482
2.5,0.1406754,-0.37268190000000007,9.806076000000001,-0.01036036229472792,0,-0.012330807446403367,0.0,0,0.0029033354736148482
2.516,0.1406754,-0.38621970000000005,9.7806681,-0.011147206896986006,0,-0.0491777876411303,-0.00010477431157419502,0,0.002902497279122255
2.532,0.1406754,-0.38621970000000005,9.743193900000001,-0.012828055869054111,0,-0.10505306075425648,0.0,0,0.0029016590846296614
2.547,0.2080701,-0.4056435,9.743193900000001,-0.014419286637220807,0,-0.10608205121111218,-9.3148249958111e-07,0,0.0029016520985109145
2.563,0.2080701,-0.39220380000000005,9.759674700000001,-0.015583559148055315,0,-0.07276703192715665,0.0,0,0.002901644646650918
2.578,0.1646118,-0.39220380000000005,9.8524773,-0.01447830078592105,0,0.07368389080895256,0.0,0,0.002901644646650918
2.594,0.1661814,-0.4056435,9.8524773,-0.0133860982102334,0,0.06826266098047812,-0.00018933339025584443,0,0.002900129979528871
2.61,0.1661814,-0.3996594,9.8615025,-0.012106578828532832,0,0.07996996135628535,0.0,0,0.0028986153124068246
2.625,0.18266220000000002,-0.3996594,9.8674866,-0.010705355403596073,0,0.09341489499578319,-6.436431330694367e-05,0,0.0028981325800570227
2.641,0.16019730000000001,-0.3847482,9.8105886,-0.010748773114919175,0,-0.0027136069576938456,0.0,0,0.0028976176655505673
2.657,0.18109260000000002,-0.39671639999999997,9.8105886,-0.010770660544668686,0,-0.0013679643593444966,0.0,0,0.0028976176655505673
2.672,0.18109260000000002,-0.40417200000000003,9.803133,-0.01096625789767458,0,-0.013039823533726165,-7.117969904934032e-05,0,0.0028970838178076974
2.688,0.1526436,-0.40417200000000003,9.8285409,-0.010549778485648531,0,0.026029963251628072,0.0,0,0.0028965143802153026
2.703,0.1482291,-0.37425150000000007,9.8285409,-0.010173976533513596,0,0.025053463475662893,0.0,0,0.0028965143802153026
2.719,0.1482291,-0.347274,9.8120601,-0.010233147250952257,0,-0.0036981698399163286,-6.199314303536804e-05,0,0.0028960184350710198
2.735,0.17069399999999998,-0.347274,9.7986204,-0.010609519493161912,0,-0.023523265138103412,0.0,0,0.002895522489926737
2.75,0.16912439999999998,-0.36973890000000004,9.7986204,-0.010957344484364029,0,-0.023188332746807604,0.0,0,0.002895522489926737
2.766,0.1362609,-0.3592422,9.7821396,-0.011720343529928456,0,-0.04768744034777668,-7.190746093406822e-05,0,0.0028949472302392644
2.782,0.1437165,-0.3831786,9.7821396,-0.012439996430680722,0,-0.04497830629701656,0.0,0,0.002894371970551792
2.797,0.1437165,-0.3831786,9.7821396,-0.013142096821658455,0,-0.04680669273184851,0.0,0,0.002894371970551792
2.813,0.16166880000000003,-0.37866600000000006,9.7821396,-0.01382452627175823,0,-0.042651840631235914,-0.00017278886475881675,0,0.0028929896596337212
2.828,0.16166880000000003,-0.3847482,9.7417224,-0.015469413447871005,0,-0.10965914507418732,0.0,0,0.00289169374314803
2.844,0.11978010000000001,-0.3847482,9.7806681,-0.016139840271444328,0,-0.041901676473332615,-0.00014536744241055652,0,0.0028905308036087456
2.86,0.1870767,-0.3622833,9.7806681,-0.016789095966775136,0,-0.04057848095817548,0.0,0,0.0028893678640694613
2.875,0.1870767,-0.4056435,9.8136297,-0.016577931432243176,0,0.014077635635463893,-0.00015905163780895182,0,0.0028881749767858942
2.891,0.1362609,-0.4056435,9.806076000000001,-0.016576376470244014,0,9.718512494760737e-05,0.0,0,0.0028869025636834226
2.907,0.16912439999999998,-0.3547296,9.806076000000001,-0.016610492389578013,0,-0.0021322449583749386,-0.00018978105190742278,0,0.002885384315268163
2.922,0.16912439999999998,-0.3876912,9.8091171,-0.016539264948363552,0,0.004748496080964021,0.0,0,0.0028839609573788573
2.938,0.1482291,-0.3876912,9.8584614,-0.015275562536581688,0,0.07898140073636643,-0.00019292285182154895,0,0.002882417574564285
2.953,0.17510850000000003,-0.37572300000000003,9.848062800000001,-0.014296633077703902,0,0.06526196392518716,0.0,0,0.0028809706531756235
2.969,0.1571562,-0.37572300000000003,9.848062800000001,-0.013348960041508207,0,0.0592295647622309,-0.0001358790638823805,0,0.002879883620664564
2.985,0.1571562,-0.37572300000000003,9.848062800000001,-0.012424400981805306,0,0.05778494123143125,0.0,0,0.002878796588153505
3.0,0.1571562,-0.3652263,9.7971489,-0.012772801560807068,0,-0.023226705266783935,-3.1044971138483035e-05,0,0.0028785637508699662
3.016,0.1107549,-0.36826739999999997,9.7672284,-0.01385459705184644,0,-0.06761221818996072,0.0,0,0.0028783153911008585
3.032,0.1107549,-0.37866600000000006,9.803133,-0.01402530621773046,0,-0.010669322867751232,0.0,0,0.0028783153911008585
3.047,0.16166880000000003,-0.37866600000000006,9.806076000000001,-0.014102894538641664,0,-0.005172554727413545,-0.0001780648918691223,0,0.00287697990441184
3.063,0.16166880000000003,-0.37866600000000006,9.806076000000001,-0.014178590461481733,0,-0.0047309951775043,0.0,0,0.0028755553852768873
3.078,0.145188,-0.3622833,9.806076000000001,-0.014273807711422393,0,-0.0063478166627108056,-0.00011770975816688747,0,0.0028746725620906357
3.094,0.145188,-0.38621970000000005,9.827069400000001,-0.013832857364418416,0,0.027559396687748514,0.0,0,0.0028737308840253006
3.11,0.1212516,-0.3562992,9.8196138,-0.013619828411583157,0,0.013314309552203684,-6.21845649816273e-05,0,0.0028732334075054476
3.125,0.1212516,-0.3562992,9.8196138,-0.013411995286865874,0,0.013855541647818728,0.0,0,0.0028727670232680854
3.141,0.1631403,-0.4056435,9.8196138,-0.013147796639790599,0,0.016512415442204706,0.0,0,0.0028727670232680854
3.157,0.1631403,-0.4235958000000001,9.836094600000001,-0.012470030142058164,0,0.04236040610827715,-0.000182344192388037,0,0.0028713082697289813
3.172,0.1497006,-0.4235958000000001,9.851005800000001,-0.01145069231961493,0,0.06795585482954834,0.0,0,0.002869940688286071
3.188,0.17667810000000003,-0.4235958000000001,9.851005800000001,-0.010445327895054035,0,0.06283527653505588,-3.69177725679376e-05,0,0.0028696453461055276
3.203,0.1287072,-0.39220380000000005,9.7956774,-0.010862558183669435,0,-0.027815352574360595,0.0,0,0.0028693684628112682
3.219,0.16019730000000001,-0.4101561,9.7956774,-0.01124038125692195,0,-0.023613942078282137,0.0,0,0.0028693684628112682
3.235,0.16019730000000001,-0.4101561,9.7956774,-0.01160898913326669,0,-0.023037992271546216,-5.634539680459891e-05,0,0.0028689176996368315
3.25,0.16019730000000001,-0.40113090000000007,9.854046900000002,-0.010555440595776844,0,0.07023656916598912,0.0,0,0.002868495109160797
3.266,0.1646118,-0.42663690000000004,9.871999200000001,-0.00906232213941216,0,0.09331990352279265,0.0,0,0.002868495109160797
3.282,0.1586277,-0.42663690000000004,9.842078700000002,-0.008336999615723428,0,0.04533265773054569,-1.8715295695023032e-05,0,0.002868345386795237
3.297,0.173637,-0.40711500000000006,9.842078700000002,-0.007643341775999346,0,0.046243855981605096,0.0,0,0.0028682050220775242
3.313,0.173637,-0.3831786,9.7956774,-0.008120721011369625,0,-0.0298362022106424,0.0,0,0.0028682050220775242
3.328,0.1362609,-0.3831786,9.821085300000002,-0.00798169110312763,0,0.009268660549466488,0.0,0,0.0028682050220775242
3.344,0.1437165,-0.40113090000000007,9.821085300000002,-0.007825994478070086,0,0.009731039066096505,-1.190993394020734e-05,0,0.0028681097426060025
3.36,0.1437165,-0.39220380000000005,9.8046045,-0.008084488416086444,0,-0.016155871126022334,0.0,0,0.0028680144631344807
3.375,0.1482291,-0.39220380000000005,9.8120601,-0.008153362484684124,0,-0.004591604573178604,0.0,0,0.0028680144631344807
3.391,0.11526750000000001,-0.3532581,9.8120601,-0.008267396892046364,0,-0.007127150460140002,0.0,0,0.0028680144631344807
3.407,0.11526750000000001,-0.3876912,9.8644455,-0.007070350897169675,0,0.07481537467979298,-1.5045736176812208e-05,0,0.0028678940972450663
3.422,0.1586277,-0.37425150000000007,9.8240283,-0.006885426543746576,0,0.012328290228206518,0.0,0,0.0028677812542237404
3.438,0.1497006,-0.37425150000000007,9.8944641,-0.00499191407403643,0,0.118344529356884,0.0,0,0.0028677812542237404
3.453,0.1586277,-0.40113090000000007,9.8944641,-0.003115530254797605,0,0.12509225461592433,0.0,0,0.0028677812542237404
3.469,0.1526436,-0.3996594,9.8255979,-0.0029667410595024535,0,0.009299324705946957,0.0,0,0.0028677812542237404
3.485,0.1392039,-0.36375480000000004,9.8255979,-0.002860435702322306,0,0.006644084823759216,0.0,0,0.0028677812542237404
3.5,0.1392039,-0.36375480000000004,9.8255979,-0.0027567231587326546,0,0.006914169572643364,0.0,0,0.0028677812542237404
3.516,0.1392039,-0.4101561,9.9168309,-0.00038795267201408024,0,0.14804815541991076,0.0,0,0.0028677812542237404
3.532,0.20954160000000002,-0.4101561,9.9153594,0.0019173261906537675,0,0.14407992891674035,0.0,0,0.0028677812542237404
3.547,0.1526436,-0.38023560000000006,9.9153594,0.004111999169730041,0,0.146311531938417,0.0,0,0.0028677812542237404
3.563,0.1526436,-0.38023560000000006,9.9184005,0.006327253482503181,0,0.13845339454832117,0.0,0,0.0028677812542237404
3.578,0.1526436,-0.3817071,9.957248100000001,0.009436547371908688,0,0.20728625929370487,0.0,0,0.0028677812542237404
3.594,0.1482291,-0.3817071,9.895935600000001,0.010974223370361358,0,0.09610474990329179,0.0,0,0.0028677812542237404
3.61,0.1946304,-0.3622833,9.895935600000001,0.012476190286941247,0,0.09387293228624297,0.0,0,0.0028677812542237404
3.625,0.1946304,-0.3622833,9.895935600000001,0.013941523864090755,0,0.09768890514329973,0.0,0,0.0028677812542237404
3.641,0.1946304,-0.37572300000000003,9.891423,0.01527336688961789,0,0.08324018909544588,0.00010383860623185441,0,0.0028686119630735953
3.657,0.1631403,-0.37572300000000003,9.9722574,0.018528744191184998,0,0.20346108134794408,0.0,0,0.0028694426719234503
3.672,0.1586277,-0.37572300000000003,10.0396521,0.023345357298204306,0,0.32110754046795115,0.0001883112560486992,0,0.0028708550063438155
3.688,0.1586277,-0.37572300000000003,10.0396521,0.028044492036759294,0,0.2936959211596865,9.94300507284082e-05,0,0.0028731569367980324
3.703,0.10182780000000001,-0.37572300000000003,10.0201302,0.032135272175109364,0,0.2727186758900105,5.0778282317413825e-05,0,0.002874283499295876
3.719,0.1661814,-0.38621970000000005,10.0201302,0.03615697713010135,0,0.2513565596869991,9.71162767590991e-05,0,0.0028754666557684883
3.735,0.17667810000000003,-0.34580249999999996,10.0291554,0.040268951070752124,0,0.25699837129067293,0.00020852370236592753,0,0.0028779117756014883
3.75,0.17667810000000003,-0.3951468000000001,10.024642799999999,0.044215092369771725,0,0.26307608660130455,0.0003421540281698626,0,0.0028820418585805067
3.766,0.16019730000000001,-0.3951468000000001,10.109989800000001,0.05013800804863955,0,0.37018222992923866,0.0005969788315171548,0,0.0028895549214580027
3.782,0.16765290000000002,-0.4056435,10.109989800000001,0.0559295381248468,0,0.3619706297629529,0.000945519200905044,0,0.0029018949057173803
3.797,0.16765290000000002,-0.36669779999999996,10.133926200000001,0.06212691175224272,0,0.41315824182639116,0.0013309425749832215,0,0.0029189683690365423
3.813,0.15421320000000002,-0.36669779999999996,10.1968083,0.06970046507088234,1,0.47334708241497614,0.0023855615895682237,0,0.0029487004023529538
3.828,0.1631403,-0.35777070000000005,10.1968083,0.07708495424573947,1,0.4922992783238187,0.0034864522344428624,0,0.002992740506033036
3.844,0.1631403,-0.39671639999999997,10.145894400000001,0.08308374827650411,1,0.3749246269227898,0.004767801854620814,0,0.0030587745387455454
3.86,0.1257642,-0.39671639999999997,10.154919600000001,0.08914320445614798,1,0.3787160112277418,0.0061456174764820334,0,0.0031460818933943683
3.875,0.1721655,-0.39818790000000004,10.154919600000001,0.09507285971011115,1,0.3953103502642075,0.0075272379577289855,0,0.0032486283091509517
3.891,0.1631403,-0.39220380000000005,10.157862600000001,0.10092030110560124,1,0.36546508721813054,0.009095183244254686,0,0.0033816076787668214
3.907,0.1631403,-0.39671639999999997,10.1593341,0.10666525059167675,1,0.3590593428797192,0.010755867657832908,0,0.003540416085983522
3.922,0.1796211,-0.39671639999999997,10.241738100000001,0.11428487869517667,1,0.5079752068999904,0.012412993627484326,0,0.0037141825456234027
3.938,0.18109260000000002,-0.3996594,10.241738100000001,0.1217220818731608,1,0.4648251986240078,0.01430104931203103,0,0.003927894889139525
3.953,0.1646118,-0.3951468000000001,10.3030506,0.1304609749799326,1,0.582592873784798,0.01619242223842919,0,0.004156595925767972
3.969,0.15568469999999998,-0.3876912,10.3030506,0.13897644024702416,1,0.5322165791932227,0.018347921560244847,0,0.004432918676157365
3.985,0.15568469999999998,-0.3831786,10.2611619,0.1462592470936901,1,0.4551754279166205,0.020629807058970565,0,0.004744740505111088
4.0,0.15568469999999998,-0.3831786,10.2611619,0.15336442450507093,1,0.4736784940920518,0.02287698459596129,0,0.00507104144252308
4.016,0.1437165,-0.3831786,10.301579100000001,0.16127705503135914,1,0.49453940789301276,0.025394116432252735,0,0.005457210250748792
4.032,0.17069399999999998,-0.40113090000000007,10.301579100000001,0.16902338144388374,1,0.4841454007827868,0.028036519924054683,0,0.005884655341599251
4.047,0.1257642,-0.3771945,10.306091700000001,0.176652962711227,1,0.5086387511562278,0.03062909250521796,0,0.006324647434818787
4.063,0.1257642,-0.40711500000000006,10.3345407,0.18481749010235227,1,0.5102829619453293,0.033520856127726595,0,0.006837847023882344
4.078,0.1482291,-0.40711500000000006,10.4213592,0.19490582124032585,1,0.6725554091982133,0.03636878096279679,0,0.007362019302061289
4.094,0.1437165,-0.3831786,10.4213592,0.20472443668425555,1,0.6136634652456058,0.03956582302619345,0,0.007969496133973212
4.11,0.1437165,-0.36669779999999996,10.371916800000001,0.21308407457465073,1,0.5224773681496981,0.04290829111626471,0,0.008629289047112878
4.125,0.1497006,-0.36669779999999996,10.407821400000001,0.22211696816619764,1,0.6021929061031401,0.046172298936820996,0,0.009297393472511007
4.141,0.1526436,-0.39818790000000004,10.407821400000001,0.23095878962150707,1,0.5526138409568389,0.049796904999122635,0,0.010065147103998556
4.157,0.1526436,-0.3936753,10.4438241,0.24045816876548365,1,0.5937111964985359,0.05356824066621857,0,0.010892068269321287
4.172,0.1362609,-0.3936753,10.466190899999999,0.25026543263112977,1,0.6538175910430887,0.057248667676693094,0,0.011723195081893107
4.188,0.1392039,-0.3278502,10.4318559,0.25894218369169764,1,0.5422969412854912,0.06132232860727571,0,0.012671763052164858
4.203,0.1511721,-0.39220380000000005,10.4318559,0.2674654992621601,1,0.5682210380308109,0.0652703862294298,0,0.013621208413440186
4.219,0.1511721,-0.4027005000000001,10.539569700000001,0.27841563332963837,1,0.6843833792173898,0.06963743529016418,0,0.014700470985596938
4.235,0.18266220000000002,-0.4027005000000001,10.4812002,0.28768845627761763,1,0.5795514342487035,0.07416626800702224,0,0.01585090061197443
4.25,0.18266220000000002,-0.4027005000000001,10.4812002,0.29673511281223064,1,0.60311043564088,0.078549444775196,0,0.016996268457841045
4.266,0.1257642,-0.3891627,10.4812002,0.3055282547465321,1,0.5495713708938417,0.08336755171566611,0,0.018291604429767943
4.282,0.1257642,-0.36973890000000004,10.530642600000002,0.315294870904939,1,0.610413509900431,0.08833413672087788,0,0.019665217937260296
4.297,0.1392039,-0.3876912,10.4902254,0.3238581041693731,1,0.5708822176289514,0.09312778403393512,0,0.021026182342921366
4.313,0.1392039,-0.34580249999999996,10.5201459,0.3329060937759909,1,0.5654993504136113,0.09838189761749805,0,0.022558259796132834
4.328,0.1392039,-0.34580249999999996,10.5201459,0.34173340070927516,1,0.5884871288855952,0.10344169382613774,0,0.02407193673196016
4.344,0.16912439999999998,-0.34580249999999996,10.5440823,0.3509395197747587,1,0.5753824415927195,0.10898307719001002,0,0.025771334900089343
4.36,0.15421320000000002,-0.4116276,10.5680187,0.36055645712200857,1,0.6010585842031174,0.11467504500518416,0,0.027560599877650898
4.375,0.15421320000000002,-0.4116276,10.5680187,0.36993883502176317,1,0.6254918599836534,0.12015375969626232,0,0.02932181591291171
4.391,0.15421320000000002,-0.36826739999999997,10.5904836,0.3796009168778145,1,0.6038801160032076,0.12615007771145895,0,0.03129224661217348
4.407,0.11526750000000001,-0.36826739999999997,10.584499500000002,0.3888694043824401,1,0.5792804690391001,0.13229784028154098,0,0.033359829956117484
4.422,0.16765290000000002,-0.37268190000000007,10.584499500000002,0.39793266135269256,1,0.6042171313501764,0.13819885577455435,0,0.035388555176538154
4.438,0.16765290000000002,-0.3847482,10.5785154,0.40663954632809407,1,0.5441803109625938,0.14463543343600063,0,0.03765122949022259
4.453,0.17667810000000003,-0.3847482,10.5335856,0.4140426795331411,1,0.493542213669784,0.15079055012996012,0,0.039866924366967385
4.469,0.1796211,-0.38621970000000005,10.5335856,0.4212677738806754,1,0.4515683967208913,0.15747303375727065,0,0.04233303303806523
4.485,0.1796211,-0.3891627,10.5201459,0.42799175995916805,1,0.4202491299057916,0.1642671100279894,0,0.044906954188347316
4.5,0.1317483,-0.3891627,10.611477,0.4367603862157434,1,0.5845750837717041,0.1707527511243011,0,0.04741960314698944
4.516,0.15421320000000002,-0.33226469999999997,10.6189326,0.44545711512982855,1,0.54354555713032,0.1778104911350657,0,0.05020810908506437
4.532,0.145188,-0.36826739999999997,10.6189326,0.4539675734578559,1,0.5319036455017074,0.18500588864376719,0,0.05311064012329504
4.547,0.145188,-0.38621970000000005,10.630900800000001,0.4625776910818473,1,0.5740078415994417,0.19187997812781482,0,0.055937284124081846
4.563,0.16166880000000003,-0.38621970000000005,10.583028,0.4698168821098463,1,0.45244943924993525,0.19933913471334838,0,0.05906703702681115
4.578,0.11673900000000001,-0.37572300000000003,10.583028,0.4768558944565626,1,0.46926748978107113,0.20643918053759672,0,0.06211037439119336
4.594,0.11673900000000001,-0.37572300000000003,10.5919551,0.48394080753890734,1,0.44280706764654415,0.2141255541535605,0,0.06547489226872262
4.625,0.1302768,-0.36973890000000004,10.5335856,0.4894289659483899,1,0.1770373680478269,0.22921278564261344,0,0.07234663653556325
4.625,0.1302768,-0.36973890000000004,10.5335856,0.4947832668356895,1,0.0,0.22921278564261344,0,0.07234663653556325
4.641,0.1302768,-0.37572300000000003,10.617461100000002,0.5020564350747687,1,0.45457301494244945,0.23718750325789711,0,0.07607783884676735
4.657,0.11673900000000001,-0.37572300000000003,10.584499500000002,0.5083449823324511,1,0.39303420360514674,0.24527071459715488,0,0.07993750458960777
4.672,0.1661814,-0.34580249999999996,10.6069644,0.5150189651985091,1,0.44493219107054455,0.2529459442036369,0,0.08367412953061364
4.688,0.1437165,-0.37268190000000007,10.6069644,0.521544358159094,1,0.4078370600365529,0.26123845079049773,0,0.08778760469056672
4.703,0.1437165,-0.3771945,10.585971,0.5274028199050207,1,0.39056411639510163,0.2691055546259789,1,0.09176518473119044
4.719,0.1466595,-0.3771945,10.6189326,0.533922732530538,1,0.4074945390948322,0.27759615904546336,1,0.09613879844056199
4.735,0.1646118,-0.42506730000000004,10.630900800000001,0.5406257451311873,1,0.4189382875405819,0.28619254686675716,1,0.10064910808785976
4.75,0.1646118,-0.42506730000000004,10.630900800000001,0.5471652696196259,1,0.4359682992292447,0.2943509794773881,1,0.10500318453544076
4.766,0.1272357,-0.42506730000000004,10.630900800000001,0.5535327915640078,1,0.39797012152387146,0.30315656396685714,1,0.10978324488299472
4.782,0.16166880000000003,-0.3562992,10.630900800000001,0.5596948192039779,1,0.3851267274981304,0.31206238485300103,1,0.11470499647355359
4.797,0.16166880000000003,-0.37268190000000007,10.626388200000001,0.5656102606601987,1,0.39436276374806206,0.3205021729519822,1,0.11944923065709086
4.813,0.17510850000000003,-0.37268190000000007,10.608435900000002,0.5709490815266705,1,0.33367630415448407,0.32959464768947716,1,0.12465000522222254
4.828,0.11821050000000001,-0.35777070000000005,10.584499500000002,0.5755425568128825,1,0.30623168574745585,0.33819333497702414,1,0.12965841509222148
4.844,0.1526436,-0.39220380000000005,10.584499500000002,0.5800644663534307,1,0.2826193462842627,0.34743819116235464,1,0.13514346730133653
4.86,0.1526436,-0.3996594,10.6488531,0.5860512093034504,1,0.37417143437623557,0.3567671165676097,1,0.14077710976317626
4.875,0.16166880000000003,-0.3996594,10.6009803,0.5907285109000195,1,0.3118201064379463,0.36559296446913553,1,0.14619481037095172
4.891,0.1497006,-0.40711500000000006,10.6009803,0.5952943623688611,1,0.28536571680259887,0.3750811474552866,1,0.1521202032663471
4.907,0.1497006,-0.37572300000000003,10.638356400000001,0.6006315551497163,1,0.33357454880345,0.3846485547954352,1,0.15819804088435288
4.922,0.1661814,-0.37572300000000003,10.5799869,0.6044219558277195,1,0.2526933785335508,0.39368645612776576,1,0.16403555346627677
4.938,0.1661814,-0.37572300000000003,10.5799869,0.6081199077086996,1,0.231121992561256,0.4033867910360571,1,0.17041213944358735
4.953,0.1482291,-0.3847482,10.5799869,0.6117290696863158,1,0.24061079850773634,0.41253565836652006,1,0.1765315578141069
4.969,0.1482291,-0.3622833,10.6129485,0.6160342668601775,1,0.26907482336635513,0.422357765058892,1,0.1832107052015102
4.985,0.145188,-0.42065280000000005,10.644340500000002,0.6210508945902298,1,0.313539233128268,0.43225444635049526,1,0.1900476028927853
5.0,0.145188,-0.42065280000000005,10.644340500000002,0.6259451655463799,1,0.3262847304100161,0.44160691680151964,1,0.19660156311642527
5.016,0.16912439999999998,-0.37572300000000003,10.644340500000002,0.6306877159286124,1,0.2964093988895297,0.45165997985331957,1,0.203747698289664
5.032,0.16912439999999998,-0.3817071,10.5799869,0.6337513965674244,1,0.19148003992575086,0.4617754927532879,1,0.21105518207051685
5.047,0.17667810000000003,-0.3817071,10.5934266,0.637070900930425,1,0.22130029086670785,0.4713066599845216,1,0.21805329821605027
5.063,0.1721655,-0.3771945,10.5934266,0.6403036916224494,1,0.20204941825152628,0.4815256567249458,1,0.22567595674972601
5.078,0.1721655,-0.38023560000000006,10.647381600000001,0.6447752438607743,1,0.2981034825549861,0.4911637487410714,1,0.23297112729072142
5.094,0.17667810000000003,-0.38023560000000006,10.641397500000002,0.648993694917305,1,0.26365319103316387,0.501513900251297,1,0.24091254848266036
5.11,0.1317483,-0.3652263,10.641397500000002,0.6530805742327548,1,0.25542995721561357,0.5119304944044976,1,0.24902010363990673
5.125,0.1317483,-0.37866600000000006,10.6189326,0.656531688033537,1,0.2300742533854865,0.5217525863714946,1,0.2567727267457265
5.141,0.142245,-0.37866600000000006,10.605492900000002,0.6595743691785803,1,0.19016757156520275,0.5322814348291915,1,0.265204998915332
5.157,0.1946304,-0.37268190000000007,10.5949962,0.6623021336440118,1,0.17048527908947161,0.5428564468517723,1,0.27380610196877975
5.172,0.142245,-0.3891627,10.5949962,0.6649575113090691,1,0.17702517767049053,0.5528108941889202,1,0.28202360702658474
5.188,0.142245,-0.44154810000000005,10.596467700000002,0.6676340258171436,1,0.1672821567546555,0.5634716264859299,1,0.2909538671919836
5.203,0.1946304,-0.44154810000000005,10.656308700000002,0.6717235830902979,1,0.27263715154360957,0.573516808552736,1,0.2994812804547739
5.219,0.142245,-0.36669779999999996,10.656308700000002,0.675624042046314,1,0.24377868475100573,0.5842955895538289,1,0.3087437796396264
5.235,0.142245,-0.3951468000000001,10.6218756,0.6786149751352042,1,0.18693331805563745,0.595129501691281,1,0.3181791803695873
5.25,0.1497006,-0.3951468000000001,10.5680187,0.6802229162302407,1,0.1071960730024343,0.6053207858765216,1,0.3271825575263456
5.266,0.11978010000000001,-0.34580249999999996,10.5680187,0.6817401799870719,1,0.09482898480195337,0.6162164906462602,1,0.3369548557385279
5.282,0.11978010000000001,-0.3592422,10.6818147,0.686005115987653,1,0.26655850003631776,0.6271584530140579,1,0.3469018552878105
5.297,0.15568469999999998,-0.347274,10.5650757,0.6873221987780411,1,0.08780551935920942,0.6374584078748005,1,0.35638648174447674
5.313,0.1482291,-0.347274,10.6189326,0.6899172928984711,1,0.16219338252687607,0.6484763238082125,1,0.36667395959794086
5.328,0.16166880000000003,-0.4101561,10.6189326,0.6925085292340096,1,0.17274908903589228,0.6588445174742065,1,0.37647886590755936
5.344,0.16166880000000003,-0.39220380000000005,10.6218756,0.6950917594376378,1,0.16145188772675997,0.6699453197835796,1,0.38710918460562166
5.36,0.1946304,-0.39220380000000005,10.6218756,0.6976254566043423,1,0.15835607291903017,0.6810870575119155,1,0.3979174436239856
5.375,0.1497006,-0.3951468000000001,10.6218756,0.7000822668814042,1,0.16378735180413048,0.6915698654380583,1,0.4082123705461102
5.391,0.1497006,-0.37425150000000007,10.6278597,0.7026065596226836,1,0.157768296329963,0.702791376050091,1,0.4193672604780154
5.407,0.1317483,-0.37425150000000007,10.6009803,0.7044083530049274,1,0.11261208639024013,0.7140474953511119,1,0.43070197144922506
5.422,0.1377324,-0.3847482,10.6009803,0.7061772124025065,1,0.11792395983860866,0.7246268870916674,1,0.44149202931754566
5.438,0.1377324,-0.37268190000000007,10.583028,0.7074548695027616,1,0.07985356876594178,0.7359359437469096,1,0.4531765319642543
5.453,0.145188,-0.37572300000000003,10.5335856,0.7075013783592983,1,0.0031005904357782545,0.7465481156058755,1,0.4642951624094006
5.469,0.1392039,-0.37572300000000003,10.5171048,0.7071431042321379,1,-0.022392132947524047,0.757865271466607,1,0.47633046950598046
5.485,0.1646118,-0.4311495000000001,10.5171048,0.70685432575962,1,-0.018048654532365465,0.7691772509065411,1,0.48854680968496567
5.5,0.1646118,-0.3996594,10.548594900000001,0.7073096868993609,1,0.030357409316058848,0.7797834810014832,1,0.5001640151742756
5.516,0.173637,-0.3996594,10.5650757,0.7081590966942013,1,0.05308811217752391,0.7911072312702317,1,0.5127311408724493
5.532,0.1586277,-0.3532581,10.5650757,0.70894174116588,1,0.04891527947992187,0.8024440379731124,1,0.5254795510263961
5.547,0.1586277,-0.3712104,10.5665472,0.7097561628191222,1,0.05429477688281397,0.8130842722529996,1,0.5375960133530917
5.563,0.1586277,-0.3712104,10.5051366,0.7090539992582592,1,-0.043885222553940964,0.8244347535496187,1,0.5506961655595126
5.578,0.145188,-0.38621970000000005,10.5051366,0.7083774125685203,1,-0.045105779315925736,0.8350654891383199,1,0.5631424173796726
5.594,0.1497006,-0.3652263,10.4871843,0.7072630202280443,1,-0.0696495212797465,0.8463906126006925,1,0.5765940661935848
5.61,0.1497006,-0.37425150000000007,10.472175,0.7058177534327879,1,-0.09032917470352944,0.8576952587899791,1,0.5902267531647102
5.625,0.1497006,-0.37425150000000007,10.472175,0.7044077370471715,1,-0.09400109237442404,0.8682719499685786,1,0.6031715072303991
5.641,0.1332198,-0.40417200000000003,10.4482386,0.7024704551300918,1,-0.12108011981748479,0.8795269755059967,1,0.6171538986341958
5.657,0.1332198,-0.3771945,10.4512797,0.7006299584207181,1,-0.11503104433585588,0.8907517788144032,1,0.631316128668759
5.672,0.142245,-0.3771945,10.3824135,0.6971588436305289,1,-0.2314076526792805,0.9012351948297873,1,0.6447560309710901
5.688,0.142245,-0.3771945,10.3824135,0.6937723901766866,1,-0.21165334086514756,0.9123626447002451,1,0.6592648136873304
5.703,0.16019730000000001,-0.3936753,10.3824135,0.6904898164078865,1,-0.21883825125332734,0.9227446112496298,1,0.673028118106955
5.719,0.16019730000000001,-0.3996594,10.3898691,0.6874745647908078,1,-0.1884532260674197,0.9337683262992194,1,0.6878802216073457
5.735,0.1062423,-0.3996594,10.3329711,0.6831293441421309,1,-0.2715762905423078,0.9447331575706829,1,0.702908233478305
5.75,0.1406754,-0.4340925,10.3329711,0.6789339822691804,1,-0.27969079153003545,0.9549486325187675,1,0.7171558469039756
5.766,0.17510850000000003,-0.39818790000000004,10.328556599999999,0.6747109567102516,1,-0.2639390974330522,0.965777792030603,1,0.7325216583003705
5.782,0.17510850000000003,-0.3996594,10.3465089,0.6710297881930867,1,-0.2300730323228082,0.9765437179898298,1,0.748060230380534
5.797,0.15421320000000002,-0.3996594,10.351021500000002,0.6675402698315249,1,-0.23263455743745495,0.9865829934250141,1,0.7627836807161451
5.813,0.1377324,-0.344331,10.351021500000002,0.6640817361162412,1,-0.2161583572052315,0.9972359694725963,1,0.778654232419326
5.828,0.1377324,-0.3876912,10.298538,0.6594658553369293,1,-0.3077253852874527,1.0071625764084955,1,0.7936872215134347
5.844,0.16019730000000001,-0.3876912,10.235754000000002,0.6534404355652335,1,-0.37658873573098683,1.0176658267357128,1,0.8098858487385884
5.86,0.17069399999999998,-0.4027005000000001,10.235754000000002,0.6475802335232643,1,-0.3662626276230704,1.0280739920884208,1,0.8262517672891815
5.875,0.17069399999999998,-0.35777070000000005,10.2222162,0.6414923461032345,1,-0.40585916133533256,1.0377420364356194,1,0.8417453875031115
5.891,0.1437165,-0.35777070000000005,10.2401685,0.6359803824838046,1,-0.34449772621436525,1.0479618182643158,1,0.8584310183407109
5.907,0.18413369999999998,-0.44311770000000006,10.2401685,0.6306999526216579,1,-0.3300268663841696,1.0580952609451595,1,0.8752794749743867
5.922,0.1511721,-0.4161402,10.3106043,0.6272239406305218,1,-0.23173413274241286,1.0675296901445506,1,0.8912216621075593
5.938,0.1511721,-0.3847482,10.1968083,0.6210297390101402,1,-0.38713760127384556,1.0775157195816758,1,0.908382025385369
5.953,0.145188,-0.37572300000000003,10.2297699,0.6157796112453244,1,-0.3500085176543744,1.0867917897085921,1,0.9246143317050467
5.969,0.145188,-0.37572300000000003,10.2297699,0.6106575353772108,1,-0.32012974175710224,1.0966032868815725,1,0.942081492317768
5.985,0.145188,-0.35178660000000006,10.1279421,0.6031577730970206,1,-0.4687351425118887,1.1063138093493663,1,0.9597048290876156
6.0,0.1317483,-0.35178660000000006,10.1758149,0.5970032840748747,1,-0.4102992681430675,1.1153150172781554,1,0.9763670452873217
6.016,0.15568469999999998,-0.3876912,10.1758149,0.5910389388699517,1,-0.372771575307684,1.124819355061714,1,0.9942881202660406
6.032,0.15568469999999998,-0.3592422,10.1204865,0.5838461493926257,1,-0.4495493423328774,1.1342184357678147,1,1.0123604225926768
6.047,0.1526436,-0.3592422,10.1234295,0.576899391952411,1,-0.46311716268098774,1.1429240273279022,1,1.0294389910658943
6.063,0.1466595,-0.39220380000000005,10.1234295,0.5701497255777301,1,-0.4218541484175549,1.1521004202681433,1,1.0477991866466627
6.078,0.1466595,-0.37866600000000006,10.142951400000001,0.5640278861589749,1,-0.4081226279169989,1.160606752356169,1,1.0651444904413456
6.094,0.16912439999999998,-0.37425150000000007,10.148935500000002,0.5582057235841908,1,-0.36388516092400425,1.1695846212341143,1,1.0837860214300679
6.11,0.1392039,-0.37425150000000007,10.069572599999999,0.5505803162204987,1,-0.4765879602307561,1.1784549095525518,1,1.1025703376763611
6.125,0.1796211,-0.4027005000000001,10.069572599999999,0.5431832328098825,1,-0.4931388940410965,1.1866581361702795,1,1.120308685519282
6.141,0.1796211,-0.33981839999999996,10.068101100000002,0.5358742025796843,1,-0.4568143893873829,1.1952905956533961,1,1.1393642753738715
6.157,0.16166880000000003,-0.33981839999999996,10.060547399999999,0.5285519174029858,1,-0.45764282354365765,1.2038060046132575,1,1.1585570481760048
6.172,0.16019730000000001,-0.347274,10.060547399999999,0.5214138560090813,1,-0.47587075959364306,1.2116807479138478,1,1.1766731988199577
6.188,0.16019730000000001,-0.3847482,10.0276839,0.5136822600375446,1,-0.48322474822104455,1.2199615168422209,1,1.1961263369380062
6.203,0.173637,-0.3847482,10.008162,0.5056689694267327,1,-0.5342193740541069,1.2276066510632033,1,1.2144830981972976
6.219,0.18109260000000002,-0.3907323,10.008162,0.4978599941179791,1,-0.48806095679709793,1.235634882771561,1,1.2341890304679757
6.235,0.18109260000000002,-0.3907323,10.008162,0.4902414816216343,1,-0.4761570310215508,1.243539694577478,1,1.254022427086768
6.25,0.1586277,-0.40868460000000006,9.9288972,0.4808855457527841,1,-0.6237290579233596,1.250823147282786,1,1.2727301484007194
6.266,0.1856052,-0.40868460000000006,9.9378243,0.4719867104217865,1,-0.5561772081873468,1.2584461253321826,1,1.2928043025816391
6.282,0.1856052,-0.40868460000000006,9.9378243,0.46330491985495925,1,-0.5426119104267042,1.2659284583743966,1,1.3129992992512918
6.297,0.19757340000000004,-0.36826739999999997,9.855518400000001,0.4527963307368328,1,-0.7005726078751127,1.272799217753835,1,1.332039756822253
6.313,0.1212516,-0.36826739999999997,9.845021700000002,0.44225814505660566,1,-0.6586366050141951,1.2799596535601825,1,1.3524618277927651
6.328,0.1212516,-0.36826739999999997,9.845021700000002,0.43197698829540876,1,-0.6854104507464338,1.286516417060323,1,1.3717103983224197
6.344,0.18864630000000002,-0.3996594,9.845021700000002,0.4220022741438356,1,-0.6234196344733206,1.2933482511598369,1,1.392349315668181
6.36,0.18864630000000002,-0.3547296,9.862974000000001,0.41266639626480917,1,-0.5834923674391529,1.3000256005231061,1,1.4130963064816446
6.375,0.1511721,-0.3547296,9.8854389,0.40408999679759994,1,-0.5717599644806274,1.306151273471074,1,1.4326426330366007
6.391,0.1257642,-0.37268190000000007,9.8689581,0.3953285490855034,1,-0.5475904820060324,1.312546621838139,1,1.4535922161990744
6.407,0.1856052,-0.3771945,9.8689581,0.38680797806603984,1,-0.5325356887164729,1.3188037140553512,1,1.4746430188862223
6.422,0.1856052,-0.38621970000000005,9.886910400000001,0.3789411815242314,1,-0.5244531027872406,1.3245468327522782,1,1.494468147987279
6.438,0.1377324,-0.38621970000000005,9.8974071,0.37150297978888247,1,-0.4648876084593075,1.3305503860427832,1,1.5157089257376395
6.453,0.15568469999999998,-0.3847482,9.8974071,0.36425128571901766,1,-0.48344627132430246,1.3360685430340926,1,1.5357085677057167
6.469,0.15568469999999998,-0.38023560000000006,9.8809263,0.35677058822502694,1,-0.4675435933744195,1.341836718025645,1,1.5571318097941946
6.485,0.0898596,-0.38023560000000006,9.8375661,0.3483956782787079,1,-0.5234318716449411,1.347478048157675,1,1.578646327923661
6.5,0.1272357,-0.39671639999999997,9.8375661,0.3402509447632127,1,-0.5429822343663557,1.3526428978304892,1,1.598897235018572
6.516,0.1272357,-0.36973890000000004,9.8495343,0.3325709298895809,1,-0.4800009296019865,1.3580254728277115,1,1.6205825819838375
6.532,0.16912439999999998,-0.36973890000000004,9.800091900000002,0.32388870942681436,1,-0.5426387789229099,1.3632771499422427,1,1.6423530029659972
6.547,0.1631403,-0.3487455,9.866015100000002,0.3170036756538508,1,-0.45900225153091423,1.3680838428303477,1,1.6628382104117911
6.563,0.1482291,-0.36973890000000004,9.866015100000002,0.3102994646488604,1,-0.4190131878119004,1.3731022679527694,1,1.684767699298056
6.578,0.1482291,-0.36071369999999997,9.7986204,0.3021081469849065,1,-0.5460878442635705,1.3776953250400228,1,1.7053986812455026
6.594,0.145188,-0.36071369999999997,9.806076000000001,0.294297208887528,1,-0.48818363108615825,1.3824665678870023,1,1.7274799763889188
6.61,0.17667810000000003,-0.37866600000000006,9.806076000000001,0.2867058691639581,1,-0.4744587327231149,1.3871145925114141,1,1.749636625672106
6.625,0.17667810000000003,-0.37425150000000007,9.7866522,0.2788222252394945,1,-0.5255762616309188,1.39135605321944,1,1.770475155515087
6.641,0.1526436,-0.37425150000000007,9.8196138,0.2719242699686788,1,-0.43112220442598176,1.3957620251811054,1,1.7927721001422914
6.657,0.1257642,-0.3652263,9.8196138,0.2651769894963323,1,-0.42170502952165695,1.4000588352568255,1,1.8151386670257947
6.672,0.1257642,-0.4027005000000001,9.8151012,0.2585200237588534,1,-0.44379771583193417,1.4039865628562394,1,1.8361690075116424
6.688,0.11978010000000001,-0.4027005000000001,9.821085300000002,0.2521694192651118,1,-0.39691278085884873,1.408072078400431,1,1.8586654766416957
6.703,0.19011780000000003,-0.3532581,9.7686999,0.24467775731635122,1,-0.499444129917355,1.411798432224792,1,1.8798145054713857
6.719,0.17069399999999998,-0.36375480000000004,9.7686999,0.23736946486546628,1,-0.456768278180308,1.4156548100022466,1,1.9024341314092021
6.735,0.17069399999999998,-0.38023560000000006,9.848062800000001,0.23218865239993036,1,-0.32380077909599486,1.4194112749403698,1,1.925114660088743
6.75,0.16912439999999998,-0.38023560000000006,9.839037600000001,0.22691361093112405,1,-0.3516694312537613,1.4228545419153527,1,1.9464316537151605
6.766,0.1586277,-0.3652263,9.839037600000001,0.22174911220259297,1,-0.3227811705331926,1.4264438437004223,1,1.9692260408000868
6.782,0.1586277,-0.40711500000000006,9.7552602,0.2147093181129165,1,-0.4399871306047794,1.4299355111429464,1,1.9920770756388337
6.797,0.2140542,-0.40711500000000006,9.7701714,0.2082303066771658,1,-0.43193409571672203,1.433107558328872,1,2.013549898659872
6.813,0.21258269999999999,-0.42065280000000005,9.7701714,0.20192250883910212,1,-0.39423736487897953,1.436388780853002,1,2.036505869373327
6.828,0.21258269999999999,-0.3936753,9.7252416,0.1946464725976469,1,-0.4850690827636637,1.4393630482137778,1,2.058074008091329
6.844,0.1990449,-0.39220380000000005,9.7417224,0.18794103252607997,1,-0.4190900044729325,1.4424237482547677,1,2.0811283024630773
6.86,0.1406754,-0.39220380000000005,9.749178,0.18155601845863778,1,-0.39906337921513624,1.4453797246626454,1,2.1042307302464165
6.875,0.1377324,-0.39671639999999997,9.749178,0.17533016163061887,1,-0.41505712186793586,1.4480563710133147,1,2.125931500963986
6.891,0.1377324,-0.40417200000000003,9.735738300000001,0.16893613393246198,1,-0.3996267311348053,1.4508105013778194,1,2.149122435943115
6.907,0.1586277,-0.40417200000000003,9.669913200000002,0.16110192220665986,1,-0.4896382328626321,1.4534508058269324,1,2.1723565264007534
6.922,0.16912439999999998,-0.40113090000000007,9.669913200000002,0.1534600377339892,1,-0.5094589648447221,1.4558100205264872,1,2.1941759825984035
6.938,0.16912439999999998,-0.40113090000000007,9.669913200000002,0.14600454068748014,1,-0.46596856540681536,1.458205737153859,1,2.2174881086598464
6.953,0.1482291,-0.3817071,9.686394000000002,0.13910498333777532,1,-0.459970489980304,1.4603440585840486,1,2.2393772321278815
6.969,0.1631403,-0.38023560000000006,9.686394000000002,0.1323781376703952,1,-0.4204278542112579,1.462515923552114,1,2.2627601119849707
6.985,0.1631403,-0.4176117,9.723770100000001,0.12676350897151423,1,-0.3509142936800599,1.464589056725249,1,2.2861769518271897
7.0,0.1631403,-0.4176117,9.723770100000001,0.12128582243602182,1,-0.36517910236616846,1.4664494267108055,1,2.3081597404529597
7.016,0.1571562,-0.37572300000000003,9.6474483,0.11403783526674083,1,-0.45299919808006145,1.4683320159724276,1,2.3316379919944255
7.032,0.16912439999999998,-0.37572300000000003,9.6489198,0.10700741760053845,1,-0.4394011041376485,1.4701003779953659,1,2.355145451146168
7.047,0.1466595,-0.39671639999999997,9.6489198,0.10015999200848036,1,-0.45649503947054887,1.4716541335674336,1,2.377208609982888
7.063,0.1466595,-0.3652263,9.657945000000002,0.09366922284045032,1,-0.40567307300187727,1.473204767286225,1,2.4007674811897175
7.078,0.1661814,-0.3652263,9.634008600000001,0.08676116007309176,1,-0.4605375178238864,1.4745579951580765,1,2.4228757019080507
7.094,0.1646118,-0.3652263,9.634008600000001,0.08002092996887811,1,-0.4212643815133528,1.4758922518784123,1,2.4464793038843426
7.11,0.1646118,-0.3771945,9.556117200000001,0.07155828819744592,1,-0.5289151107145114,1.477104885623743,1,2.4701032809843597
7.125,0.1646118,-0.3771945,9.572598000000001,0.06370365143886403,2,-0.5236424505721372,1.4781193501710153,1,2.49226746275282
7.141,0.1302768,-0.3487455,9.572598000000001,0.056001415033225754,2,-0.4813897753523917,1.479076990702792,1,2.5159250334798107
7.157,0.1302768,-0.3771945,9.5381649,0.04767422661693743,2,-0.5204492760180197,1.4799063958359935,1,2.539596900572121
7.172,0.1946304,-0.36826739999999997,9.506772900000001,0.03880342141138016,2,-0.591387013703831,1.4805549781962057,1,2.561800360877362
7.188,0.1870767,-0.36826739999999997,9.4932351,0.02981540360429058,2,-0.5617511129430981,1.481103928796331,1,2.585493632133302
7.203,0.1511721,-0.3771945,9.4932351,0.021039559944739494,2,-0.5850562439700502,1.4814853410229487,1,2.6077130516569476
7.219,0.1511721,-0.36826739999999997,9.4947066,0.012505078799838643,2,-0.5334050715563028,1.4817536981329054,1,2.6314189639701944
7.235,0.1302768,-0.36826739999999997,9.5022603,0.004355289641599924,2,-0.5093618223899194,1.481888581080437,1,2.6551281022039013
7.25,0.1122264,-0.347274,9.5022603,-0.0036206009160100194,2,-0.5317260371740076,1.481894091245879,1,2.6773564722463483
7.266,0.1122264,-0.3503151,9.4183848,-0.013443436042717138,2,-0.6139271954191944,1.481757578950209,1,2.701065685607917
7.282,0.1332198,-0.3503151,9.4633146,-0.021925036848569945,2,-0.5301000503658,1.4814746311670788,1,2.7247715432888553
7.297,0.1796211,-0.39818790000000004,9.4633146,-0.03013494564127761,2,-0.5473272528471893,1.481084181298405,1,2.746990734382346
7.313,0.1796211,-0.4056435,9.4109292,-0.039413181254769114,2,-0.5798897258432184,1.4805277962832366,1,2.770683630202999
7.344,0.16019730000000001,-0.39818790000000004,9.3915054,-0.04895467857187441,2,-0.3077902360356489,1.4791580944559235,1,2.816558761509457
7.36,0.15421320000000002,-0.41466870000000006,9.3915054,-0.05824851990067614,2,-0.5808650830501078,1.4783004688681431,1,2.8402184300160496
7.375,0.15421320000000002,-0.4056435,9.394448400000002,-0.06725358134388593,3,-0.6003374295473317,1.477359203108809,1,2.862385877555876
7.391,0.173637,-0.4056435,9.3525597,-0.07705129504871877,3,-0.6123571065520522,1.476204764097668,1,2.886014389293528
7.407,0.1571562,-0.4176117,9.3525597,-0.08660430776982153,3,-0.597063295068922,1.4748955192751199,1,2.9096231915605104
7.422,0.1571562,-0.35777070000000005,9.3405915,-0.09627641407015552,3,-0.6448070866889466,1.47352391386132,1,2.931736337309033
7.438,0.1482291,-0.35777070000000005,9.330094800000001,-0.10597196867311176,3,-0.6059721626847642,1.471905926799374,1,2.9552997760343187
7.453,0.1406754,-0.3936753,9.330094800000001,-0.1153986636148332,3,-0.6284463294480719,1.4702456470572143,1,2.977365912838244
7.469,0.1406754,-0.3951468000000001,9.2927187,-0.12550461221041154,3,-0.6316217872236457,1.4683184208506124,1,3.0008744253815065
7.485,0.1646118,-0.39818790000000004,9.286734599999999,-0.13549712853667373,3,-0.6245322703913864,1.4662304069246357,1,3.0243508160037087
7.5,0.19757340000000004,-0.39818790000000004,9.2178684,-0.14690799365525997,3,-0.7607243412390992,1.4641123685081963,1,3.0463283868194546
7.516,0.145188,-0.37425150000000007,9.2178684,-0.15808871059592633,3,-0.6987948087916467,1.4616723948741868,1,3.069734664926514
7.532,0.145188,-0.3592422,9.2043306,-0.16934117735898013,3,-0.703279172690862,1.4590529557705476,1,3.093100467731672
7.547,0.15421320000000002,-0.3592422,9.1774512,-0.18097061957201888,3,-0.7752961475359328,1.4564256172935652,1,3.114966557029652
7.563,0.15421320000000002,-0.3592422,9.1774512,-0.1923164168530338,3,-0.7091123300634321,1.4534393210021648,1,3.138245476536018
7.578,0.1511721,-0.38621970000000005,9.240333300000001,-0.20182786603631975,3,-0.6340966122190391,1.4504832388804945,1,3.160024895735139
7.594,0.15568469999999998,-0.38621970000000005,9.1849068,-0.21245598993410475,3,-0.6642577436115621,1.447168968032731,1,3.183206113390445
7.61,0.18266220000000002,-0.4027005000000001,9.1849068,-0.2227955408738147,3,-0.6462219337318714,1.4436869557862677,1,3.2063329607809967
7.625,0.18266220000000002,-0.4027005000000001,9.1849068,-0.23288290764426378,3,-0.672491118029953,1.440269367422382,1,3.227962633205061
7.641,0.18266220000000002,-0.4235958000000001,9.174410100000001,-0.24295703890403786,3,-0.6296332037358793,1.4364626478499958,1,3.25097648932724
7.657,0.1406754,-0.4235958000000001,9.231308100000001,-0.2514173566943665,3,-0.528769861895539,1.4325076526852085,1,3.273928251731522
7.672,0.1586277,-0.3592422,9.231308100000001,-0.2597307184227091,3,-0.5542241152228536,1.4286740421218305,1,3.2953871144425744
7.688,0.1586277,-0.3592422,9.231308100000001,-0.2678413152308483,3,-0.5069123005086991,1.424453465852602,1,3.31821213450637
7.703,0.1586277,-0.3547296,9.150473700000001,-0.2777281560349021,3,-0.6591227202702268,1.4203616948181088,1,3.339548248211401
7.719,0.15568469999999998,-0.3547296,9.0741519,-0.2892349134580101,3,-0.719172338944251,1.4158259902621655,1,3.362237749692043
7.735,0.1406754,-0.37425150000000007,9.0741519,-0.30044788292632774,3,-0.7008105917698508,1.4111085278910909,1,3.384853225837269
7.75,0.1406754,-0.33981839999999996,9.0591426,-0.3117861597631766,3,-0.755885122456606,1.4065167725709198,1,3.4059854155907336
7.766,0.16166880000000003,-0.33981839999999996,9.0502155,-0.32305690237040885,3,-0.7044214129520159,1.4014380280738512,1,3.428449053995892
7.782,0.15568469999999998,-0.3592422,9.0502155,-0.33403702511133737,3,-0.6862576713080321,1.3961812766539972,1,3.4508300084337145
7.797,0.1856052,-0.37268190000000007,9.0995598,-0.343520096853279,3,-0.632204782796122,1.3910995982392627,1,3.4717346149954134
7.813,0.1856052,-0.40417200000000003,9.2043306,-0.3501867523551834,3,-0.4166659688690229,1.385549943445595,1,3.4939478113288924
7.828,0.1377324,-0.40417200000000003,9.1040724,-0.3591539582965666,3,-0.5978137294255258,1.3802298881157067,1,3.514691160065603
7.844,0.1406754,-0.3936753,9.1040724,-0.3679125616658574,3,-0.5474127105806743,1.3744133559560072,1,3.5367283060181767
7.86,0.1406754,-0.4027005000000001,9.1055439,-0.3764120722238964,3,-0.5312194098774365,1.368458758884889,1,3.558671282936904
7.875,0.1466595,-0.4027005000000001,9.0966168,-0.38491947045316977,3,-0.5671598819515706,1.3627487723148113,1,3.5791553394209012
7.891,0.1437165,-0.39671639999999997,9.0966168,-0.3932269218351916,3,-0.5192157113763636,1.3565236011765043,1,3.600909518408832
7.907,0.1437165,-0.36375480000000004,9.171467100000001,-0.39954137769613496,3,-0.3946534913089602,1.3501814547802538,1,3.622563158856486
7.922,0.145188,-0.36375480000000004,9.1234962,-0.40687020863834533,3,-0.488588729480702,1.3441333678827452,1,3.6427705200264584
7.938,0.1332198,-0.3652263,9.1234962,-0.4140233048504971,3,-0.447068513259485,1.3375662197748344,1,3.664224116727719
7.953,0.1332198,-0.39671639999999997,9.2133558,-0.41878047707362853,3,-0.3171448148754169,1.3313201914104031,1,3.684240764811609
7.969,0.18109260000000002,-0.3907323,9.165483,-0.42457430479323044,3,-0.36211423247511887,1.3245733531554682,1,3.705487913168136
7.985,0.1392039,-0.3907323,9.2267955,-0.42875074442943095,3,-0.26102747726253184,1.3177467527616868,1,3.726626474015473
8.0,0.1856052,-0.3771945,9.2267955,-0.4328191463286615,3,-0.27122679328204063,1.3112849785810012,1,3.746344212000543
8.016,0.1856052,-0.3831786,9.1234962,-0.4392990980083695,3,-0.4049969799817529,1.304308032626305,1,3.7672689560902013
8.032,0.17667810000000003,-0.3831786,9.1698975,-0.44449478370171214,3,-0.3247303558339129,1.2972376815726243,1,3.7880813218037925
8.047,0.1392039,-0.3427614,9.1698975,-0.4496184569651209,3,-0.34157821756057305,1.290531832267623,1,3.807489593157595
8.063,0.1392039,-0.3831786,9.1100565,-0.4560362644160456,3,-0.4011129656827924,1.2832865944965737,1,3.8280801405717084
8.094,0.1721655,-0.36826739999999997,9.190890900000001,-0.460329171453953,3,-0.138480872190567,1.2690829302405893,1,3.867641868205133
8.094,0.1721655,-0.3907323,9.2208114,-0.46376578780490796,3,0.0,1.2690829302405893,1,3.867641868205133
8.11,0.1721655,-0.39671639999999997,9.2447478,-0.46652918360508444,3,-0.17271223751103,1.2616405704693092,1,3.887887656210812
8.125,0.1721655,-0.39671639999999997,9.2447478,-0.4692251795076956,3,-0.17973306017407045,1.254622412745963,1,3.9067596285849273
8.141,0.1466595,-0.39671639999999997,9.1863783,-0.47328828441223614,3,-0.2539440565337834,1.2470823050346036,1,3.9267732663271717
8.157,0.1332198,-0.33981839999999996,9.1863783,-0.477312859635699,3,-0.2515359514664304,1.2394774958822201,1,3.9466657447345064
8.172,0.1332198,-0.35777070000000005,9.162441900000001,-0.48180597303795025,3,-0.2995408934834037,1.2322841046371675,1,3.9652039567384025
8.188,0.15421320000000002,-0.35777070000000005,9.1265373,-0.487056402226143,3,-0.328151824262046,1.2245332056350549,1,3.98485849522058
8.203,0.1661814,-0.3876912,9.1265373,-0.4921438788647645,3,-0.33916510924146226,1.2171892035268737,1,4.0031714132892935
8.219,0.1661814,-0.38621970000000005,9.1894194,-0.4955766949209046,3,-0.21455100350875592,1.2092874389365882,1,4.022583226429001
8.235,0.16019730000000001,-0.38621970000000005,9.183435300000001,-0.49907417567462886,3,-0.21859254710776524,1.201330231971824,1,4.0418681677962685
8.25,0.16019730000000001,-0.38621970000000005,9.183435300000001,-0.5024863520197265,3,-0.22747842300649845,1.193818528014116,1,4.059831783496164
8.266,0.1362609,-0.37268190000000007,9.2088432,-0.505219219548664,3,-0.17080422055859565,1.1857568834415688,1,4.07886838678781
8.282,0.1362609,-0.37268190000000007,9.2013876,-0.5080671069521099,3,-0.1779929627153674,1.1776505928295626,1,4.097775646597979
8.297,0.1406754,-0.37268190000000007,9.2043306,-0.5107722015644516,3,-0.18033964082277293,1.1700092980156882,1,4.115383095779319
8.313,0.1406754,-0.37268190000000007,9.2043306,-0.5134113182594184,3,-0.16494479343542853,1.1618158298570973,1,4.134037696802301
8.328,0.1571562,-0.3652263,9.1519452,-0.5172633467132215,3,-0.25680189692022454,1.154085769869803,1,4.151406958800251
8.344,0.13469129999999999,-0.3652263,9.207371700000001,-0.519679499625207,3,-0.1510095569990931,1.1457902270990956,1,4.169805966776003
8.36,0.1272357,-0.38621970000000005,9.207371700000001,-0.5220184311138993,3,-0.14618321804327192,1.1374566436531828,1,4.188071941742021
8.375,0.1272357,-0.38621970000000005,9.207371700000001,-0.524300315493111,3,-0.15212562528076878,1.12960925305363,1,4.205074935967323
8.391,0.1272357,-0.4101561,9.1774512,-0.5272302953905132,3,-0.183123743587643,1.121197008166561,1,4.223081386057085
8.407,0.13469129999999999,-0.4101561,9.1863783,-0.5298687263934614,3,-0.1649019376842585,1.1127402159922892,1,4.240952883850356
8.422,0.15568469999999998,-0.4116276,9.1863783,-0.5324331184595259,3,-0.1709594710709611,1.1047729521558916,1,4.2575842326114675
8.438,0.1437165,-0.3951468000000001,9.1145691,-0.5367069455861895,3,-0.2671141954164733,1.0962198316435259,1,4.275192174881862
8.453,0.1437165,-0.3547296,9.2162988,-0.5384379934438783,3,-0.11540319051259929,1.088156244600801,1,4.2915749954536935
8.469,0.1437165,-0.36375480000000004,9.2043306,-0.5404098923260747,3,-0.12324368013727482,1.0795254615146415,1,4.308916449102617
8.485,0.1437165,-0.36375480000000004,9.2043306,-0.5423336961135838,3,-0.12023773671931959,1.0708635128071242,1,4.326119560897191
8.5,0.1437165,-0.3996594,9.157929300000001,-0.5453048270372527,3,-0.19807539491124931,1.0627062238834926,1,4.342121333922371
8.516,0.16166880000000003,-0.3996594,9.199916100000001,-0.5471732581492059,3,-0.11677694449707667,1.053966399202001,1,4.359054714907055
8.532,0.1511721,-0.36071369999999997,9.199916100000001,-0.5490396815098251,3,-0.11665146003869688,1.0451966956847287,1,4.375848019666149
8.563,0.1466595,-0.3907323,9.1609704,-0.551781404783867,3,-0.08844268625941362,1.0281339688471762,1,4.407984644966394
8.563,0.1466595,-0.3907323,9.1609704,-0.5544562567585416,3,0.0,1.0281339688471762,1,4.407984644966394
8.578,0.1392039,-0.3847482,9.1609704,-0.5570748739784204,3,-0.17457448132526548,1.0197974853666496,1,4.423344130872996
8.594,0.16019730000000001,-0.35178660000000006,9.1894194,-0.5589602877366637,3,-0.11783835989020985,1.010869204072929,1,4.439589464388513
8.61,0.16019730000000001,-0.38023560000000006,9.207371700000001,-0.5603346838750376,3,-0.08589975864836667,1.0019148443000354,1,4.455691736775497
8.625,0.16765290000000002,-0.38023560000000006,9.2222829,-0.5613090053807319,3,-0.06495476704628554,0.9935025166306168,1,4.470657366982477
8.641,0.1302768,-0.3248091,9.2222829,-0.5623259055784864,3,-0.06355626235965411,0.9845134373429432,1,4.4864814946142655
8.657,0.1302768,-0.4116276,9.1040724,-0.5661135211484716,3,-0.23672597312407428,0.9754859219291274,1,4.502161489488442
8.672,0.173637,-0.4116276,9.1055439,-0.5697552773223471,3,-0.24278374492502555,0.966966905940596,1,4.516729885697465
8.688,0.142245,-0.3831786,9.1055439,-0.5733517265589612,3,-0.22477807728837876,0.9578220499095456,1,4.532128197344266
8.703,0.142245,-0.40113090000000007,9.168426,-0.5753095710646328,3,-0.13052296704478397,0.9492070901773693,1,4.546430915894917
8.719,0.1406754,-0.40113090000000007,9.2178684,-0.5760156282047753,3,-0.04412857125890564,0.9399964885832139,1,4.561544544525002
8.735,0.18109260000000002,-0.3592422,9.1265373,-0.5789548205713704,3,-0.183699522912195,0.9307567249930048,1,4.576510570233611
8.75,0.1377324,-0.36669779999999996,9.1265373,-0.5818335550323539,3,-0.1919156307322276,0.9220508121759765,1,4.5904066267623795
8.766,0.1377324,-0.43713360000000007,9.1220247,-0.5846764285304431,3,-0.17767959363057512,0.9127187323074741,1,4.605084783118247
8.782,0.1526436,-0.43713360000000007,9.154986300000001,-0.5866412709524162,3,-0.12280265137332147,0.9033481907116112,1,4.6196133185024
8.797,0.16765290000000002,-0.3996594,9.154986300000001,-0.5885935155670996,3,-0.13014964097888518,0.8945339298127145,1,4.6330974344063325
8.813,0.16765290000000002,-0.40113090000000007,9.0995598,-0.5918469113904301,3,-0.2033372389581565,0.8850904063970543,1,4.647334429096011
8.828,0.1497006,-0.40113090000000007,9.1594989,-0.5935682586663038,3,-0.11475648505825571,0.8761997926216295,1,4.6605441055886505
8.844,0.1032993,-0.4056435,9.1594989,-0.5952583933473381,3,-0.1056334175646433,0.8666891794055204,1,4.6744872173648675
8.86,0.1032993,-0.38023560000000006,9.0861201,-0.5987219240779638,3,-0.21647067066410378,0.8571373368661179,1,4.688277829495041
8.875,0.1466595,-0.38023560000000006,9.1564578,-0.6003726019750584,3,-0.11004519313963651,0.8481441279207199,1,4.7010674404809425
8.891,0.15421320000000002,-0.3996594,9.0966168,-0.6034177723698821,3,-0.1903231496764855,0.8385138049259604,1,4.714560703943716
8.907,0.1721655,-0.3891627,9.0966168,-0.606391912098136,3,-0.18588373301586786,0.8288353274502163,1,4.727899497002726
8.922,0.1721655,-0.36669779999999996,9.1294803,-0.6085154943386168,3,-0.1415721493653823,0.8197235219019403,1,4.740263688372868
8.938,0.1721655,-0.36669779999999996,9.1294803,-0.6105872818903055,3,-0.12948672198054278,0.8099706996921089,1,4.75330124214562
8.953,0.11978010000000001,-0.36669779999999996,9.223852500000001,-0.6103292183085518,3,0.017204238783583476,0.8008138259406182,1,4.765382126087865
8.969,0.1571562,-0.3487455,9.1938339,-0.6108122723872995,3,-0.030190879921732056,0.7910446940150514,1,4.778116994247511
8.985,0.1721655,-0.3487455,9.2552445,-0.609780503982142,3,0.06448552532234414,0.7812799518040958,1,4.790695591414064
9.0,0.1721655,-0.3487455,9.2552445,-0.6087739006600366,3,0.06710688814036067,0.7721407937692791,1,4.802346247005865
9.016,0.1482291,-0.37572300000000003,9.2552445,-0.6077762156114925,3,0.0623553155340017,0.7624083928391069,1,4.814622640498731
9.032,0.16166880000000003,-0.3487455,9.2418048,-0.6071506253780203,3,0.03909938959201217,0.7526889781111907,1,4.826743419466334
9.047,0.145188,-0.3712104,9.1803942,-0.6080220567856092,3,-0.05809542717258644,0.7435751829949632,1,4.837965400674631
9.063,0.145188,-0.3712104,9.1803942,-0.6088722337686221,3,-0.05313606143830802,0.7338400286705293,1,4.849784722367954
9.078,0.145188,-0.4056435,9.1803942,-0.6096661772954306,3,-0.05292956845390459,0.7247009905875497,1,4.860723780012389
9.094,0.145188,-0.3712104,9.223852500000001,-0.6094172882086983,3,0.015555567920766386,0.7149483228635166,1,4.872240974519998
9.11,0.18109260000000002,-0.3712104,9.253773,-0.6084299557292248,3,0.061708279967098656,0.7052055449120133,1,4.883602205462202
9.125,0.19610190000000002,-0.3951468000000001,9.253773,-0.6074351027784051,3,0.06632353005464357,0.6960865569732057,1,4.894111896226341
9.141,0.19610190000000002,-0.37866600000000006,9.3195981,-0.6048775024645519,3,0.15985001961582576,0.686388056131262,1,4.905171693131177
9.157,0.1377324,-0.37866600000000006,9.3271518,-0.6022236906402423,3,0.16586323901934805,0.6767312465864236,1,4.916076647552918
9.172,0.1482291,-0.344331,9.3271518,-0.5996631136819168,3,0.1707051305550239,0.667717095554007,1,4.926160010118972
9.188,0.1482291,-0.3876912,9.2777094,-0.5983282402392547,3,0.08342959016638389,0.6581331647226376,1,4.936766812201185
9.203,0.16019730000000001,-0.3876912,9.3271518,-0.5958163895760027,3,0.16745671088347955,0.6491770799990239,1,4.946571639036597
9.219,0.18413369999999998,-0.3847482,9.2911491,-0.5942352018256702,3,0.09882423439577784,0.6396566672678105,1,4.956882309014731
9.235,0.1466595,-0.37572300000000003,9.2911491,-0.5927178336972325,3,0.09483550802735766,0.6301610429836272,1,4.967040850696743
9.25,0.1466595,-0.3622833,9.401904,-0.5885515011531055,3,0.2777555029417905,0.6213015229722493,1,4.976426819941413
9.266,0.16166880000000003,-0.3622833,9.382480200000002,-0.584954118229815,3,0.22483643270565493,0.6119134780171859,1,4.986292539949328
9.282,0.1482291,-0.36375480000000004,9.382480200000002,-0.5814484976424676,3,0.21910128670921106,0.6025822570902076,1,4.996008505830186
9.297,0.1482291,-0.39818790000000004,9.2746683,-0.5806211465966093,3,0.0551567363905508,0.5938667347584142,1,5.004981873269052
9.313,0.17510850000000003,-0.39818790000000004,9.3764961,-0.5773216519233326,3,0.20621841707979519,0.5846031923702547,1,5.014409632686081
9.328,0.1466595,-0.38621970000000005,9.3764961,-0.5741267238171588,3,0.2129952070782727,0.5759673295522018,1,5.023113911600499
9.344,0.1392039,-0.3622833,9.3525597,-0.5716190850987424,3,0.15672741990102587,0.5668013630808746,1,5.032256061141563
9.36,0.1392039,-0.3622833,9.3525597,-0.5691726083002866,3,0.1529047999034859,0.5576750295336823,1,5.04125187228248
9.375,0.1482291,-0.3622833,9.4618431,-0.5641192777980262,3,0.33688870015068206,0.5491753403879447,1,5.049553250056892
9.391,0.16765290000000002,-0.37425150000000007,9.4618431,-0.5591699470611644,3,0.3093331710538602,0.5401890265890712,1,5.058268164992708
9.407,0.16765290000000002,-0.3622833,9.4049451,-0.5557391979407988,3,0.2144218200228474,0.5312697534290555,1,5.066839835232853
9.422,0.142245,-0.3622833,9.421425900000001,-0.5520006989013027,3,0.24923326929973658,0.5229617042027394,1,5.074746571165092
9.438,0.13469129999999999,-0.38023560000000006,9.421425900000001,-0.5483388490835033,3,0.22886561361246097,0.5141589878188609,1,5.083043536701265
9.453,0.13469129999999999,-0.40711500000000006,9.437906700000001,-0.5443373895303658,3,0.26676397020918585,0.5059639160292576,1,5.090694458480125
9.469,0.1721655,-0.40711500000000006,9.4468338,-0.5402011877552049,3,0.2585126109475586,0.49728760741097267,1,5.098720470667647
9.485,0.10477080000000001,-0.3847482,9.4468338,-0.5362127803005237,3,0.24927546591757532,0.4886762956665259,1,5.106608181892267
9.5,0.10477080000000001,-0.3876912,9.433394100000001,-0.532646220407262,3,0.23777065955077176,0.48065985316121634,1,5.1138782030084755
9.516,0.1571562,-0.347274,9.4228974,-0.5294431036931329,3,0.20019479463306827,0.4721631385684122,1,5.121500786942312
9.532,0.1646118,-0.347274,9.458802,-0.5254400123095024,3,0.250193211476901,0.4637240736403909,1,5.128987884639983
9.547,0.113796,-0.40113090000000007,9.458802,-0.5215008607474694,3,0.26261010413552743,0.45587201709246333,1,5.13588485532048
9.563,0.113796,-0.3592422,9.4827384,-0.5171154619899241,3,0.27408742234658034,0.4475630865105642,1,5.143112336149304
9.578,0.1631403,-0.3592422,9.4723398,-0.5130728696615048,3,0.2695061552279753,0.4398366740231791,1,5.149767834353307
9.594,0.16765290000000002,-0.3996594,9.4723398,-0.5090875055024089,3,0.24908525994349318,0.4316593910218678,1,5.156739802873667
9.61,0.16765290000000002,-0.3831786,9.4678272,-0.5053258951714437,3,0.2351006456853264,0.42354408381647696,1,5.163581430672374
9.625,0.1392039,-0.3831786,9.4902921,-0.5011198468768328,3,0.2804032196407166,0.4159957407511146,1,5.169877979356631
9.641,0.1332198,-0.36071369999999997,9.4902921,-0.4970399338473186,3,0.25499456434463474,0.4080104625053214,1,5.176470028982682
9.657,0.1332198,-0.3547296,9.5575887,-0.49142494502585343,3,0.35093680134157224,0.40010274347433605,1,5.182934934630519
9.672,0.1272357,-0.3712104,9.4917636,-0.4875377703413388,3,0.2591449789676305,0.3927605231090818,1,5.188881409129895
9.688,0.1272357,-0.3712104,9.4917636,-0.4837454047954708,3,0.2370228466167521,0.38499025770798734,1,5.1951034153764315
9.703,0.11821050000000001,-0.3712104,9.4932351,-0.4800125196166132,3,0.248859011923861,0.3777620732748973,1,5.200824057858803
9.719,0.1631403,-0.3831786,9.4932351,-0.47634286832689554,3,0.22935320560735198,0.3701112301713492,1,5.206807044286373
9.735,0.1631403,-0.40113090000000007,9.4917636,-0.47278050422915285,3,0.22264775610891777,0.3625182431909008,1,5.212668080073271
9.75,0.12272310000000002,-0.40113090000000007,9.5830947,-0.46709442031342263,3,0.37907226104866715,0.35546918125683125,1,5.218052985756629
9.766,0.1571562,-0.3907323,9.5830947,-0.46154523787507706,3,0.34682390239659766,0.34804006399132326,1,5.223681059718615
9.782,0.1571562,-0.39818790000000004,9.5740695,-0.45634383094132325,3,0.3250879333596132,0.34069695144079204,1,5.229190955842072
9.797,0.16765290000000002,-0.39818790000000004,9.5291397,-0.45235967860886106,3,0.2656101554974691,0.3338816751191654,1,5.234250295541272
9.813,0.16019730000000001,-0.3652263,9.5291397,-0.4485079986579166,3,0.2407299969340302,0.3266747337010312,1,5.239534746811834
9.828,0.16019730000000001,-0.39818790000000004,9.60399,-0.4428943067244848,3,0.3742461288954803,0.3199892164106637,1,5.244384726437671
9.844,0.1437165,-0.33824879999999996,9.5307093,-0.43926590773381946,3,0.22677493691658482,0.31293193469499725,1,5.249448095646517
9.86,0.1586277,-0.33824879999999996,9.593591400000001,-0.4341877014932578,3,0.3173878900351032,0.30594430582118065,1,5.254399105570646
9.875,0.18864630000000002,-0.37866600000000006,9.593591400000001,-0.42918331250688446,3,0.33362593242487687,0.29946902321617935,1,5.258939705538427
9.891,0.173637,-0.3831786,9.6563754,-0.42277366485211587,3,0.4006029784230366,0.29265336739730735,1,5.263676684663334
9.907,0.173637,-0.3831786,9.6563754,-0.4165203500669765,3,0.3908321740712092,0.2859390152779546,1,5.268305423724736
9.922,0.1497006,-0.4027005000000001,9.6563754,-0.41040996341698666,3,0.40735910999930874,0.27973703792682464,1,5.272547994123772
9.938,0.1497006,-0.3831786,9.6519609,-0.40457554070784063,3,0.36465141932162626,0.273217153893826,1,5.276971627658337
9.969,0.1661814,-0.37866600000000006,9.5876073,-0.40044934083967476,3,0.13310322155374285,0.26073926822984,2,5.285247952201254
9.969,0.1661814,-0.3876912,9.6804099,-0.3941536791167515,3,0.0,0.26073926822984,2,5.285247952201254
9.985,0.1781496,-0.3503151,9.6429357,-0.3889543513559399,3,0.324957985050722,0.2544744039860585,2,5.289369661578981
10.0,0.1781496,-0.3503151,9.6429357,-0.3838818364673422,3,0.3381676592398354,0.24867813257738364,2,5.2931433056032064
10.016,0.17069399999999998,-0.3503151,9.6594165,-0.3785346844884856,3,0.3341969986785373,0.242578800409737,2,5.2970733610671035
10.032,0.18864630000000002,-0.347274,9.6594165,-0.3733124892552375,3,0.32638720207800426,0.23656402301978724,2,5.30090650365454
10.047,0.18864630000000002,-0.3891627,9.613015200000001,-0.36930935492584815,3,0.2668756219592811,0.23099435918842887,2,5.3044131915211015
10.063,0.145188,-0.3891627,9.6938496,-0.36345249673082947,3,0.3660536371886677,0.22513226437517542,2,5.308062204509611
10.078,0.15568469999999998,-0.39220380000000005,9.6938496,-0.3577315328173061,3,0.3813975942349235,0.21972338415356485,2,5.311398621873576
10.094,0.15568469999999998,-0.37866600000000006,9.7387794,-0.3510683439774134,3,0.4164493024932932,0.2140529851392071,2,5.314868832827918
10.11,0.15421320000000002,-0.37866600000000006,9.723770100000001,-0.3449340002615848,3,0.383396482239284,0.2084849663852951,2,5.318249136440114
10.125,0.16912439999999998,-0.3936753,9.723770100000001,-0.3389287084716113,3,0.4003527859982218,0.20335599606979593,2,5.321337943658527
10.141,0.16912439999999998,-0.39671639999999997,9.7387794,-0.33270115406637757,3,0.38922215032710616,0.19798295716949202,2,5.324548655284441
10.157,0.18864630000000002,-0.3876912,9.7208271,-0.3270630418824467,3,0.3523820114956774,0.19270484360190143,2,5.327674157690612
10.172,0.1631403,-0.3876912,9.7447635,-0.32099042016201196,3,0.40484144802896915,0.1878444426365678,2,5.3305282773374
10.188,0.1437165,-0.34580249999999996,9.7447635,-0.31511178299546216,3,0.3674148229093618,0.182755625011308,2,5.333493077878583
10.203,0.1437165,-0.3547296,9.7686999,-0.308785340927729,3,0.42176280451557663,0.17807639658188443,2,5.336199318040532
10.219,0.1466595,-0.3547296,9.771642900000002,-0.3025404111494705,3,0.3903081111411574,0.17318579056526684,2,5.33900941553771
10.235,0.1332198,-0.37268190000000007,9.771642900000002,-0.29643620292404016,3,0.381513014089396,0.16839397765267874,2,5.341742053683453
10.25,0.1332198,-0.38621970000000005,9.7552602,-0.2908672954603748,3,0.37126049757767526,0.16398920141479548,2,5.344234927526459
10.266,0.17510850000000003,-0.38621970000000005,9.776155500000002,-0.28490892232035137,3,0.37239832125146555,0.15938299167254966,2,5.346821905071158
10.282,0.17510850000000003,-0.38621970000000005,9.776155500000002,-0.279095875354475,3,0.3633154353672726,0.15487095329115105,2,5.349335936630867
10.297,0.16019730000000001,-0.3951468000000001,9.776155500000002,-0.2734221480100043,3,0.3782484896313651,0.1507270681159173,2,5.35162792179142
10.313,0.16019730000000001,-0.37572300000000003,9.777627,-0.2678696064089987,3,0.3470338500628497,0.14639673408056528,2,5.354004912208992
10.328,0.17510850000000003,-0.3831786,9.764187300000001,-0.26276670487297515,3,0.3401934357349309,0.14241696174595078,2,5.35617101492769
10.344,0.1302768,-0.3831786,9.7732125,-0.2575854104144035,3,0.3238309036607265,0.13825414482365175,2,5.358416383780247
10.36,0.16912439999999998,-0.38621970000000005,9.7732125,-0.2525130715939934,3,0.31702117627563337,0.13417335696758456,2,5.360595803794577
10.375,0.16912439999999998,-0.3817071,9.7986204,-0.2469496267992053,3,0.37089631965252573,0.13042738672963544,2,5.362580309372306
10.391,0.1377324,-0.3817071,9.749178,-0.24273872818944575,3,0.263181163109971,0.12650987988972623,2,5.364635807505261
10.407,0.1870767,-0.3592422,9.749178,-0.23863130664741838,3,0.25671384637671024,0.12265891961103131,2,5.366629157901267
10.422,0.1870767,-0.36973890000000004,9.7956774,-0.2334813893818506,3,0.3433278177045066,0.11911807439081165,2,5.36844248535628
10.438,0.1257642,-0.36973890000000004,9.803133,-0.22829923949164588,3,0.32388436813779425,0.11542382935982368,2,5.370318820586285
10.453,0.1362609,-0.34580249999999996,9.7806681,-0.2238088852132165,3,0.2993569518953151,0.11203301842453747,2,5.372024746944668
10.469,0.1362609,-0.34580249999999996,9.7806681,-0.2194280517708478,3,0.27380209014804513,0.10848712292866494,2,5.373788908075493
10.485,0.15568469999999998,-0.36669779999999996,9.7806681,-0.2151284540951206,3,0.2687248547329488,0.10501067088173718,2,5.375496890425977
10.5,0.1571562,-0.36669779999999996,9.7372098,-0.21199222505461002,3,0.2090819360340311,0.10180726578811408,2,5.377048024951001
10.516,0.18413369999999998,-0.40417200000000003,9.7372098,-0.20888482321631408,3,0.19421261489349623,0.09844024940194668,2,5.3786500050725214
10.532,0.18413369999999998,-0.35777070000000005,9.821085300000002,-0.20385343509397913,3,0.3144617576459338,0.09513834333546432,2,5.3801986338144205
10.547,0.1302768,-0.35777070000000005,9.7507476,-0.20068003003196644,3,0.2115603374675047,0.09210434234701961,2,5.38160295395704
10.563,0.1272357,-0.3338343,9.7507476,-0.19760569352683888,3,0.19214603157047244,0.08891805655854917,2,5.383051133148284
10.578,0.1272357,-0.4116276,9.7536906,-0.19446216026737773,3,0.2095688839640936,0.08597754765509279,2,5.384362850179887
10.594,0.1377324,-0.4116276,9.8240283,-0.18967795495787065,3,0.29901283184419175,0.08290442673329079,2,5.385713905974994
10.61,0.1721655,-0.3907323,9.8240283,-0.18501799615442316,3,0.29124742521546815,0.07990685912439244,2,5.387016396261855
10.625,0.1511721,-0.3817071,9.7582032,-0.1820928403561961,3,0.19501038654846278,0.07715352785056269,2,5.388194349164167
10.657,0.1272357,-0.3817071,9.836094600000001,-0.17734916078302732,3,0.14823998666152458,0.07140245583233511,2,5.390571244903094
10.672,0.145188,-0.36071369999999997,9.836094600000001,-0.1727344303966305,3,0.30764869242644266,0.06877682889848757,2,5.391622589538575
10.688,0.145188,-0.3936753,9.854046900000002,-0.16776398706364581,3,0.3106527083115426,0.06605284155880536,2,5.392701226902234
10.703,0.1661814,-0.3936753,9.8644455,-0.16265330534423406,3,0.34071211462747797,0.06357471186574647,2,5.393673433552918
10.719,0.16019730000000001,-0.3652263,9.8644455,-0.15769635449028208,3,0.3098094283719985,0.06101191458707034,2,5.394670126564541
10.735,0.16019730000000001,-0.3907323,9.7552602,-0.1554970803091269,3,0.13745463632219834,0.05850636710867506,2,5.395626272818107
10.75,0.145188,-0.3907323,9.7582032,-0.15328545661625448,3,0.14744157952482254,0.05619049808173461,2,5.396486499307035
10.766,0.1497006,-0.3562992,9.7582032,-0.15115823242939896,3,0.13295151167846953,0.05375494856936938,2,5.397366062880244
10.782,0.17069399999999998,-0.3712104,9.7013052,-0.150447481097439,3,0.04442195824749802,0.051342102861154676,2,5.398206839291688
10.797,0.17069399999999998,-0.37572300000000003,9.740250900000001,-0.14880079161026316,3,0.10977929914505145,0.04909774081584682,2,5.398960138119265
10.813,0.1332198,-0.37572300000000003,9.7701714,-0.14647935251562672,3,0.14508994341477774,0.0467354996628397,2,5.399726804043095
10.828,0.1332198,-0.4221243,9.8076456,-0.1432552951573136,3,0.2149371572208909,0.044562489805292815,2,5.400411538964105
10.844,0.1406754,-0.4221243,9.7986204,-0.1403272372269857,3,0.1830036206454942,0.04229382954621842,2,5.401106389518917
10.86,0.1406754,-0.4221243,9.7986204,-0.13747059534373918,3,0.17854011770290762,0.04007144688565262,2,5.401765311730372
10.875,0.1511721,-0.3996594,9.7986204,-0.13470277248057272,3,0.18452152421109022,0.0380301466269702,2,5.402351073681717
10.891,0.1511721,-0.37572300000000003,9.7791966,-0.13249888209943883,3,0.1377431488208679,0.035892533390330106,2,5.402942455121855
10.907,0.1302768,-0.37572300000000003,9.7672284,-0.1306477387781957,3,0.11569645757769632,0.03378736042330903,2,5.403499894272365
10.922,0.1406754,-0.37572300000000003,9.836094600000001,-0.12715997220938036,3,0.2325177712543466,0.03185380259090213,2,5.403992202994972
10.938,0.142245,-0.40417200000000003,9.836094600000001,-0.12372923901062549,3,0.21442082492217887,0.029846688901142088,2,5.404485806926908
10.953,0.142245,-0.39818790000000004,9.900448200000001,-0.11881996847134246,3,0.3272847026188949,0.028027569845027474,2,5.404919863867504
10.969,0.1586277,-0.39818790000000004,9.855518400000001,-0.11511918887497252,3,0.2312987247731211,0.02615605658625695,2,5.4053533328789545
10.985,0.15568469999999998,-0.37268190000000007,9.855518400000001,-0.11153412342232905,3,0.2240665907902171,0.024342830087878534,2,5.405757323972348
11.0,0.15568469999999998,-0.37268190000000007,9.855518400000001,-0.10803649859048114,3,0.2331749887898512,0.022696050422782395,2,5.406110115576178
11.016,0.15568469999999998,-0.3712104,9.8689581,-0.10429801018579354,3,0.23365552529297487,0.020997374352572193,2,5.406459662974381
11.032,0.1377324,-0.3712104,9.800091900000002,-0.10233551198675173,3,0.1226561374401135,0.019344306175191832,2,5.4067823964186035
11.047,0.15421320000000002,-0.41309910000000005,9.800091900000002,-0.10037405224070639,3,0.13076398306968406,0.01782398444348584,2,5.4070611585982435
11.063,0.15421320000000002,-0.41309910000000005,9.774684,-0.09907950989636305,3,0.08090889652145876,0.01622835594638928,2,5.407333577321363
11.078,0.11673900000000001,-0.41309910000000005,9.848062800000001,-0.09604118103258763,3,0.20255525758504425,0.014764950764422267,2,5.407566027121693
11.094,0.1526436,-0.37866600000000006,9.848062800000001,-0.09309872129753671,3,0.18390373344068217,0.013251831545781273,2,5.407790161380175
11.11,0.1406754,-0.3532581,9.834525,-0.09058532688309384,3,0.1570871509026793,0.01178235916033623,2,5.407990434905824
11.125,0.1406754,-0.3951468000000001,9.834525,-0.088094392308248,3,0.16606230498971622,0.010442261266401118,2,5.408157119559025
11.141,0.1497006,-0.3951468000000001,9.806076000000001,-0.08635420205183841,3,0.10876189102559931,0.009046672511520422,2,5.408313031029248
11.157,0.1392039,-0.40711500000000006,9.806076000000001,-0.08464829366690552,3,0.10661927405830597,0.007678652545770472,2,5.408446833629706
11.172,0.1392039,-0.4221243,9.8615025,-0.08161804258439354,3,0.2020167388341244,0.0064316550238856796,2,5.408552660936478
11.188,0.11978010000000001,-0.4221243,9.830012400000001,-0.07943520430806217,3,0.13642739227071032,0.005143229048746034,2,5.4086452600090595
11.203,0.1526436,-0.36826739999999997,9.830012400000001,-0.07734727123015794,3,0.13919553852695954,0.003967360482209477,2,5.408713589430541
11.219,0.1526436,-0.33226469999999997,9.843550200000001,-0.07501156657886732,3,0.14598154070566402,0.002748489779737276,2,5.408767316232637
11.235,0.1586277,-0.33226469999999997,9.8225568,-0.073242199847245,3,0.11058542072639445,0.001562459648328378,2,5.408801803828061
11.25,0.11978010000000001,-0.36973890000000004,9.759674700000001,-0.07302927210496613,3,0.014195182818591388,0.0004654236086867529,2,5.408817012952489
11.266,0.1332198,-0.3847482,9.759674700000001,-0.07280315404185167,3,0.014132378944653455,-0.0007012358004877877,2,5.408815126454955
11.282,0.1332198,-0.3771945,9.8495343,-0.07039986103989193,0,0.15020581262248353,-0.0013468599211417373,2,5.408798741689182
11.297,0.11526750000000001,-0.3771945,9.821085300000002,-0.06875402449215073,0,0.10972243651607566,-0.0018905140626320955,2,5.408774461384303
11.313,0.1586277,-0.40417200000000003,9.821085300000002,-0.06710744500336396,0,0.10291121804917304,-0.0024774058185962114,2,5.4087395180252535
11.328,0.1586277,-0.3876912,9.7866522,-0.06635628211278899,0,0.050077526038335665,-0.002978383771967277,2,5.4086985996033246
11.344,0.1317483,-0.3876912,9.7132734,-0.06742130813046643,0,-0.06656412610483992,-0.0035486044939133207,2,5.408646383697198
11.36,0.145188,-0.36973890000000004,9.7132734,-0.06847274623982536,0,-0.06571488183493285,-0.004135756928875654,2,5.408584908805815
11.375,0.145188,-0.36973890000000004,9.788123700000002,-0.06767443546194585,0,0.05322071852529847,-0.004656860791638975,2,5.408518964172911
11.391,0.16166880000000003,-0.36973890000000004,9.8016615,-0.06655938969475628,0,0.06969036044934812,-0.005230731392892592,2,5.408439863435435
11.407,0.1287072,-0.41908320000000004,9.8091171,-0.0652533912285218,0,0.08162490413965433,-0.005785233640278817,2,5.408351735715169
11.422,0.18109260000000002,-0.344331,9.8091171,-0.06402997258668286,0,0.08156124278926004,-0.006254858868892887,2,5.408261435021351
11.438,0.18109260000000002,-0.3487455,9.8704296,-0.06133835690120115,0,0.16822598034260658,-0.006757805504795961,2,5.408157333706361
11.453,0.1062423,-0.3487455,9.8285409,-0.05975991974053407,0,0.1052291440444804,-0.0071660425796089,2,5.408052904845729
11.469,0.15568469999999998,-0.37425150000000007,9.8285409,-0.058181061363736575,0,0.09867864854984357,-0.007609570428443065,2,5.407934699941665
11.485,0.15568469999999998,-0.4221243,9.7866522,-0.05761405415036869,0,0.035437950835492914,-0.008035931352555908,2,5.4078095359274165
11.5,0.1466595,-0.4221243,9.839037600000001,-0.05578790322505611,0,0.12174339502083373,-0.008386446032871624,2,5.407686368097026
11.516,0.19011780000000003,-0.3817071,9.839037600000001,-0.05402839873471699,0,0.10996903064619525,-0.008764976448549809,2,5.407549156717175
11.532,0.19011780000000003,-0.3487455,9.8794548,-0.05135663891139686,0,0.166984988957508,-0.009108056749718721,2,5.407406172451589
11.547,0.1586277,-0.3487455,9.8464932,-0.04956692513353822,0,0.11931425185723794,-0.009364983480055763,2,5.407267624649865
11.563,0.1571562,-0.36669779999999996,9.8165727,-0.04853471126947895,0,0.06451336650370448,-0.0096497965712799,2,5.407115506409455
11.594,0.17510850000000003,-0.39220380000000005,9.8165727,-0.04749624452753132,0,0.03349892715960226,-0.010638276386133502,2,5.406801041278615
11.61,0.17510850000000003,-0.3876912,9.818044200000001,-0.046451617598304296,0,0.0652891830766888,-0.010889859283140187,2,5.406628816193261
11.625,0.17667810000000003,-0.3547296,9.8136297,-0.045569736821926554,0,0.05879205175851387,-0.011080019441291944,2,5.406464042102828
11.641,0.17667810000000003,-0.3547296,9.8136297,-0.044709365332776585,0,0.053773218071873026,-0.011302252258529568,2,5.406284983929229
11.657,0.2006145,-0.347274,9.8285409,-0.043501878826363694,0,0.07546790665080565,-0.01150794221180269,2,5.406102502373466
11.672,0.15568469999999998,-0.36669779999999996,9.8285409,-0.0423264968042929,0,0.07835880147138317,-0.011651655029032641,2,5.40592880539416
11.688,0.15568469999999998,-0.36669779999999996,9.8285409,-0.041179782636419304,0,0.07166963549209975,-0.011819705264558333,2,5.405741034511811
11.719,0.1317483,-0.39818790000000004,9.8165727,-0.04033134789990456,0,0.0273688624682187,-0.01258312778787131,2,5.405362790599498
11.719,0.1272357,-0.3817071,9.8165727,-0.03952101095050864,0,0.0,-0.012083127787871309,2,5.405362790599498
11.735,0.142245,-0.344331,9.8165727,-0.03875910283891315,0,0.047619256974717986,-0.01220936869818668,2,5.40516845062761
11.75,0.142245,-0.344331,9.8165727,-0.038015777851990507,0,0.04955499912817441,-0.012285180303368483,2,5.404984741510098
11.766,0.142245,-0.40868460000000006,9.8644455,-0.036063930747710415,0,0.12199044401750558,-0.01237781797216609,2,5.404787437523893
11.782,0.09427410000000001,-0.40868460000000006,9.8255979,-0.03512034714806411,0,0.05897397497789386,-0.012447292195332284,2,5.404588836642553
11.797,0.1062423,-0.3817071,9.8255979,-0.03422324396476917,0,0.0598068788863274,-0.012467369128678553,2,5.404401976682623
11.813,0.1062423,-0.3817071,9.845021700000002,-0.032874654084055877,0,0.08428686754458063,-0.012504152313069158,2,5.404202204511089
11.828,0.15568469999999998,-0.3817071,9.8151012,-0.032272055925147924,0,0.04017321059386671,-0.012492752638138142,2,5.404014727723955
11.844,0.18266220000000002,-0.3996594,9.8151012,-0.03165541249520487,0,0.038540214371440805,-0.012504172385500965,2,5.403814752323766
11.86,0.18266220000000002,-0.4027005000000001,9.830012400000001,-0.0306874606303289,0,0.060496991554748136,-0.012502915370505241,2,5.403614695621718
11.875,0.16019730000000001,-0.4027005000000001,9.8405091,-0.029496894496741533,0,0.07937107557248815,-0.012454298033958283,2,5.403427516521184
11.891,0.1631403,-0.36826739999999997,9.8240283,-0.02876869139550564,0,0.04551269382724317,-0.01242042272109626,2,5.403228518755143
11.907,0.1631403,-0.39220380000000005,9.746235,-0.029931285267329244,0,-0.07266211698897511,-0.012390022534398942,2,5.403030035193099
11.922,0.18413369999999998,-0.39220380000000005,9.856989900000002,-0.028357706196146637,0,0.10490527141216982,-0.012327189970375026,2,5.4028446560993135
11.938,0.18413369999999998,-0.39220380000000005,9.856989900000002,-0.026822507102311377,0,0.09594994336470367,-0.01226863167676269,2,5.402647889526136
11.953,0.1377324,-0.37425150000000007,9.856989900000002,-0.02536022142257721,0,0.09748571198228555,-0.012160002140699323,2,5.402464674772506
11.969,0.1377324,-0.36826739999999997,9.8136297,-0.02499581590509692,0,0.022775344842518287,-0.012062850439320719,2,5.402270891951866
