timestamps,acc_x,acc_y,acc_z,aAcc,aStages,aJerk,aVelocity,avStages,aHeight
0.063,0.1272357,-0.32932170000000005,9.8285409,0.01780020856540787,0,0.0,0.0,0,0.0
0.079,0.1287072,-0.3173535,9.8076456,0.017281746751207194,0,-0.03240386338754231,0.0,0,0.0
0.094,0.13469129999999999,-0.3173535,9.8046045,0.016703761669903727,0,-0.038532338753564474,3.554695569125239e-05,0,2.6660216768439287e-07
0.11,0.1317483,-0.3039138,9.8046045,0.016128519795808316,0,-0.035952617130963205,0.0,0,5.50977813214412e-07
0.125,0.1317483,-0.290376,9.8076456,0.015631440729899637,0,-0.03313860439391192,3.640491135975836e-05,0,8.240146484125997e-07
0.141,0.1257642,-0.290376,9.8165727,0.015362191451959717,0,-0.01682807987124503,0.0,0,1.1152539392906662e-06
0.172,0.16166880000000003,-0.3218661,9.8120601,0.015026269681120752,0,-0.010836186156095646,0.00025537511637738013,0,5.073568243140058e-06
0.188,0.113796,-0.3218661,9.8136297,0.014720421302763853,0,-0.01911552364730616,0.0,0,7.116569174159101e-06
0.204,0.16019730000000001,-0.315882,9.8136297,0.014433082123039398,0,-0.017958698732778458,0.00022657667165488322,0,8.929182547398164e-06
0.219,0.16019730000000001,-0.315882,9.8196138,0.014298609969509712,0,-0.008964810235312362,0.0,0,1.062850758480979e-05
0.235,0.0973152,-0.3262806,9.833053500000002,0.014483208735313724,0,0.011537422862750734,0.00017231891198758904,0,1.20070588807105e-05
0.25,0.1122264,-0.3262806,9.7701714,0.013134417492006278,0,-0.08991941622049629,0.0,0,1.3299450720617419e-05
0.266,0.1078119,-0.3202965,9.7701714,0.011812485323478228,0,-0.08262076053300309,7.902633121636537e-05,0,1.3931661370348342e-05
0.282,0.1078119,-0.2918475,9.8524773,0.012507522553626416,0,0.043439826884261845,0.0,0,1.4563872020079263e-05
0.297,0.1287072,-0.2918475,9.7941078,0.011768825345132683,0,-0.0492464805662488,0.0,0,1.4563872020079263e-05
0.313,0.1661814,-0.3008727,9.7941078,0.011068554055819746,0,-0.04376695558205852,0.0001383580386815149,0,1.5670736329531382e-05
0.329,0.1661814,-0.2784078,9.806076000000001,0.01066091594432983,0,-0.025477381968119748,0.0,0,1.6777600638983502e-05
0.344,0.1721655,-0.2784078,9.821085300000002,0.010631613819557018,0,-0.0019534749848541403,0.0,0,1.6777600638983502e-05
0.36,0.1482291,-0.3278502,9.821085300000002,0.010630707105645953,0,-5.666961944150723e-05,0.00014198633931348636,0,1.7913491353491395e-05
0.375,0.1482291,-0.3143124,9.8120601,0.010399045544632557,0,-0.015444104067559755,0.0,0,1.8978388898342542e-05
0.391,0.11821050000000001,-0.3338343,9.800091900000002,0.009887098885933199,0,-0.03199666616870986,0.0,0,1.8978388898342542e-05
0.407,0.1272357,-0.3338343,9.7791966,0.008881091052183265,0,-0.062875489609371,0.00011214415914003253,0,1.98755421714628e-05
0.438,0.1317483,-0.30685680000000004,9.7791966,0.007879535688525507,0,-0.032308237537347,0.0,0,2.1613776638133305e-05
0.454,0.1317483,-0.2814489,9.7851807,0.007029658321025423,0,-0.05311733546875525,0.0,0,2.1613776638133305e-05
0.469,0.13469129999999999,-0.2814489,9.788123700000002,0.006273230461372847,0,-0.050428523976838495,9.097909156541295e-05,0,2.22961198248739e-05
0.485,0.1437165,-0.2889045,9.788123700000002,0.005543676231754446,0,-0.04559713935115002,0.0,0,2.3023952557397204e-05
0.5,0.1437165,-0.2843919,9.8375661,0.00603397141311568,0,0.03268634542408219,0.0,0,2.3023952557397204e-05
0.516,0.1332198,-0.2843919,9.7732125,0.004939910920295887,0,-0.068378780801237,0.0,0,2.3023952557397204e-05
0.532,0.11526750000000001,-0.32333760000000006,9.7732125,0.003896488632216588,0,-0.06521389300495611,0.0,0,2.3023952557397204e-05
0.547,0.15568469999999998,-0.3173535,9.764187300000001,0.002667408057032361,0,-0.08193870501228173,0.0,0,2.3023952557397204e-05
0.563,0.15568469999999998,-0.2754648,9.9168309,0.005158399970230931,0,0.15568699457491159,4.266464692182295e-05,0,2.3365269732771787e-05
0.579,0.1362609,-0.2664396,9.8240283,0.0053132159526736444,0,0.00967599890266956,0.0,0,2.370658690814637e-05
0.594,0.1362609,-0.2754648,9.7672284,0.004085642160044145,0,-0.08183825284196655,0.0,0,2.370658690814637e-05
0.61,0.11673900000000001,-0.2754648,9.8120601,0.003974791225202168,0,-0.006928183427623574,0.0,0,2.370658690814637e-05
0.625,0.1302768,-0.290376,9.8120601,0.0038812794988736243,0,-0.006234115088569556,0.0,0,2.370658690814637e-05
0.641,0.1302768,-0.32932170000000005,9.7806681,0.0030548683486717465,0,-0.051650696887617316,0.0,0,2.370658690814637e-05
0.672,0.1122264,-0.32932170000000005,9.7612443,0.0017697080538443544,0,-0.041456783704109386,0.0,0,2.370658690814637e-05
0.688,0.10477080000000001,-0.2963601,9.7612443,0.0004881221589467799,0,-0.08009911843109889,0.0,0,2.370658690814637e-05
0.704,0.1062423,-0.2754648,9.855518400000001,0.0015215890595161596,0,0.06459168128558618,0.0,0,2.370658690814637e-05
0.719,0.1062423,-0.2829204,9.848062800000001,0.00235324005514137,0,0.055443399708347316,1.3804674492306698e-05,0,2.381012196683867e-05
0.735,0.145188,-0.2829204,9.7971489,0.0019355745414362246,0,-0.02610409460657157,0.0,0,2.3920559362777124e-05
0.75,0.1406754,-0.315882,9.7971489,0.001551045554135655,0,-0.02563526582003796,0.0,0,2.3920559362777124e-05
0.766,0.1406754,-0.31136939999999996,9.891423,0.0034703587154378823,0,0.1199570725813891,0.0,0,2.3920559362777124e-05
0.782,0.10928340000000002,-0.31136939999999996,9.7971489,0.003035113241599774,0,-0.02720284211488175,0.0,0,2.3920559362777124e-05
0.797,0.1032993,-0.2738952,9.7971489,0.0025816141271182147,0,-0.03023327429877059,0.0,0,2.3920559362777124e-05
0.813,0.1032993,-0.3202965,9.818044200000001,0.002682819553154303,0,0.006325339127255563,0.0,0,2.3920559362777124e-05
0.829,0.1511721,-0.3202965,9.752219100000001,0.0011922393703969192,0,-0.09316126142233641,0.0,0,2.3920559362777124e-05
0.844,0.1122264,-0.3143124,9.752219100000001,-0.0002795510061801565,0,-0.09811935843847162,0.0,0,2.3920559362777124e-05
0.86,0.1122264,-0.3053853,9.7866522,-0.0008829916260761905,0,-0.03771503874350209,0.0,0,2.3920559362777124e-05
0.875,0.1122264,-0.3173535,9.907903800000001,0.0014931974632670375,0,0.15841260595621506,0.0,0,2.3920559362777124e-05
0.891,0.11978010000000001,-0.3173535,9.7342668,-0.0004189382894796978,0,-0.11950848454667085,0.0,0,2.3920559362777124e-05
0.907,0.16912439999999998,-0.2994012,9.7342668,-0.002280450581706006,0,-0.11634451826414417,0.0,0,2.3920559362777124e-05
0.922,0.16912439999999998,-0.3083283,9.888480000000001,-0.0003308840196396545,0,0.12997110413775667,0.0,0,2.3920559362777124e-05
0.938,0.18413369999999998,-0.3083283,9.860031000000001,0.0008842473051586808,0,0.07594570779989641,0.0,0,2.3920559362777124e-05
0.954,0.0688662,-0.2514303,9.860031000000001,0.0019943185989212964,0,0.06937945586016342,0.0,0,2.3920559362777124e-05
0.969,0.0688662,-0.3338343,9.842078700000002,0.002699337388939682,0,0.04700125266789234,0.0,0,2.3920559362777124e-05
1.0,0.10477080000000001,-0.3338343,9.7342668,0.0007670006335196433,0,-0.062333443723227,0.0,0,2.3920559362777124e-05
1.016,0.1377324,-0.2065986,9.7342668,-0.0011943006985273286,0,-0.12258133325293563,0.0,0,2.3920559362777124e-05
1.032,0.17667810000000003,-0.36973890000000004,9.9064323,0.0012207951400391437,0,0.15094348991040438,0.0,0,2.3920559362777124e-05
1.047,0.17667810000000003,-0.2769363,9.7956774,0.0008033217130698489,0,-0.027831561797953167,0.0,0,2.3920559362777124e-05
1.063,0.08377740000000002,-0.3487455,9.8584614,0.0019521246201197329,0,0.07180018169061768,0.0,0,2.3920559362777124e-05
1.079,0.08377740000000002,-0.3023442,9.7911648,0.0013950133712352653,0,-0.0348194530552792,0.0,0,2.3920559362777124e-05
1.094,0.1497006,-0.3023442,9.8046045,0.001198253617880951,0,-0.013117316890287502,0.0,0,2.3920559362777124e-05
1.11,0.17510850000000003,-0.37572300000000003,9.8046045,0.0010783912001937068,0,-0.007491401105452759,0.0,0,2.3920559362777124e-05
1.125,0.17510850000000003,-0.2948886,9.831582000000001,0.001551664310779799,0,0.03155154070573968,0.0,0,2.3920559362777124e-05
1.141,0.1497006,-0.2948886,9.7686999,0.0004703262563925392,0,-0.06758362839920368,2.0017668670331557e-06,0,2.393657349771339e-05
1.157,0.1107549,-0.3023442,9.7941078,2.7631203918687675e-05,0,-0.027668440779615697,0.0,0,2.3952587632649653e-05
1.172,0.1377324,-0.2365191,9.7941078,-0.0004400691494748088,0,-0.031180023559566634,0.0,0,2.3952587632649653e-05
1.188,0.1377324,-0.3622833,9.7582032,-0.0016776821361865757,0,-0.07735081166948536,0.0,0,2.3952587632649653e-05
1.204,0.1646118,-0.3622833,9.8794548,7.996904766471857e-05,0,0.1098531989907058,0.0,0,2.3952587632649653e-05
1.235,0.11821050000000001,-0.2843919,9.833053500000002,0.0005852383547111373,0,0.016299009904723112,0.0,0,2.3952587632649653e-05
1.25,0.0733788,-0.2843919,9.771642900000002,-0.0004296111690234028,0,-0.06765663491563645,0.0,0,2.3952587632649653e-05
1.266,0.17069399999999998,-0.2798793,9.771642900000002,-0.0013932567691465891,0,-0.06022785000769909,0.0,0,2.3952587632649653e-05
1.282,0.17069399999999998,-0.3338343,9.752219100000001,-0.002765502492522387,0,-0.0857653577109873,0.0,0,2.3952587632649653e-05
1.297,0.18864630000000002,-0.3338343,9.9303687,0.0002455994861758626,0,0.20074013191321793,0.0,0,2.3952587632649653e-05
1.313,0.16166880000000003,-0.34128990000000003,9.7536906,-0.0011282135834278506,0,-0.085863316850232,0.0,0,2.3952587632649653e-05
1.329,0.11526750000000001,-0.2499588,9.7536906,-0.0025520537127228238,0,-0.08899000808093574,0.0,0,2.3952587632649653e-05
1.344,0.11526750000000001,-0.3262806,9.800091900000002,-0.0027551753588497263,0,-0.013541443075126723,0.0,0,2.3952587632649653e-05
1.36,0.1107549,-0.3262806,9.8689581,-0.0012759778258981669,0,0.09244984580947238,0.0,0,2.3952587632649653e-05
1.391,0.1002582,-0.3307932,9.8689581,0.0001680681411126983,0,0.04658212796809255,0.0,0,2.3952587632649653e-05
1.407,0.1002582,-0.2709522,9.874942200000001,0.0016783112697016378,0,0.09439019553680864,0.0,0,2.3952587632649653e-05
1.422,0.13469129999999999,-0.2709522,9.7956774,0.001229332042333553,0,-0.02993194849120585,0.0,0,2.3952587632649653e-05
1.438,0.1526436,-0.2829204,9.7956774,0.0008059705241940662,0,-0.026460094883717897,0.0,0,2.3952587632649653e-05
1.454,0.1526436,-0.36071369999999997,9.800091900000002,0.0005628131769039868,0,-0.01519733420562995,0.0,0,2.3952587632649653e-05
1.469,0.1930608,-0.36071369999999997,9.7986204,0.00030710009039225383,0,-0.017047539100782057,0.0,0,2.3952587632649653e-05
1.485,0.1302768,-0.3278502,9.842078700000002,0.0010635112660537516,0,0.04727569847884357,0.0,0,2.3952587632649653e-05
1.5,0.1302768,-0.3427614,9.842078700000002,0.0018138554501749837,0,0.05002294560808247,0.0,0,2.3952587632649653e-05
1.516,0.1302768,-0.3427614,9.7866522,0.0011949752716393647,0,-0.038680011158476156,0.0,0,2.3952587632649653e-05
1.532,0.15421320000000002,-0.3427614,9.862974000000001,0.0024598157718962455,0,0.07905253126605498,0.0,0,2.3952587632649653e-05
1.547,0.0673947,-0.290376,9.862974000000001,0.0036290461241623717,0,0.0779486901510756,0.0,0,2.3952587632649653e-05
1.563,0.0673947,-0.2664396,9.7866522,0.002892506530987049,0,-0.04603372457345763,0.0,0,2.3952587632649653e-05
1.579,0.1511721,-0.2664396,9.743193900000001,0.0011373011392290522,0,-0.1097003369848747,0.0,0,2.3952587632649653e-05
1.594,0.13469129999999999,-0.2290635,9.743193900000001,-0.0006041592771151016,0,-0.11609736108960929,0.0,0,2.3952587632649653e-05
1.61,0.13469129999999999,-0.344331,9.7672284,-0.0016346768541151135,0,-0.06440734856250069,0.0,0,2.3952587632649653e-05
1.625,0.13469129999999999,-0.344331,9.8495343,-0.0006340236799946553,0,0.06671021160803099,0.0,0,2.3952587632649653e-05
1.641,0.15421320000000002,-0.2709522,9.8225568,-0.00036432223159010846,0,0.01685634052528416,0.0,0,2.3952587632649653e-05
1.657,0.0777933,-0.290376,9.8225568,-0.00010967049713528354,0,0.015915733403426544,0.0,0,2.3952587632649653e-05
1.672,0.0777933,-0.2843919,9.7956774,-0.0005207972340990352,0,-0.027408449130916956,0.0,0,2.3952587632649653e-05
1.688,0.12272310000000002,-0.2843919,9.7851807,-0.0011665749240599155,0,-0.04036110562255498,0.0,0,2.3952587632649653e-05
1.704,0.1377324,-0.35178660000000006,9.7851807,-0.0017383316585366515,0,-0.03573479590479597,0.0,0,2.3952587632649653e-05
1.735,0.113796,-0.290376,9.8225568,-0.0014416078319943182,0,0.009571736340075226,0.0,0,2.3952587632649653e-05
1.75,0.1646118,-0.3307932,9.8225568,-0.001103415858901613,0,0.022546131539513826,0.0,0,2.3952587632649653e-05
1.766,0.1646118,-0.2994012,9.747706500000001,-0.00262252304794508,0,-0.09494419931521661,0.0,0,2.3952587632649653e-05
1.782,0.1437165,-0.2934171,9.871999200000001,-0.0010872206538987683,0,0.0959563996278944,0.0,0,2.3952587632649653e-05
1.797,0.08377740000000002,-0.2934171,9.7971489,-0.0014309395663030244,0,-0.02291459416028389,0.0,0,2.3952587632649653e-05
1.813,0.11526750000000001,-0.258984,9.7971489,-0.0017821423005806025,0,-0.02195017089234861,0.0,0,2.3952587632649653e-05
1.844,0.11526750000000001,-0.36071369999999997,9.834525,-0.0011354183600698065,0,0.02086206259712236,0.0,0,2.3952587632649653e-05
1.86,0.0718092,-0.36071369999999997,9.8165727,-0.0009520969595140372,0,0.01145758753473557,0.0,0,2.3952587632649653e-05
1.875,0.1392039,-0.3278502,9.8165727,-0.0007836842931148169,0,0.011227511093281423,0.0,0,2.3952587632649653e-05
1.891,0.1392039,-0.315882,9.862974000000001,0.0005020990227482258,0,0.0803614572414401,0.0,0,2.3952587632649653e-05
1.907,0.1482291,-0.315882,9.7656588,-0.0006123153990102992,0,-0.06965090135990776,0.0,0,2.3952587632649653e-05
1.922,0.16912439999999998,-0.2200383,9.7656588,-0.001755381884985141,0,-0.07620443239832328,0.0,0,2.3952587632649653e-05
1.938,0.16912439999999998,-0.32932170000000005,9.774684,-0.0025756703297723504,0,-0.05126802779920054,0.0,0,2.3952587632649653e-05
1.954,0.17510850000000003,-0.287433,9.856989900000002,-0.0013993128337528304,0,0.07352234350121993,0.0,0,2.3952587632649653e-05
1.969,0.0673947,-0.287433,9.8285409,-0.0009775134301648336,0,0.028119960239199555,0.0,0,2.3952587632649653e-05
1.985,0.0673947,-0.2724237,9.8285409,-0.0005764237436256536,0,0.025068105408698728,0.0,0,2.3952587632649653e-05
2.0,0.0673947,-0.2754648,9.7612443,-0.001823743162578495,0,-0.08315462793018996,0.0,0,2.3952587632649653e-05
2.016,0.1526436,-0.2889045,9.8495343,-0.0008555249848605229,0,0.0605136361073732,0.0,0,2.3952587632649653e-05
2.032,0.1526436,-0.24397470000000002,9.740250900000001,-0.0026048501657811585,0,-0.10933282380753963,0.0,0,2.3952587632649653e-05
2.047,0.1946304,-0.24397470000000002,9.7656588,-0.003673873908448755,0,-0.0712682495111725,0.0,0,2.3952587632649653e-05
2.079,0.1721655,-0.2425032,9.7656588,-0.004728002352765159,0,-0.03294151388488761,-0.00011937170205806409,0,2.2042640399720625e-05
2.094,0.1721655,-0.3039138,9.7806681,-0.005348692860406956,0,-0.04137936717612067,0.0,0,2.1147352634285165e-05
2.11,0.16019730000000001,-0.30685680000000004,9.8136297,-0.0051535212496744975,0,0.012198225670778651,0.0,0,2.1147352634285165e-05
2.125,0.08083440000000001,-0.30685680000000004,9.7701714,-0.006046269749477418,0,-0.05951656665352751,0.0,0,2.1147352634285165e-05
2.141,0.0868185,-0.36826739999999997,9.7701714,-0.006864275380101148,0,-0.051125351913983104,0.0,0,2.1147352634285165e-05
2.157,0.0868185,-0.347274,9.7956774,-0.007059384829808835,0,-0.012194340606730403,-7.763670424705375e-05,0,2.0526259000308735e-05
2.172,0.08534699999999999,-0.347274,9.8076456,-0.006958337469564313,0,0.006736490682968055,0.0,0,1.9943983718455827e-05
2.188,0.1796211,-0.3532581,9.8076456,-0.006823508561863534,0,0.00842680673129869,0.0,0,1.9943983718455827e-05
2.204,0.1796211,-0.3143124,9.833053500000002,-0.00610498769172807,0,0.044907554383466455,0.0,0,1.9943983718455827e-05
2.219,0.1571562,-0.3143124,9.8105886,-0.005960942646353828,0,0.009603003024949635,0.0,0,1.9943983718455827e-05
2.235,0.173637,-0.2889045,9.8105886,-0.005832678205418773,0,0.008016527558440949,-8.129580412230206e-05,0,1.929361728547741e-05
2.25,0.173637,-0.344331,9.7866522,-0.0062473060358883,0,-0.02764185536463492,0.0,0,1.8683898754560138e-05
2.266,0.18266220000000002,-0.29783160000000003,9.8105886,-0.006101555336710973,0,0.00910941869858294,0.0,0,1.8683898754560138e-05
2.282,0.08829,-0.29783160000000003,9.7956774,-0.006354632261066584,0,-0.01581730777222566,0.0,0,1.8683898754560138e-05
2.297,0.0478728,-0.3847482,9.7956774,-0.006534571229257935,0,-0.011995931212756635,0.0,0,1.8683898754560138e-05
2.313,0.0478728,-0.3053853,9.855518400000001,-0.005319450086092914,0,0.07594507144781375,-6.183727439536268e-05,0,1.8189200559397237e-05
2.329,0.1078119,-0.3053853,9.8524773,-0.004196558309017107,0,0.0701807360672379,0.0,0,1.7694502364234335e-05
2.344,0.1287072,-0.29783160000000003,9.8524773,-0.003100577087099765,0,0.073065414794491,0.0,0,1.7694502364234335e-05
2.36,0.1287072,-0.287433,9.8016615,-0.0032776299243497675,0,-0.011065802328125141,0.0,0,1.7694502364234335e-05
2.375,0.10928340000000002,-0.287433,9.806076000000001,-0.0033484951867972512,0,-0.004724350829832208,0.0,0,1.7694502364234335e-05
2.391,0.20355750000000003,-0.2784078,9.806076000000001,-0.0033873217478461726,0,-0.002426660065557582,0.0,0,1.7694502364234335e-05
2.407,0.20355750000000003,-0.2484873,9.842078700000002,-0.0025671501648130146,0,0.051260723939572324,0.0,0,1.7694502364234335e-05
2.438,0.0614106,-0.2679111,9.806076000000001,-0.00267897883746393,0,-0.0036073765371262886,0.0,0,1.7694502364234335e-05
2.454,0.1032993,-0.3712104,9.806076000000001,-0.0026974469553007197,0,-0.0011542573647993482,-1.926416810814867e-05,0,1.7540389019369145e-05
2.469,0.1032993,-0.347274,9.7926363,-0.003064410680080343,0,-0.024464248318642065,0.0,0,1.7395907758558035e-05
2.485,0.145188,-0.347274,9.8464932,-0.002096851882759765,0,0.060472424832536065,0.0,0,1.7395907758558035e-05
2.5,0.17510850000000003,-0.3262806,9.8464932,-0.001158531698020937,0,0.062554678982588,0.0,0,1.7395907758558035e-05
2.516,0.17510850000000003,-0.31284090000000003,9.8120601,-0.0010930021447848048,0,0.004095597077258258,0.0,0,1.7395907758558035e-05
2.547,0.1302768,-0.31284090000000003,9.8285409,-0.0006443445947432735,0,0.014472824194888042,0.0,0,1.7395907758558035e-05
2.563,0.17069399999999998,-0.3098979,9.8285409,-0.0001938184610388305,0,0.028157883356527667,0.0,0,1.7395907758558035e-05
2.579,0.1466595,-0.3098979,9.800091900000002,-0.00045719389246734465,0,-0.01646096446428212,0.0,0,1.7395907758558035e-05
2.594,0.1466595,-0.33824879999999996,9.8151012,-0.0003254721770673541,0,0.00878144769333289,0.0,0,1.7395907758558035e-05
2.61,0.1122264,-0.33824879999999996,9.800091900000002,-0.0005738704989308729,0,-0.015524895116469914,0.0,0,1.7395907758558035e-05
2.625,0.1362609,-0.287433,9.800091900000002,-0.0008483241712404777,0,-0.01829691148730683,0.0,0,1.7395907758558035e-05
2.641,0.1362609,-0.3487455,9.8375661,-0.0001542350160423922,0,0.0433805721998803,0.0,0,1.7395907758558035e-05
2.657,0.1332198,-0.3487455,9.777627,-0.0009389613378267825,0,-0.04904539511152435,0.0,0,1.7395907758558035e-05
2.672,0.1526436,-0.3098979,9.777627,-0.0017295186663002227,0,-0.052703821898228906,0.0,0,1.7395907758558035e-05
2.688,0.1526436,-0.34128990000000003,9.7552602,-0.003020447445493346,0,-0.08068304869957015,0.0,0,1.7395907758558035e-05
2.704,0.19610190000000002,-0.34128990000000003,9.821085300000002,-0.002656764667738898,0,0.022730173609652994,0.0,0,1.7395907758558035e-05
2.719,0.1032993,-0.3083283,9.821085300000002,-0.0023630011140021168,0,0.019584236915785824,0.0,0,1.7395907758558035e-05
2.735,0.1122264,-0.2798793,9.776155500000002,-0.003190113276923867,0,-0.05169451018260935,0.0,0,1.7395907758558035e-05
2.75,0.1122264,-0.3173535,9.7791966,-0.003895018992917443,0,-0.04699371439957132,0.0,0,1.7395907758558035e-05
2.782,0.1302768,-0.3039138,9.866015100000002,-0.0024713571436905113,0,0.04448943278834157,-6.604006202767842e-05,0,1.633926676611518e-05
2.797,0.1302768,-0.2724237,9.834525,-0.001872531185043158,0,0.039921730576489886,0.0,0,1.5843966300907587e-05
2.813,0.10182780000000001,-0.2724237,9.776155500000002,-0.002719515647344295,0,-0.05293652889382101,0.0,0,1.5843966300907587e-05
2.829,0.13469129999999999,-0.2858634,9.776155500000002,-0.0035267952462039176,0,-0.05045497492872637,0.0,0,1.5843966300907587e-05
2.844,0.13469129999999999,-0.2649681,9.8016615,-0.003706924786115451,0,-0.012008635994102472,0.0,0,1.5843966300907587e-05
2.86,0.17510850000000003,-0.2649681,9.818044200000001,-0.003467720999438484,0,0.014950236667310421,0.0,0,1.5843966300907587e-05
2.875,0.1526436,-0.3173535,9.818044200000001,-0.0032056229314587625,0,0.017473204531981278,0.0,0,1.5843966300907587e-05
2.891,0.16765290000000002,-0.36071369999999997,9.8375661,-0.002431703287104625,0,0.048369977772133546,0.0,0,1.5843966300907587e-05
2.907,0.16765290000000002,-0.34580249999999996,9.7821396,-0.0030405388231145025,0,-0.0380522210006173,0.0,0,1.5843966300907587e-05
2.922,0.11526750000000001,-0.34580249999999996,9.848062800000001,-0.002046212714702733,0,0.06628840722745075,0.0,0,1.5843966300907587e-05
2.938,0.1122264,-0.3053853,9.848062800000001,-0.001109566372948123,0,0.05854039635966308,0.0,0,1.5843966300907587e-05
2.954,0.1122264,-0.261927,9.845021700000002,-0.00030042272704911,0,0.05057147786868828,-1.057956097429624e-05,0,1.5759329813113217e-05
2.969,0.1257642,-0.261927,9.8225568,-5.471041246529751e-05,0,0.016380820972254514,0.0,0,1.5679983105805998e-05
2.985,0.1377324,-0.3023442,9.8225568,0.00021722291015535689,0,0.016995832663790886,0.0,0,1.5679983105805998e-05
3.0,0.1377324,-0.2858634,9.747706500000001,-0.0013541633059936942,0,-0.10475908107660253,0.0,0,1.5679983105805998e-05
3.016,0.11978010000000001,-0.2858634,9.855518400000001,-0.00026475889776556016,0,0.06808777551425832,0.0,0,1.5679983105805998e-05
3.032,0.1466595,-0.3427614,9.803133,-0.00042561182984357515,0,-0.010053308254875928,0.0,0,1.5679983105805998e-05
3.063,0.1482291,-0.33824879999999996,9.803133,-0.0005857863777336547,0,-0.005166920899679963,0.0,0,1.5679983105805998e-05
3.079,0.1482291,-0.32932170000000005,9.7791966,-0.0013328805882455441,0,-0.046693388156993046,0.0,0,1.5679983105805998e-05
3.094,0.15568469999999998,-0.3083283,9.8120601,-0.001274560893483212,0,0.003887979650822224,0.0,0,1.5679983105805998e-05
3.11,0.15568469999999998,-0.2769363,9.845021700000002,-0.00043696358418721104,0,0.05234983183100001,0.0,0,1.5679983105805998e-05
3.125,0.1466595,-0.2769363,9.806076000000001,-0.0005725861980234725,0,-0.009041507589084025,0.0,0,1.5679983105805998e-05
3.141,0.11978010000000001,-0.3023442,9.806076000000001,-0.0006955083587403266,0,-0.0076826350448033695,0.0,0,1.5679983105805998e-05
3.157,0.11978010000000001,-0.2798793,9.856989900000002,0.00040951732812466446,0,0.06906410542906188,0.0,0,1.5679983105805998e-05
3.172,0.1392039,-0.2798793,9.7895952,-0.00014912974700642678,0,-0.03724313834207244,0.0,0,1.5679983105805998e-05
3.188,0.142245,-0.2918475,9.7986204,-0.0004645602368125168,0,-0.019714405612880608,0.0,0,1.5679983105805998e-05
3.204,0.1392039,-0.3039138,9.7986204,-0.0007644202046694915,0,-0.0187412479910609,0.0,0,1.5679983105805998e-05
3.219,0.1392039,-0.3143124,9.803133,-0.0009389745378012293,0,-0.011636955542116105,0.0,0,1.5679983105805998e-05
3.235,0.08829,-0.3143124,9.7567317,-0.0022547807687853805,0,-0.08223788943650938,0.0,0,1.5679983105805998e-05
3.25,0.1586277,-0.2918475,9.7567317,-0.0035338092607926086,0,-0.0852685661338145,0.0,0,1.5679983105805998e-05
3.266,0.1586277,-0.2934171,9.7567317,-0.004780494389036605,0,-0.07791782051524969,0.0,0,1.5679983105805998e-05
3.282,0.1526436,-0.2934171,9.843550200000001,-0.003882779956699167,0,0.0561071520210898,0.0,0,1.5679983105805998e-05
3.297,0.11821050000000001,-0.290376,9.843550200000001,-0.0030207074954553548,0,0.05747149741625369,0.0,0,1.5679983105805998e-05
3.329,0.11821050000000001,-0.315882,9.7956774,-0.0033274554974216386,0,-0.00958587506144636,-6.918451432883985e-06,0,1.5569287882879854e-05
3.344,0.11526750000000001,-0.315882,9.8255979,-0.0028982367510490548,0,0.028614583091506197,0.0,0,1.5517399497133224e-05
3.36,0.1272357,-0.2934171,9.7956774,-0.003222246670157247,0,-0.02025061994426201,0.0,0,1.5517399497133224e-05
3.375,0.145188,-0.34580249999999996,9.7956774,-0.003490607438656923,0,-0.01789071789997824,0.0,0,1.5517399497133224e-05
3.391,0.145188,-0.31284090000000003,9.771642900000002,-0.004365275758305032,0,-0.05466676997800674,0.0,0,1.5517399497133224e-05
3.407,0.09878670000000002,-0.31284090000000003,9.7986204,-0.004575112443403029,0,-0.013114792818624809,0.0,0,1.5517399497133224e-05
3.422,0.15421320000000002,-0.315882,9.7986204,-0.004760010893578581,0,-0.012326563345036724,0.0,0,1.5517399497133224e-05
3.438,0.15421320000000002,-0.3023442,9.7986204,-0.004950809533433187,0,-0.01192491499091285,0.0,0,1.5517399497133224e-05
3.454,0.11821050000000001,-0.3023442,9.7672284,-0.005914391657439566,0,-0.06022388275039864,-2.1913185641968952e-05,0,1.5342094011997473e-05
3.485,0.1497006,-0.3173535,9.8584614,-0.004608564243296698,0,0.042123464972351005,0.0,0,1.5002439634546957e-05
3.5,0.1466595,-0.3173535,9.8151012,-0.004392599020349053,0,0.014397681529842879,0.0,0,1.5002439634546957e-05
3.516,0.1107549,-0.3202965,9.7582032,-0.005577972211668225,0,-0.0740858244574482,0.0,0,1.5002439634546957e-05
3.532,0.1362609,-0.2948886,9.7582032,-0.006746087325035788,0,-0.0730071945854726,0.0,0,1.5002439634546957e-05
3.547,0.1362609,-0.2994012,9.8136297,-0.00653125946010924,0,0.014321857661769737,-3.0464873619080735e-05,0,1.477395308240385e-05
3.563,0.1302768,-0.2994012,9.839037600000001,-0.005704289204645718,0,0.051685640966470055,0.0,0,1.4530234093451204e-05
3.579,0.15421320000000002,-0.31136939999999996,9.839037600000001,-0.004879998635939131,0,0.05151816054416165,0.0,0,1.4530234093451204e-05
3.594,0.15421320000000002,-0.2889045,9.871999200000001,-0.0032890191627092946,0,0.1060652982153247,0.0,0,1.4530234093451204e-05
3.61,0.1406754,-0.2889045,9.8240283,-0.0029111725979813485,0,0.02361541029549661,0.0,0,1.4530234093451204e-05
3.625,0.15568469999999998,-0.318825,9.8240283,-0.002514464419661522,0,0.02644721188798823,0.0,0,1.4530234093451204e-05
3.641,0.15568469999999998,-0.3053853,9.7911648,-0.002938899146933238,0,-0.02652717045448225,0.0,0,1.4530234093451204e-05
3.657,0.1332198,-0.318825,9.7956774,-0.003240623062321646,0,-0.018857744711775464,0.0,0,1.4530234093451204e-05
3.672,0.142245,-0.318825,9.7656588,-0.0042635896958760355,0,-0.06819777557029208,-1.3929692762789173e-05,0,1.4425761397730283e-05
3.688,0.08377740000000002,-0.290376,9.7656588,-0.005299729920539065,0,-0.06475876404143927,0.0,0,1.431432385562797e-05
3.704,0.08377740000000002,-0.29783160000000003,9.833053500000002,-0.0046621701846820685,0,0.03984748349106223,0.0,0,1.431432385562797e-05
3.735,0.1661814,-0.29783160000000003,9.8928945,-0.0025559644337338483,0,0.06794212099833036,0.0,0,1.431432385562797e-05
3.75,0.11673900000000001,-0.2679111,9.8928945,-0.0005392200246010503,0,0.13444962727551876,0.0,0,1.431432385562797e-05
3.766,0.11673900000000001,-0.34580249999999996,9.854046900000002,0.0005403743696081875,0,0.06747464963807731,0.0,0,1.431432385562797e-05
3.782,0.1406754,-0.34580249999999996,9.827069400000001,0.0009437424368385905,0,0.025210504201900165,0.0,0,1.431432385562797e-05
3.797,0.1406754,-0.29783160000000003,9.7911648,0.0004237522713346209,0,-0.034666011033597684,0.0,0,1.431432385562797e-05
3.813,0.113796,-0.3307932,9.806076000000001,0.00029717905945503276,0,-0.007910825742474252,0.0,0,1.431432385562797e-05
3.829,0.1032993,-0.3307932,9.8120601,0.00031672347858879846,0,0.0012215261958603552,0.0,0,1.431432385562797e-05
3.86,0.1661814,-0.29783160000000003,9.8120601,0.00033110228648425277,0,0.0004638325127565954,0.0,0,1.431432385562797e-05
3.875,0.1661814,-0.30685680000000004,9.818044200000001,0.0004977705824025236,0,0.01111121972788463,0.0,0,1.431432385562797e-05
3.891,0.18413369999999998,-0.30685680000000004,9.830012400000001,0.0009598941791466586,0,0.028882724796508417,0.0,0,1.431432385562797e-05
3.907,0.13469129999999999,-0.2769363,9.830012400000001,0.0013695439956560307,0,0.02560311353183573,0.0,0,1.431432385562797e-05
3.922,0.13469129999999999,-0.31136939999999996,9.8046045,0.0011749846063544567,0,-0.01297062595343816,0.0,0,1.431432385562797e-05
3.938,0.1466595,-0.31136939999999996,9.7895952,0.000623501487828193,0,-0.03446769490789145,0.0,0,1.431432385562797e-05
3.954,0.1257642,-0.30685680000000004,9.7895952,7.490901993456589e-05,0,-0.03428702924335167,0.0,0,1.431432385562797e-05
3.969,0.1257642,-0.3173535,9.800091900000002,-0.00019628406967520107,0,-0.018079539307318183,0.0,0,1.431432385562797e-05
4.0,0.11673900000000001,-0.33226469999999997,9.8524773,0.0008253346853148713,0,0.032955443709357025,0.0,0,1.431432385562797e-05
4.016,0.1511721,-0.2889045,9.8524773,0.0018001291812126397,0,0.060924655993610466,0.0,0,1.431432385562797e-05
4.032,0.1511721,-0.2963601,9.851005800000001,0.002720676405859379,0,0.057534201540421166,0.0,0,1.431432385562797e-05
4.047,0.09878670000000002,-0.2963601,9.8405091,0.003346681598245027,0,0.041733679492377426,0.0,0,1.431432385562797e-05
4.063,0.1721655,-0.2499588,9.8405091,0.003950645615542925,0,0.03774775108111857,0.0,0,1.431432385562797e-05
4.079,0.1721655,-0.2738952,9.8136297,0.0039001702796959137,0,-0.0031547084904381935,0.0,0,1.431432385562797e-05
4.094,0.1332198,-0.2738952,9.7986204,0.003470249933512193,0,-0.02866135641224697,0.0,0,1.431432385562797e-05
4.11,0.1257642,-0.31284090000000003,9.7986204,0.0030768379409131796,0,-0.0245882495374383,0.0,0,1.431432385562797e-05
4.125,0.1257642,-0.30685680000000004,9.834525,0.0035636314114437795,0,0.03245289803537402,0.0,0,1.431432385562797e-05
4.141,0.1571562,-0.3173535,9.8240283,0.0038018272982256462,0,0.014887242923866659,0.0,0,1.431432385562797e-05
4.157,0.1272357,-0.3173535,9.830012400000001,0.0041695226639753,0,0.022980960359353354,0.0,0,1.431432385562797e-05
4.172,0.1661814,-0.3487455,9.830012400000001,0.004568340203139343,0,0.026587835944270066,0.0,0,1.431432385562797e-05
4.188,0.1661814,-0.3098979,9.842078700000002,0.005219822079777003,0,0.04071761728985376,0.0,0,1.431432385562797e-05
4.204,0.1257642,-0.3098979,9.800091900000002,0.00481732733510043,0,-0.025155921542285832,5.0194203010467744e-05,0,1.4715877479711712e-05
4.219,0.1272357,-0.31136939999999996,9.800091900000002,0.004426249484820843,0,-0.026071856685304772,0.0,0,1.5092334002290234e-05
4.235,0.1272357,-0.290376,9.777627,0.003481361631649804,0,-0.05905549082318989,0.0,0,1.5092334002290234e-05
4.266,0.173637,-0.290376,9.8285409,0.0038179862436784617,0,0.010858858452537447,0.0,0,1.5092334002290234e-05
4.282,0.12272310000000002,-0.3023442,9.8285409,0.004136486010027696,0,0.019906235396827104,0.0,0,1.5092334002290234e-05
4.297,0.1511721,-0.318825,9.7911648,0.0035585517172069814,0,-0.03852895285471511,0.0,0,1.5092334002290234e-05
4.313,0.113796,-0.318825,9.7806681,0.002726522035413126,0,-0.05200185511211592,0.0,0,1.5092334002290234e-05
4.329,0.13469129999999999,-0.3098979,9.7806681,0.00191426182455956,0,-0.05076626317834783,4.677232043883914e-06,0,1.5129751858641305e-05
4.344,0.13469129999999999,-0.3143124,9.783611100000002,0.0011969832523561763,0,-0.04781857148022377,0.0,0,1.5164831098970435e-05
4.36,0.1406754,-0.3143124,9.821085300000002,0.0014126934028766414,0,0.013481884407529053,0.0,0,1.5164831098970435e-05
4.375,0.1272357,-0.34580249999999996,9.821085300000002,0.0016444691674308842,0,0.015451717636949854,0.0,0,1.5164831098970435e-05
4.391,0.1272357,-0.2769363,9.8105886,0.001561477293007485,0,-0.005186992151462451,0.0,0,1.5164831098970435e-05
4.407,0.1078119,-0.2769363,9.827069400000001,0.001876623823402923,0,0.019696658149714868,0.0,0,1.5164831098970435e-05
4.422,0.09878670000000002,-0.2724237,9.827069400000001,0.002178695923696239,0,0.020138140019554815,0.0,0,1.5164831098970435e-05
4.438,0.15568469999999998,-0.2889045,9.8046045,0.001955215745855554,0,-0.013967511115042784,0.0,0,1.5164831098970435e-05
4.454,0.15568469999999998,-0.3248091,9.7971489,0.0015828558284969318,0,-0.023272494834913872,0.0,0,1.5164831098970435e-05
4.469,0.1526436,-0.3248091,9.8091171,0.0015101233825038918,0,-0.004848829732869154,0.0,0,1.5164831098970435e-05
4.485,0.12272310000000002,-0.31284090000000003,9.8091171,0.001419446217978404,0,-0.005667322782842982,0.0,0,1.5164831098970435e-05
4.516,0.12272310000000002,-0.2738952,9.8120601,0.0013743334154181497,0,-0.0014552516954920885,0.0,0,1.5164831098970435e-05
4.532,0.1362609,-0.2738952,9.845021700000002,0.0021382287631137586,0,0.04774345923097552,0.0,0,1.5164831098970435e-05
4.547,0.1482291,-0.3008727,9.845021700000002,0.0029069048577685663,0,0.05124507297698827,0.0,0,1.5164831098970435e-05
4.563,0.1482291,-0.287433,9.7612443,0.0016048039985996354,0,-0.08138130369805811,0.0,0,1.5164831098970435e-05
4.579,0.15568469999999998,-0.287433,9.8046045,0.0013942669168081068,0,-0.013158567611970528,0.0,0,1.5164831098970435e-05
4.594,0.11526750000000001,-0.315882,9.8046045,0.001196587774130009,0,-0.013178609511872682,0.0,0,1.5164831098970435e-05
4.61,0.11526750000000001,-0.30685680000000004,9.839037600000001,0.0018361077967554706,0,0.039970001414091315,0.0,0,1.5164831098970435e-05
4.625,0.11821050000000001,-0.290376,9.821085300000002,0.002011049134623022,0,0.011662755857837001,5.270222006737574e-06,0,1.5204357764020966e-05
4.641,0.1392039,-0.2948886,9.8255979,0.0023017109295473404,0,0.018166362182769884,0.0,0,1.5246519540074867e-05
4.657,0.1392039,-0.3039138,9.8016615,0.0020085109930558787,0,-0.01832499603071634,0.0,0,1.5246519540074867e-05
4.688,0.113796,-0.3039138,9.845021700000002,0.0027714581310327446,0,0.024611197999253983,0.0,0,1.5246519540074867e-05
4.704,0.113796,-0.3023442,9.845021700000002,0.0035146187048393784,0,0.04644753586291457,0.0,0,1.5246519540074867e-05
4.719,0.113796,-0.3338343,9.806076000000001,0.003315170517286248,0,-0.013296545836874873,0.0,0,1.5246519540074867e-05
4.735,0.1661814,-0.3338343,9.818044200000001,0.0034305111395820376,0,0.0072087888934868555,0.0,0,1.5246519540074867e-05
4.75,0.16912439999999998,-0.3008727,9.818044200000001,0.0035182946651719504,0,0.0058522350393276495,0.0,0,1.5246519540074867e-05
4.766,0.16912439999999998,-0.31284090000000003,9.8046045,0.0032854722662225555,0,-0.014551399934337171,0.0,0,1.5246519540074867e-05
4.782,0.113796,-0.3039138,9.833053500000002,0.0037255253395525045,0,0.02750331708312179,0.0,0,1.5246519540074867e-05
4.797,0.142245,-0.3039138,9.7971489,0.003288663576169526,0,-0.029124117558865858,1.9061663133091745e-05,0,1.5389482013573052e-05
4.829,0.1302768,-0.315882,9.8584614,0.004362151225166144,0,0.033546489031144294,0.0,0,1.5694468623702522e-05
4.844,0.1466595,-0.315882,9.830012400000001,0.0047216209052471925,0,0.023964645338735636,0.0,0,1.5694468623702522e-05
4.86,0.1586277,-0.2829204,9.830012400000001,0.005052381204100342,0,0.020672518678321854,0.0,0,1.5694468623702522e-05
4.875,0.1586277,-0.3173535,9.7986204,0.00463554247444975,0,-0.027789248643373437,0.0,0,1.5694468623702522e-05
4.891,0.1526436,-0.3173535,9.830012400000001,0.004991719923054916,0,0.02226109053782286,0.0,0,1.5694468623702522e-05
4.907,0.0973152,-0.347274,9.830012400000001,0.005346718468320688,0,0.022187409079110744,2.0180041707511427e-05,0,1.5855908957362614e-05
4.922,0.0973152,-0.3262806,9.7986204,0.004910329133478442,0,-0.029092622322817053,0.0,0,1.6007259270168947e-05
4.938,0.1212516,-0.290376,9.8091171,0.004719435850176978,0,-0.011930830206341437,0.0,0,1.6007259270168947e-05
4.954,0.1062423,-0.290376,9.777627,0.003761286862303592,0,-0.05988431174208658,0.0,0,1.6007259270168947e-05
4.969,0.1212516,-0.2963601,9.777627,0.002835140842496031,0,-0.061743067987168394,0.0,0,1.6007259270168947e-05
4.985,0.1212516,-0.2918475,9.7941078,0.0023300361509459577,0,-0.03156904322187956,0.0,0,1.6007259270168947e-05
5.0,0.1032993,-0.2918475,9.800091900000002,0.0019781150348254783,0,-0.023461407741365792,0.0,0,1.6007259270168947e-05
5.016,0.12272310000000002,-0.290376,9.800091900000002,0.0016391721398463233,0,-0.021183930936197175,0.0,0,1.6007259270168947e-05
5.032,0.12272310000000002,-0.3173535,9.8285409,0.002022347921375456,0,0.023948486345570764,0.0,0,1.6007259270168947e-05
5.047,0.1122264,-0.3173535,9.8105886,0.0019555158077597667,0,-0.004455474241046034,0.0,0,1.6007259270168947e-05
5.063,0.1002582,-0.3039138,9.8105886,0.0018767810727879919,0,-0.004920920935735924,0.0,0,1.6007259270168947e-05
5.079,0.15421320000000002,-0.2843919,9.7791966,0.001037514808553297,0,-0.05245414151466838,7.1347358676860165e-06,0,1.6064337157110435e-05
5.11,0.15421320000000002,-0.318825,9.8464932,0.0018849173222488247,0,0.027335564957919733,0.0,0,1.617492556305957e-05
5.125,0.15568469999999998,-0.318825,9.834525,0.002420498140867977,0,0.03570538790794425,0.0,0,1.617492556305957e-05
5.141,0.1317483,-0.3083283,9.834525,0.0029263315537644274,0,0.03161458830602812,0.0,0,1.617492556305957e-05
5.157,0.1317483,-0.3307932,9.8151012,0.0029641802898883185,0,0.002365546007743189,0.0,0,1.617492556305957e-05
5.172,0.145188,-0.3307932,9.7941078,0.0024940403214230855,0,-0.03134266456434953,0.0,0,1.617492556305957e-05
5.188,0.1406754,-0.2963601,9.818044200000001,0.002590378054835085,0,0.006021108338249976,0.0,0,1.617492556305957e-05
5.204,0.1062423,-0.2963601,9.7806681,0.001762669035679565,0,-0.05173181369721997,0.0,0,1.617492556305957e-05
5.219,0.1122264,-0.2724237,9.7806681,0.0009398100170248114,0,-0.054857267910314825,0.0,0,1.617492556305957e-05
5.235,0.17667810000000003,-0.36071369999999997,9.860031000000001,0.0021639400654773766,0,0.07650812802828526,0.0,0,1.617492556305957e-05
5.25,0.17667810000000003,-0.2994012,9.8240283,0.0024306238838960326,0,0.017778921227910777,0.0,0,1.617492556305957e-05
5.266,0.12272310000000002,-0.2994012,9.8136297,0.002417275031040944,0,-0.0008343033034430284,0.0,0,1.617492556305957e-05
5.282,0.17069399999999998,-0.3098979,9.8136297,0.0024296754697150647,0,0.0007750274171325338,0.0,0,1.617492556305957e-05
5.313,0.17069399999999998,-0.2994012,9.818044200000001,0.0025414352440229493,0,0.003605154009931798,2.5226995057876095e-05,0,1.6565943986456645e-05
5.329,0.1107549,-0.2994012,9.8151012,0.002557784396794105,0,0.0010218220481972287,0.0,0,1.6767759946919653e-05
5.344,0.1377324,-0.3143124,9.8151012,0.002593422895960984,0,0.00237589994445851,0.0,0,1.6767759946919653e-05
5.36,0.1377324,-0.2994012,9.8644455,0.0038196736328934833,0,0.07664067105828114,0.0,0,1.6767759946919653e-05
5.375,0.1122264,-0.2994012,9.9258561,0.0065051764529115985,0,0.17903352133454484,0.0,0,1.6767759946919653e-05
5.391,0.1257642,-0.3307932,9.9258561,0.009153427261367142,0,0.16551567552847132,0.0,0,1.6767759946919653e-05
5.407,0.09584369999999999,-0.2709522,10.2132891,0.018692432785783808,0,0.5961878452760411,8.143166484588828e-05,0,1.741921326568676e-05
5.422,0.09584369999999999,-0.3023442,10.380942000000001,0.03210741591374422,0,0.8943322085307132,0.0,0,1.802995075203091e-05
5.438,0.1062423,-0.3023442,10.5470253,0.04924658552966932,1,1.0711981009953178,0.0011132625416396475,0,2.6936051085148096e-05
5.454,0.11978010000000001,-0.2948886,10.5470253,0.06596611681914588,1,1.0449707055922843,0.0020349641604301694,0,5.212186470170665e-05
5.469,0.11978010000000001,-0.3008727,10.5455538,0.08224610160133672,1,1.0853323188126813,0.0031465557985838307,0,9.098326439431313e-05
5.485,0.1571562,-0.3008727,10.3001076,0.09215765754198557,1,0.6194722462905528,0.00454178587173041,0,0.0001524899977568271
5.5,0.1646118,-0.3098979,10.3001076,0.10183682978091291,1,0.6452781492618361,0.005996744526652118,0,0.00023152897574469435
5.516,0.1646118,-0.35178660000000006,10.0994931,0.10642322730496367,1,0.28664984525317266,0.007662824983339131,0,0.00034080553182462445
5.532,0.15421320000000002,-0.35178660000000006,9.874942200000001,0.10542095644075644,1,-0.06264192901295201,0.009357578453304894,0,0.00047696875931777676
5.547,0.1406754,-0.3248091,9.874942200000001,0.1044156787954389,1,-0.06701850968783798,0.010931353217576326,0,0.0006291357468493826
5.563,0.0928026,-0.29783160000000003,9.8240283,0.10215921242976833,1,-0.14102914785440998,0.012583952347377986,0,0.0008172581913690173
5.594,0.1257642,-0.2529999,10.0710441,0.1059584265783613,1,0.12255529511589984,0.015809775752004054,0,0.0012573609769094471
5.61,0.052385400000000006,-0.23347800000000002,10.0710441,0.10963765672630821,1,0.2299518842466817,0.017534544418441413,0,0.0015241155382730112
5.625,0.052385400000000006,-0.2814489,10.220744700000001,0.11690683200385976,1,0.48461168517011394,0.019233628083917636,0,0.0017998768320406982
5.641,0.10182780000000001,-0.2814489,10.2192732,0.1239719292833481,1,0.44156857996802096,0.0211606581742153,0,0.002123031122105762
5.657,0.11673900000000001,-0.2679111,10.2192732,0.13085972336860507,1,0.4304871303285603,0.023199311395430928,0,0.002477910878662932
5.672,0.11673900000000001,-0.3248091,10.178856000000001,0.136634526504956,1,0.38498687575673657,0.025205518269482592,0,0.002840947101149776
5.688,0.17069399999999998,-0.3248091,10.145894400000001,0.14148363190904512,1,0.30306908775556946,0.027430463536794604,0,0.0032620349555999937
5.704,0.1930608,-0.38621970000000005,10.145894400000001,0.1462766811993319,1,0.299565580642924,0.029732546041661624,0,0.003719339032227644
5.719,0.18413369999999998,-0.3907323,10.1683593,0.15150042315906198,1,0.34824946398199197,0.031965874324349663,0,0.0041820771849727465
5.735,0.18413369999999998,-0.34580249999999996,10.1997513,0.1573221936493514,1,0.36386065564308867,0.03443645525881697,0,0.00471329582163808
5.75,0.1796211,-0.34580249999999996,10.238697000000002,0.16394921388035932,1,0.44180134873387067,0.036845990815289754,0,0.005247914167193869
5.766,0.1482291,-0.2664396,10.238697000000002,0.17034450809595292,1,0.3997058884745993,0.03952034059110025,0,0.00585884481844499
5.782,0.1482291,-0.24397470000000002,10.283626800000002,0.1776655927120565,1,0.457567788506474,0.04230442139756433,0,0.006513442914354307
5.797,0.09427410000000001,-0.24397470000000002,10.3210029,0.18570392199974073,1,0.5358886191789595,0.04502969275790275,0,0.007168448770520296
5.813,0.1078119,-0.2529999,10.3210029,0.19355472391595185,1,0.4906751197631949,0.04806376192522829,0,0.007913196407985344
5.829,0.1078119,-0.24544620000000003,10.3898691,0.20288869645419716,1,0.583373283640331,0.051235309288189486,0,0.008707588977692688
5.86,0.1406754,-0.24544620000000003,10.3659327,0.21142099496307942,1,0.27523543577039045,0.0576571095051574,0,0.010395421468989596
5.875,0.1317483,-0.261927,10.3659327,0.2197521623109182,1,0.5554111565225975,0.06089090818471231,0,0.0112845316016636
5.891,0.16765290000000002,-0.315882,10.4362704,0.22964397027080352,1,0.6182379974928315,0.06448607724536609,0,0.012287547485104227
5.907,0.1392039,-0.3307932,10.409391,0.23864037396869975,1,0.5622752311185137,0.06823235199928213,0,0.013349294919061413
5.922,0.1466595,-0.31284090000000003,10.409391,0.24740631948381164,1,0.5843963676741388,0.07187770220017588,0,0.014400120325557327
5.938,0.1466595,-0.33981839999999996,10.485712800000002,0.25783941717526915,1,0.6520686057160935,0.07591966809344852,0,0.015582499287906323
5.969,0.1287072,-0.33981839999999996,10.385356500000002,0.2655660712035264,1,0.24924690413732528,0.08403245316332,0,0.018061757167386283
5.985,0.16166880000000003,-0.2889045,10.385356500000002,0.27307793519270085,1,0.46949149932340406,0.08834160521448983,0,0.019440749634408762
6.0,0.16166880000000003,-0.2769363,10.3764294,0.28018100435339477,1,0.4735379440462714,0.09249104726108547,0,0.020796994527975548
6.016,0.1377324,-0.2769363,10.4108625,0.2879418692157678,1,0.4850540538983146,0.09703603024963878,0,0.022313211148061344
6.032,0.1062423,-0.2889045,10.497681000000002,0.2976289854399887,1,0.6054447640138066,0.10172059708688483,0,0.023903264166753535
6.047,0.0973152,-0.2798793,10.497681000000002,0.30707175942904996,1,0.6295182659374292,0.10625585267340253,0,0.025463087539955655
6.063,0.0973152,-0.23053500000000002,10.5949962,0.31862784691291957,1,0.7222554677418496,0.11126144952413829,0,0.027203225957535982
6.079,0.09584369999999999,-0.23053500000000002,10.632372300000002,0.33081311162473526,1,0.76157904448848,0.11645697719243953,0,0.029024973371268605
6.094,0.1661814,-0.2889045,10.632372300000002,0.34275706823668095,1,0.7962637741296827,0.12150875354140034,0,0.030809716351772473
6.11,0.1661814,-0.3218661,10.6802451,0.355599742707815,1,0.802667154445879,0.1270956080289563,0,0.032798551244335325
6.125,0.11526750000000001,-0.3218661,10.654837200000001,0.3674934410758439,1,0.7929132245352765,0.13251880690733364,0,0.034745659356357456
6.141,0.1437165,-0.33530580000000004,10.654837200000001,0.3791155809793203,1,0.7263837439672731,0.13849167908377497,0,0.036913743244286326
6.157,0.1437165,-0.3143124,10.572531300000001,0.3884322560240445,1,0.5822921902952632,0.1446320617798019,0,0.03917873317119494
6.188,0.1332198,-0.3053853,10.4812002,0.3952854930391574,1,0.22107216177783662,0.1567796868902814,0,0.043850615275581185
6.204,0.10182780000000001,-0.3023442,10.4812002,0.4019608475516616,1,0.41720965703151386,0.16315765761500797,0,0.046410114031623505
6.219,0.10182780000000001,-0.290376,10.548594900000001,0.41010820817681193,1,0.5431573750100003,0.16924817553297175,0,0.04890315778023345
6.235,0.10182780000000001,-0.290376,10.5785154,0.4187863115604724,1,0.5423814614787799,0.17587933169087003,0,0.05166417783802418
6.25,0.09427410000000001,-0.290376,10.5785154,0.42725104693624516,1,0.5643156917181952,0.18222461187959527,0,0.05434995741480261
6.266,0.09427410000000001,-0.2724237,10.5919551,0.43582535843467163,1,0.5358944686516538,0.1891292231225626,0,0.05732078809481988
6.282,0.09133110000000001,-0.2724237,10.575474300000002,0.4437880890181294,1,0.4976706614661093,0.19616613070218503,1,0.06040315092541786
6.297,0.1377324,-0.2784078,10.575474300000002,0.4515726579563104,1,0.5189712625454127,0.20288133630449318,1,0.06339600692796789
6.313,0.1377324,-0.3262806,10.587442500000002,0.4594924683356769,1,0.4949881487104064,0.21016985731482907,1,0.06670041647692247
6.329,0.1257642,-0.3262806,10.542610800000002,0.46612262450463327,1,0.4143847605597713,0.21757477805755154,1,0.07012237355990152
6.344,0.1721655,-0.3008727,10.635413400000001,0.47485089589868146,1,0.5818847596031907,0.22463207946057667,1,0.0734389249912876
6.36,0.1856052,-0.3367773,10.635413400000001,0.48339802941796783,1,0.5341958449553981,0.23229807086310988,1,0.07709436619387709
6.375,0.1856052,-0.3503151,10.5230889,0.4890096546249296,1,0.374108347130794,0.23959112849343145,1,0.08063353518905107
6.391,0.11978010000000001,-0.3503151,10.5770439,0.4957762963761638,1,0.42291510945213734,0.2474694161014402,1,0.08453001954581005
6.407,0.1257642,-0.3248091,10.5770439,0.5023597487126814,1,0.41146577103234844,0.25545450446215096,1,0.08855341091031878
6.422,0.1257642,-0.2858634,10.530642600000002,0.5076239771997688,1,0.35094856580583467,0.26302938240649415,1,0.09244204006183353
6.438,0.1257642,-0.2858634,10.4273433,0.5102414329600489,1,0.1635909850175031,0.2711723056877727,1,0.09671565356658766
6.469,0.12272310000000002,-0.287433,10.4273433,0.5127952168733945,1,0.0823801262369532,0.28702937376019133,1,0.10536777959803127
6.485,0.12272310000000002,-0.2934171,10.4902254,0.5168237777501528,1,0.251785054797393,0.2952663257171797,1,0.11002614519385025
6.5,0.1646118,-0.3053853,10.599410700000002,0.5234380093172106,1,0.4409487711372008,0.30306828912018474,1,0.11451365480513039
6.516,0.1946304,-0.3053853,10.5051366,0.5276053032267036,1,0.2604558693433121,0.31147663562053607,1,0.11943001420305616
6.532,0.12272310000000002,-0.3547296,10.5051366,0.5316822706921442,1,0.25481046659003836,0.31995093621188686,1,0.12448143477771555
6.547,0.12272310000000002,-0.347274,10.5680187,0.537186501436576,1,0.366948716295457,0.3279674520028521,1,0.12934082268932598
6.563,0.08083440000000001,-0.347274,10.585971,0.5429842612460707,1,0.36235998809341885,0.33660881810431326,1,0.1346574328501833
6.579,0.1062423,-0.2858634,10.585971,0.548601315708904,1,0.35106590392708326,0.34534150271995306,1,0.14011303541677744
6.594,0.1062423,-0.2994012,10.5125922,0.5523015766768289,1,0.2466840645283148,0.35359827441284636,1,0.14535508374527364
6.61,0.13469129999999999,-0.2994012,10.5021936,0.5556660342919741,1,0.21027860094657827,0.3624620153005968,1,0.1510835660629812
6.625,0.1257642,-0.29783160000000003,10.5021936,0.5589446453463047,1,0.21857407028871015,0.37082159539788373,1,0.1565831931432197
6.641,0.1257642,-0.29783160000000003,10.557522,0.5634921278450609,1,0.2842176561722584,0.3798010895834147,1,0.1625881746230701
6.657,0.1466595,-0.2963601,10.515633300000001,0.5669130859476876,1,0.21380988141417293,0.3888443312937567,1,0.16873733799008747
6.672,0.1287072,-0.3008727,10.503665100000001,0.5699562339213262,1,0.20287653157590982,0.3973708511927741,1,0.1746339518587363
6.688,0.1287072,-0.30685680000000004,10.5125922,0.5731470041029461,1,0.19942313635123982,0.4065156770969683,1,0.18106504408505425
6.704,0.1661814,-0.30685680000000004,10.572531300000001,0.577733892288073,1,0.286680511570436,0.4157227242680964,1,0.18764295129597477
6.735,0.1062423,-0.3487455,10.572531300000001,0.5822217400225629,1,0.1447692817577343,0.4337020365689116,1,0.20080903508894865
6.75,0.1062423,-0.258984,10.630900800000001,0.5879603853631323,1,0.38257635603797135,0.44247840250930415,1,0.20738038838203512
6.766,0.10182780000000001,-0.258984,10.539569700000001,0.5913311920418032,1,0.21067541741692766,0.45191273512854363,1,0.2145355174831379
6.782,0.0703377,-0.290376,10.539569700000001,0.5946334601037737,1,0.20639175387315836,0.46140045234570826,1,0.22184202298293193
6.797,0.0703377,-0.31284090000000003,10.4467671,0.5956084361379332,1,0.06499840227730304,0.4703272665675209,1,0.228829980874781
6.813,0.1482291,-0.2544714,10.428814800000001,0.5961031716833212,1,0.03092097158674531,0.47986095943009094,1,0.23643148668276193
6.829,0.1511721,-0.2544714,10.5141618,0.5986676735187242,1,0.1602813647126887,0.4894191261917073,1,0.24418572736773633
6.844,0.13469129999999999,-0.2814489,10.5141618,0.6011809265703114,1,0.16755020343914215,0.4984179906923757,1,0.25159450574436726
6.86,0.13469129999999999,-0.315882,10.5335856,0.6041302246412634,1,0.18433112943450053,0.5080604799020685,1,0.2596463335091228
6.875,0.1466595,-0.315882,10.437840000000001,0.6046775134022369,1,0.03648591739822945,0.5171265379373945,1,0.2673352361429186
6.891,0.15421320000000002,-0.3008727,10.437840000000001,0.6052032978466642,1,0.03286152777670634,0.5268055844273857,1,0.27568669312183686
6.907,0.15421320000000002,-0.3248091,10.4572638,0.6062072173904838,1,0.06274497148872621,0.5364968685492829,1,0.28419311274565023
6.922,0.18109260000000002,-0.3248091,10.3988943,0.6057744133566132,1,-0.028853602258039405,0.545586730779886,1,0.29230873974061883
6.938,0.1317483,-0.2889045,10.3988943,0.6053082450908143,1,-0.02913551661243294,0.5552753920474653,1,0.30111563672323766
6.954,0.15421320000000002,-0.3008727,10.4153751,0.6052710092726894,1,-0.0023272386328043715,0.5649600260823734,1,0.3100775200682764
6.985,0.11821050000000001,-0.33226469999999997,10.3449393,0.6035295072519791,1,-0.05617748453904179,0.5836964340885061,1,0.32788169520092536
7.0,0.0703377,-0.31284090000000003,10.3449393,0.6018050822328309,1,-0.11496166794321291,0.592736443509642,1,0.33670494178291127
7.016,0.0703377,-0.2634966,10.2865698,0.5986660559010968,1,-0.19618914573338292,0.6023402126147135,1,0.34626555503190615
7.032,0.028449,-0.2634966,10.267146,0.5951250932894645,1,-0.22131016322701738,0.611890541808238,1,0.35597940106728976
7.047,0.1287072,-0.30685680000000004,10.267146,0.5917185644916767,1,-0.22710191985252484,0.6207918692415964,1,0.3652245191501633
7.063,0.1287072,-0.2994012,10.307563200000002,0.5893750468188088,1,-0.14646985455424297,0.6302406181320802,1,0.3752327790491527
7.079,0.17667810000000003,-0.2994012,10.3434678,0.5879812371865487,1,-0.08711310201625624,0.6396594684041231,1,0.38539197974144235
7.094,0.16765290000000002,-0.32333760000000006,10.3434678,0.5866353252706702,1,-0.08972746105856441,0.6484690926225526,1,0.3950529439491428
7.11,0.1526436,-0.33226469999999997,10.249193700000001,0.5830255523076353,1,-0.22561081018968013,0.657826379643179,1,0.40550330772726867
7.125,0.1526436,-0.3143124,10.2013209,0.5783230714874552,1,-0.3134987213453466,0.666536494321642,1,0.4154360292820046
7.141,0.1332198,-0.3143124,10.241738100000001,0.574713887384636,1,-0.22557400642619888,0.6757607899926187,1,0.4261744075565187
7.157,0.049442400000000004,-0.2784078,10.241738100000001,0.571149190552406,1,-0.22279355201437737,0.684927694616115,1,0.43705991543338857
7.172,0.049442400000000004,-0.2918475,10.1353977,0.5650879853655368,1,-0.404080345791285,0.6934494734354995,1,0.4473977441937755
7.188,0.09133110000000001,-0.2918475,10.154919600000001,0.5596576342402315,1,-0.3393969453315823,0.7024474383923456,1,0.4585649194883982
7.219,0.1646118,-0.3622833,10.154919600000001,0.55443753794294,1,-0.16839020313843156,0.719715913561185,1,0.48060845144367836
7.235,0.1646118,-0.3053853,10.1683593,0.5496267772549306,1,-0.3006725430005905,0.728548428082768,1,0.49219456617683
7.25,0.16019730000000001,-0.3053853,10.145894400000001,0.5443840246583083,1,-0.34951683977482906,0.7367535090971171,1,0.5031843307056789
7.266,0.1631403,-0.2889045,10.145894400000001,0.5392585211624468,1,-0.3203439684913431,0.7454226494636832,1,0.5150417399741654
7.282,0.0823059,-0.2994012,10.121958000000001,0.5336580721286968,1,-0.3500280646093753,0.7540059822100124,1,0.5270371690275549
7.297,0.0823059,-0.2948886,10.0157157,0.5256009113303577,1,-0.537144053222616,0.7619504245859551,1,0.5384068420785244
7.313,0.1362609,-0.2948886,10.1189169,0.5202704114128327,1,-0.33315624484531153,0.7703173951679007,1,0.5506649846365552
7.329,0.1302768,-0.31136939999999996,10.1189169,0.5150800377242941,1,-0.3243983555336613,0.7786001987609976,1,0.5630563253879864
7.344,0.1302768,-0.33530580000000004,10.056132900000001,0.5085045581924561,1,-0.4383653021225176,0.7862770832303735,1,0.5747929050029221
7.36,0.11673900000000001,-0.33530580000000004,9.975298500000001,0.500115070308853,1,-0.5243429927251904,0.794346040258384,1,0.5874378899908322
7.375,0.15421320000000002,-0.33530580000000004,9.975298500000001,0.4919426091538259,1,-0.5448307436684864,0.8017864728543539,1,0.5994088838391776
7.391,0.15421320000000002,-0.2843919,10.0141461,0.4848779337285656,1,-0.4415422140787713,0.809601037197413,1,0.6122999839195917
7.407,0.1661814,-0.35178660000000006,9.9707859,0.476985648522529,1,-0.49326782537728553,0.8172959458554219,1,0.6253151597840144
7.438,0.1377324,-0.318825,9.97677,0.4693941385716265,1,-0.24488741777105144,0.8319648325553811,1,0.6508787018493816
7.454,0.1377324,-0.258984,9.9392958,0.46103193587610036,1,-0.5226376684703822,0.8394082411509629,1,0.6642496864390324
7.469,0.1392039,-0.258984,9.934881299999999,0.45276656549599004,1,-0.5510246920073342,0.8462617299112538,1,0.6768922112219995
7.485,0.145188,-0.2843919,9.934881299999999,0.44472181643425124,1,-0.5027968163586745,0.8534416369666957,1,0.6904898381570231
7.5,0.145188,-0.258984,9.943808400000002,0.43707397899501643,1,-0.5098558292823313,0.8600551054324151,1,0.7033410637250161
7.516,0.142245,-0.258984,9.886910400000001,0.42822449688637043,1,-0.5530926317903746,0.8669774932394663,1,0.7171573245143912
7.532,0.1062423,-0.287433,9.886910400000001,0.4195989914043441,1,-0.5390940926266459,0.873760081145792,1,0.7310832251094732
7.547,0.1062423,-0.344331,9.8405091,0.410097192348406,1,-0.6334532703958845,0.8799828025239375,1,0.7442362967369959
7.563,0.12272310000000002,-0.344331,9.900448200000001,0.4022927455028533,1,-0.48777792784704355,0.8864819220267476,1,0.7583680145334014
7.579,0.16765290000000002,-0.34580249999999996,9.900448200000001,0.39469595990374273,1,-0.4747990999444114,0.8928578316700003,1,0.7726027325629754
7.594,0.10477080000000001,-0.3173535,9.907903800000001,0.38742189170246455,1,-0.48493788008519384,0.8987237155570471,1,0.7860395941671787
7.61,0.10477080000000001,-0.3262806,9.874942200000001,0.379528848446407,1,-0.4933152035035966,0.9048593214782381,1,0.800468258463461
7.625,0.1078119,-0.3262806,9.788123700000002,0.36971288421591453,1,-0.6543976153661786,0.9104786344732054,1,0.8140832931330966
7.641,0.142245,-0.3039138,9.788123700000002,0.36012950379380904,1,-0.5989612763815927,0.9163173735772833,1,0.8286976611975005
7.657,0.142245,-0.3053853,9.7941078,0.35092684810106434,1,-0.5751659807965431,0.9220058243924423,1,0.8434042467812584
7.688,0.1497006,-0.29783160000000003,9.687865500000001,0.33935592615711485,1,-0.3732555465790193,0.932705207393444,1,0.8721522677739393
7.704,0.1497006,-0.3098979,9.6594165,0.3273830077189128,1,-0.7483074023876262,0.9380391188644522,1,0.8871182223840025
7.719,0.1586277,-0.3098979,9.834525,0.31997380159674194,1,-0.4939470748113737,0.9428942949343199,1,0.9012252229874939
7.735,0.1497006,-0.318825,9.717786,0.3099034058666561,1,-0.6293997331303641,0.947933312594027,1,0.9163518438477206
7.75,0.16912439999999998,-0.344331,9.717786,0.3001076066814008,1,-0.6530532790170342,0.9525083951881373,1,0.9306051566560866
7.766,0.16912439999999998,-0.2934171,9.7417224,0.2910934711177635,1,-0.5633834727273296,0.9572380038105307,1,0.9458831278480759
7.782,0.0973152,-0.2934171,9.7986204,0.2836623164178942,1,-0.4644471687418324,0.961836050110816,1,0.9612357202794467
7.797,0.1212516,-0.2738952,9.7986204,0.2764051404577099,1,-0.48381173067896166,0.9660365560373829,1,0.9756947648255578
7.813,0.1212516,-0.3503151,9.7222986,0.2675241364246528,1,-0.5550627520660707,0.9703879902524418,1,0.9911861611958764
7.829,0.1406754,-0.3503151,9.6549039,0.25722359235594894,1,-0.6437840042939896,0.9745859720826866,1,1.0067459528945575
7.844,0.16166880000000003,-0.3083283,9.6549039,0.2471473870623182,1,-0.6717470195753569,0.9783687544283237,1,1.0213931133433907
7.875,0.16166880000000003,-0.2814489,9.5905503,0.23572822340319455,1,-0.3683601180362506,0.9858533263905391,1,1.0518385555960827
7.891,0.1317483,-0.2814489,9.60399,0.224904044496947,1,-0.6765111816404706,0.9895383845337402,1,1.067641689283477
7.907,0.0763218,-0.3023442,9.601047000000001,0.21427297244226828,1,-0.6644420034174198,0.9930518006692539,1,1.083502410765101
7.922,0.113796,-0.3218661,9.601047000000001,0.20392570828396472,1,-0.6898176105535854,0.9961882907747006,1,1.0984217114509303
7.938,0.113796,-0.2858634,9.5307093,0.19208837384446298,1,-0.7398334024688584,0.9993564034317279,1,1.1143860690045817
7.954,0.11821050000000001,-0.2858634,9.551604600000001,0.18105043852475866,1,-0.6898709574815192,1.0023415139306817,1,1.130399652343481
7.969,0.1915893,-0.315882,9.551604600000001,0.1703337751714198,1,-0.7144442235558978,1.004976895533403,1,1.145454540414462
7.985,0.1915893,-0.3262806,9.5247252,0.1592319331286003,1,-0.693865127676218,1.0076134211998033,1,1.1615552629483277
8.0,0.1646118,-0.3262806,9.4812669,0.14732939792881616,1,-0.7935023466522919,1.009912631182734,1,1.1766867083411965
8.016,0.1781496,-0.3173535,9.437906700000001,0.13465896348740358,1,-0.7919021525882857,1.0121685380740637,1,1.192863357695251
8.047,0.10477080000000001,-0.3173535,9.455859,0.12270834428474764,1,-0.3855038452469587,1.016157731344532,1,1.2243024148712398
8.063,0.0868185,-0.287433,9.458802,0.11109319015722896,1,-0.7259471329699168,1.0180281436200678,1,1.2405759018709566
8.079,0.1317483,-0.31284090000000003,9.458802,0.09979363879288705,1,-0.7062219602713686,1.0197152382516688,1,1.2568778489259305
8.094,0.1317483,-0.2694807,9.3974895,0.08724248037120397,1,-0.8367438947789396,1.0211180091453993,1,1.2721840982814072
8.11,0.16765290000000002,-0.2694807,9.358543800000001,0.07406203873790673,1,-0.8237776020810764,1.0224084452982722,1,1.2885323099169566
8.125,0.1586277,-0.3098979,9.358543800000001,0.06122973162564449,1,-0.8554871408174504,1.023423133575999,1,1.3038760467585142
8.141,0.1586277,-0.3307932,9.4109292,0.05000455761540046,2,-0.7015733756402514,1.0243130078899272,1,1.3202579358902415
8.157,0.11978010000000001,-0.3307932,9.3480471,0.03750653135331916,2,-0.7811266413800804,1.0250130966016768,1,1.3366525447261743
8.172,0.10928340000000002,-0.318825,9.3480471,0.02530006463203449,2,-0.8137644480856139,1.025484146071567,1,1.3520312740462241
8.188,0.10928340000000002,-0.344331,9.3630564,0.013779175071922722,2,-0.7200555975069849,1.0257967799891985,1,1.3684415214547103
8.204,0.1377324,-0.344331,9.3241107,0.0015992809799172392,2,-0.761243380750342,1.0259198076376133,1,1.3848552541557249
8.219,0.1362609,-0.3039138,9.285165000000001,-0.011267599791281668,2,-0.8577920514133296,1.025847295246528,1,1.4002435074273547
8.235,0.173637,-0.31136939999999996,9.285165000000001,-0.023799431086461098,2,-0.7832394559487137,1.0255667589995061,1,1.416654819861323
8.25,0.173637,-0.2934171,9.2148273,-0.03775424735062316,2,-0.9303210842774355,1.025105106411228,1,1.432034858851904
8.266,0.1796211,-0.2934171,9.256716,-0.0503449390154902,3,-0.7869182290541892,1.024400312920299,1,1.4484309022065562
8.282,0.11526750000000001,-0.2769363,9.256716,-0.0626659028209744,3,-0.7700602378427617,1.0234962261856073,1,1.4648140745194036
8.297,0.11526750000000001,-0.318825,9.2672127,-0.07439765174798829,3,-0.7821165951342302,1.02246824952634,1,1.4801588080872439
8.313,0.11821050000000001,-0.318825,9.2043306,-0.0873750281762451,3,-0.8110860267660496,1.021174068086946,1,1.4965079466281501
8.329,0.1212516,-0.30685680000000004,9.2043306,-0.10004483392356533,3,-0.7918628592075143,1.0196747091901477,1,1.5128347368463668
8.344,0.1212516,-0.3143124,9.1534167,-0.11364045489512442,3,-0.9063747314373454,1.0180720695240078,1,1.5281178376867217
8.375,0.1377324,-0.3083283,9.1026009,-0.12814231577265822,3,-0.46780196379140415,1.014324436578657,1,1.5596199835313136
8.391,0.15568469999999998,-0.2858634,9.1026009,-0.1423012919160218,3,-0.8849360089602235,1.0121608877171475,1,1.57583186612568
8.407,0.15568469999999998,-0.3503151,9.1430181,-0.15507511978998068,3,-0.7983642421224284,1.0097818764234996,1,1.5920074082388052
8.422,0.1392039,-0.3503151,9.1265373,-0.16794549655226376,3,-0.8580251174855066,1.0073592218009326,1,1.607135966475489
8.438,0.11673900000000001,-0.2994012,9.1265373,-0.1805538082916378,3,-0.7880194837108772,1.0045712273621814,1,1.623231410068794
8.454,0.11673900000000001,-0.2829204,9.051687,-0.19469199951459437,3,-0.8836369514347845,1.0015692608997315,1,1.6392805339748893
8.469,0.09878670000000002,-0.2829204,9.0576711,-0.20834469295536806,3,-0.9101795627183192,0.998546485706207,1,1.6542814020744325
8.485,0.1571562,-0.3278502,9.0576711,-0.22160737116483453,3,-0.8289173880916537,0.9951068691932454,1,1.6702306289136282
8.5,0.1571562,-0.3262806,9.018725400000001,-0.23549708415241,3,-0.9259808658383292,0.991678585778366,1,1.6851315198259158
8.516,0.11673900000000001,-0.35178660000000006,9.0531585,-0.24820048750185109,3,-0.7939627093400674,0.9878090052051319,1,1.7009674205537837
8.532,0.113796,-0.35178660000000006,8.9783082,-0.26241904872225064,3,-0.8886600762749711,0.9837240489153392,1,1.7167396849867476
8.563,0.1392039,-0.3218661,8.9783082,-0.2763094471040688,3,-0.4480773671554161,0.9753737572300311,1,1.7471057009820015
8.579,0.1392039,-0.30685680000000004,8.9469162,-0.2906389816311865,3,-0.8955959079448564,0.970838169800149,1,1.7626753963982429
8.594,0.1661814,-0.30685680000000004,8.9783082,-0.30384271517624306,3,-0.880248903003841,0.9663795570740936,1,1.7772045293497984
8.61,0.1466595,-0.33226469999999997,8.9783082,-0.31671065578481716,3,-0.8042462880358807,0.9614151301064051,1,1.7926268868472424
8.625,0.1466595,-0.3202965,8.948387700000001,-0.3300045493000461,3,-0.8862595676818942,0.9565647660682685,1,1.807011736068553
8.641,0.11978010000000001,-0.3202965,8.9693811,-0.34247229284641634,3,-0.7792339716481405,0.9511849513310967,1,1.822273733807748
8.657,0.1122264,-0.33530580000000004,8.9693811,-0.35462495709498576,3,-0.7595415155355882,0.9456081733315654,1,1.8374480788050493
8.672,0.1122264,-0.29783160000000003,8.9858619,-0.36611173310243394,3,-0.7657850671631833,0.9402026481550846,1,1.8515916599661997
8.688,0.1078119,-0.30685680000000004,9.014212800000001,-0.37662122520846,3,-0.6568432566266263,0.9342607844885974,1,1.8665873674273492
8.704,0.1377324,-0.30685680000000004,8.924451300000001,-0.3890522227039863,3,-0.7769373434703957,0.9281353969052978,1,1.8814865368785003
8.719,0.10182780000000001,-0.2994012,8.924451300000001,-0.40119794324586344,3,-0.8097147027918735,0.9222085206606744,1,1.895364116260244
8.735,0.10182780000000001,-0.3023442,8.991846,-0.41140227654659967,3,-0.6377708312960134,0.9157077189023347,1,1.910067446176748
8.75,0.15568469999999998,-0.3023442,9.030693600000001,-0.4203920983783629,3,-0.5993214554508588,0.9094692610903973,1,1.923756273526694
8.766,0.1377324,-0.2994012,9.030693600000001,-0.42917215451354096,3,-0.548753508448629,0.9026727470672621,1,1.9382534095919552
8.782,0.1377324,-0.2889045,9.027750600000001,-0.4378181321161332,3,-0.5403736001620136,0.8957368247742247,1,1.9526406861666872
8.797,0.1437165,-0.2889045,9.0157824,-0.4465426793189877,3,-0.5816364801902805,0.8891041186884611,1,1.9660269932426577
8.829,0.1586277,-0.3338343,8.9797797,-0.4558878955020056,3,-0.2920380057193081,0.8746652294913252,1,1.9942473028135344
8.844,0.1406754,-0.3262806,9.027750600000001,-0.4638501250306941,3,-0.5308153019126111,0.8677671943373305,1,2.007315545992248
8.86,0.1062423,-0.3262806,9.095047200000002,-0.4699894255131767,3,-0.3837062801551602,0.8602964779329796,1,2.0211400553704104
8.875,0.1571562,-0.2634966,9.095047200000002,-0.47601063487036477,3,-0.4014139571458571,0.8532014774801028,1,2.033991290036009
8.891,0.1571562,-0.318825,8.9514288,-0.485341986243899,3,-0.5832094608458899,0.8455106565111886,1,2.0475809871079393
8.907,0.1571562,-0.318825,8.9902764,-0.493498984159654,3,-0.5098123697346852,0.8376799287479602,1,2.0610465117900127
8.938,0.13469129999999999,-0.3218661,9.0935757,-0.49894565533764457,3,-0.17569907025775736,0.8222970368357517,1,2.086776154756561
8.954,0.1526436,-0.3218661,9.0352062,-0.505675116618292,3,-0.42059133004046473,0.8142600706601042,1,2.099868611616528
8.969,0.1526436,-0.3202965,9.0352062,-0.5122418040934242,3,-0.4377791650088504,0.8066256937547669,1,2.1120252548496383
8.985,0.1526436,-0.3039138,9.0292221,-0.5188079712777274,3,-0.41038544901894586,0.7983772955517977,1,2.1248652787640907
9.0,0.09878670000000002,-0.2889045,9.000773100000002,-0.5259377558722012,3,-0.4753189729649004,0.7905417025981729,1,2.136782171250216
9.016,0.1317483,-0.2889045,9.032263200000001,-0.5321157784443145,3,-0.3861264107570813,0.7820772743236408,1,2.1493631230655903
9.032,0.1062423,-0.318825,9.032263200000001,-0.53812677307487,3,-0.37568716440972116,0.7735153339114873,1,2.1618078639314713
9.047,0.1062423,-0.2514303,9.030693600000001,-0.5440812838711313,3,-0.39696738641740514,0.765398773484392,1,2.1733497197369407
9.063,0.0793629,-0.2514303,9.0201969,-0.5501532047539186,3,-0.3794950551742057,0.7566448975753916,1,2.185526069105419
9.079,0.1122264,-0.3098979,9.0201969,-0.5560241751557893,3,-0.3669356501169171,0.7477954785361138,1,2.1975615921143112
9.094,0.1122264,-0.3023442,9.0337347,-0.5614282198450695,3,-0.3602696459520451,0.7394145855736081,1,2.208715667595133
9.11,0.11673900000000001,-0.3023442,9.162441900000001,-0.5635618546424404,3,-0.13335217483567685,0.730414664977708,1,2.220474301599544
9.125,0.1002582,-0.315882,9.162441900000001,-0.5656370740281922,3,-0.13834795905011718,0.721945673012678,1,2.231367004134472
9.141,0.1002582,-0.2679111,9.2342511,-0.5659483339724698,3,-0.019453746517350528,0.7128929897486727,1,2.2428457134365627
9.172,0.1631403,-0.3218661,9.2222829,-0.5664798278211425,3,-0.017144962860408765,0.6953403532408713,1,2.264673330252901
9.188,0.1466595,-0.3218661,9.1490022,-0.568791115481341,3,-0.14445547876240625,0.6862581856944514,1,2.275726118564384
9.204,0.142245,-0.290376,9.1490022,-0.5710734101058481,3,-0.14264341403169553,0.6771392694897539,1,2.2866332982058575
9.219,0.142245,-0.347274,9.0696393,-0.5751857537305032,3,-0.2741562416436933,0.6685423257609819,1,2.2967259101702373
9.235,0.12272310000000002,-0.347274,9.0082287,-0.5807013232283502,3,-0.3447230936154396,0.6592952291453111,1,2.3073486106094876
9.25,0.1437165,-0.315882,9.0082287,-0.5861029607150208,3,-0.36010916577802315,0.6505441970157355,1,2.317172406305696
9.266,0.1437165,-0.318825,9.0756234,-0.5897277790319375,3,-0.22655114480729635,0.6411375510977598,1,2.327505860290604
9.282,0.145188,-0.318825,9.1923624,-0.590418415663768,3,-0.04316478948940268,0.6316963815401941,1,2.3376885317517075
9.297,0.0898596,-0.2963601,9.1923624,-0.5911277719457715,3,-0.04729041880023327,0.6228347851331223,1,2.347097515501758
9.313,0.0898596,-0.2889045,9.2911491,-0.5894174709979634,3,0.10689380923800663,0.6133904231895724,1,2.3569873171683393
9.329,0.1002582,-0.2709522,9.2222829,-0.589438322497994,3,-0.0013032187519135252,0.6039595768416047,1,2.366726117168589
9.344,0.16765290000000002,-0.2843919,9.211884300000001,-0.5896784006209739,3,-0.01600520819866002,0.5951162014182132,1,2.375719185505537
9.36,0.16765290000000002,-0.315882,9.2746683,-0.5883574441072916,3,0.08255978210514041,0.5856919146603871,1,2.385165650434166
9.391,0.1317483,-0.315882,9.2777094,-0.5870087081108935,3,0.04350761278703712,0.5674737393010049,1,2.4030397180705676
9.407,0.1437165,-0.3532581,9.2777094,-0.5856556886502489,3,0.08456371629028674,0.5580924241269157,1,2.412044247377991
9.422,0.1437165,-0.315882,9.297133200000001,-0.5838950977745281,3,0.11737272504804755,0.5493207932287296,1,2.4203498465081585
9.438,0.16019730000000001,-0.315882,9.354031200000001,-0.5807841265135281,3,0.19443570381250092,0.5400033594344251,1,2.429064439729464
9.454,0.0898596,-0.2754648,9.354031200000001,-0.577803090692683,3,0.1863147388028173,0.5307346616967754,1,2.4376303438985136
9.469,0.1377324,-0.24544620000000003,9.394448400000002,-0.5739156005247867,3,0.25916601119310395,0.5220967715126451,1,2.445526579647584
9.5,0.1302768,-0.2738952,9.4319226,-0.5691928189036517,3,0.15234779423015976,0.504378591011504,1,2.4614369477667086
9.516,0.10928340000000002,-0.2814489,9.4319226,-0.5645863052166114,3,0.28790710544002146,0.49530835801854123,1,2.469434443358949
9.532,0.10928340000000002,-0.2829204,9.3884643,-0.5611504807324863,3,0.2147390302578154,0.48630246373094843,1,2.4772873299329445
9.547,0.1377324,-0.2829204,9.3855213,-0.557861073817266,3,0.21929379434801058,0.477909877071825,1,2.4845189224889657
9.563,0.1392039,-0.3248091,9.3855213,-0.5546183104980962,3,0.20267270744811478,0.46901004199730206,1,2.492094281841519
9.579,0.1392039,-0.3173535,9.4139703,-0.550767448603235,3,0.2406788684288228,0.4601669559244914,1,2.499527697824893
9.594,0.09878670000000002,-0.3173535,9.4633146,-0.5458201886858376,3,0.32981732782652107,0.451942548644824,1,2.5063685191091625
9.61,0.11821050000000001,-0.29783160000000003,9.4633146,-0.5410036324591943,3,0.30103476416520863,0.44324795807566375,1,2.5135300431629264
9.625,0.15421320000000002,-0.2754648,9.5142285,-0.5350673204130612,3,0.3957541364088581,0.4351774259291215,1,2.5201182335429624
9.641,0.15421320000000002,-0.2934171,9.5187411,-0.5291527168696604,3,0.36966272146254886,0.4266636656308597,1,2.527012962275442
9.657,0.1317483,-0.2934171,9.568085400000001,-0.5221877608970473,3,0.43530974828831465,0.4182529418087261,1,2.5337722951349586
9.672,0.08083440000000001,-0.258984,9.568085400000001,-0.5154307019394082,3,0.4504705971759241,0.41047080333745234,1,2.5399877232235553
9.688,0.08083440000000001,-0.3278502,9.593591400000001,-0.5081652551748572,3,0.4540904227844363,0.4022820356805382,1,2.546489745935699
9.704,0.16166880000000003,-0.3278502,9.6204708,-0.5003969918033722,3,0.48551646071781596,0.3942135377047124,1,2.552861710522781
9.735,0.0793629,-0.3218661,9.6204708,-0.49284825448788183,3,0.24350765533840707,0.3788182363871986,1,2.5648437030212055
9.75,0.1122264,-0.3098979,9.6773688,-0.4840982878600375,3,0.5833311085229332,0.3714911373195889,1,2.5704710233240067
9.766,0.0868185,-0.3202965,9.6773688,-0.475559851157648,3,0.5336522938993444,0.3638138722074474,1,2.5763534634002228
9.782,0.1122264,-0.2889045,9.690808500000001,-0.4669197559053462,3,0.5400059532688624,0.35627403535094343,1,2.58211416666069
9.797,0.1122264,-0.2889045,9.6758973,-0.4588538963401412,3,0.5377239710136464,0.349330732959102,1,2.5874062024230153
9.813,0.1287072,-0.2889045,9.653432400000002,-0.4515273942917961,3,0.45790637802156603,0.3420476826340465,1,2.5929372297477604
9.829,0.11673900000000001,-0.3039138,9.653432400000002,-0.44437206204076674,3,0.44720826568933575,0.334880486983386,1,2.5983526551047
9.844,0.11673900000000001,-0.29783160000000003,9.746235,-0.43513362297140645,3,0.6158959379574017,0.32828419434579525,1,2.6033263902146686
9.875,0.15568469999999998,-0.29783160000000003,9.708858900000001,-0.42701831225932096,3,0.2617842165188818,0.3149208393497187,1,2.613296068236949
9.891,0.11821050000000001,-0.318825,9.708858900000001,-0.4190975695410515,3,0.49504641989184206,0.30815191229531574,1,2.6182806502501093
9.907,0.11821050000000001,-0.2918475,9.743193900000001,-0.4105536966156862,3,0.5339920578353303,0.30151470216606185,1,2.6231579831658003
9.922,0.1257642,-0.2918475,9.731225700000001,-0.40250765733579996,3,0.5364026186590617,0.2954167420114255,1,2.6276349689971314
9.938,0.1272357,-0.3202965,9.731225700000001,-0.3946355850432397,3,0.4920045182850159,0.28903959607239316,1,2.632310619701802
9.954,0.11978010000000001,-0.31136939999999996,9.717786,-0.3872924883014228,3,0.45894354636355456,0.28278417148563584,1,2.636885209842266
9.969,0.11978010000000001,-0.3053853,9.7926363,-0.3783085346200519,3,0.5989302454247781,0.27704216381372526,1,2.641083907357011
9.985,0.17667810000000003,-0.3053853,9.8151012,-0.36897513834481366,3,0.5833372672023879,0.27106389443000634,1,2.645468755822961
10.0,0.1511721,-0.315882,9.8151012,-0.35987167169604817,3,0.6068977765843431,0.26559754335469965,1,2.6494937166063464
10.016,0.1511721,-0.2425032,9.8809263,-0.3494363082587668,3,0.652210214830084,0.2599230795150611,1,2.6536978815893044
10.032,0.1586277,-0.2425032,9.9048627,-0.3386690520421567,3,0.672953513538132,0.2544182366326537,1,2.657812612118486
10.047,0.113796,-0.2889045,9.9048627,-0.32814909652271496,3,0.7013303679627559,0.24941710051841698,1,2.6615913771471194
10.063,0.113796,-0.32333760000000006,9.8704296,-0.31869911096328707,3,0.5906240974642424,0.24424231485852896,1,2.665540652470135
10.079,0.10477080000000001,-0.32333760000000006,9.8794548,-0.30926205204594126,3,0.5898161823341125,0.23921862555445514,1,2.6694083399934385
10.094,0.13469129999999999,-0.3218661,9.895935600000001,-0.29964577700719275,3,0.6410850025832857,0.234651816836557,1,2.672962368311371
10.11,0.11978010000000001,-0.3503151,9.895935600000001,-0.29024516797328026,3,0.58753806461953,0.2299326892767132,1,2.676679044360277
10.141,0.1646118,-0.2948886,9.877983300000002,-0.2815397877222541,3,0.2808187177750329,0.22107002246343224,1,2.683669586392249
10.157,0.1497006,-0.2829204,9.877983300000002,-0.2730610495656105,3,0.5299211347902228,0.2166332157651293,1,2.6871712122980775
10.172,0.1497006,-0.2948886,9.7956774,-0.2667869044447677,3,0.4182763413895034,0.21258435611005133,1,2.6903903440871417
10.188,0.1107549,-0.2948886,9.8046045,-0.2604607869331321,3,0.39538234447722387,0.20836637457902812,1,2.6937579499326545
10.204,0.145188,-0.2829204,9.8046045,-0.2542866059671045,3,0.38588631037672594,0.20424839543582624,1,2.6970588680927734
10.235,0.145188,-0.2798793,9.7806681,-0.24884865475759277,3,0.17541778095199828,0.19644979889459374,2,2.7032696901048947
10.25,0.12272310000000002,-0.3008727,9.910846800000002,-0.24036228087198452,3,0.5657582590405282,0.19278071687737178,2,2.7061889189731847
10.266,0.0614106,-0.315882,9.910846800000002,-0.23208539151407237,3,0.5173055848695092,0.18900113549828332,2,2.70924317379219
10.282,0.0614106,-0.3262806,9.7732125,-0.22735719094762885,3,0.29551253540271966,0.1853255948385897,2,2.712237787634885
10.297,0.1406754,-0.3262806,9.8136297,-0.221739199683487,3,0.3745327509427767,0.18195737190885622,2,2.714992409885491
10.313,0.17667810000000003,-0.318825,9.8136297,-0.2162500166860859,3,0.3430739373375677,0.17845345817789962,2,2.717875696526185
10.329,0.17667810000000003,-0.31136939999999996,9.8105886,-0.210974674764147,3,0.32970887012118116,0.17503566064629775,2,2.7207036094767787
10.344,0.1631403,-0.31136939999999996,9.8120601,-0.20579784730375117,3,0.34512183069308294,0.17190986673078876,2,2.7233057009321064
10.36,0.09133110000000001,-0.3023442,9.8120601,-0.2007768623601187,3,0.3138115589770282,0.1686572690534778,2,2.7260302380183807
10.375,0.09133110000000001,-0.2829204,9.803133,-0.19611009677848656,3,0.31111770544213146,0.16568061685993815,2,2.7285377721627313
10.391,0.1287072,-0.2829204,9.871999200000001,-0.18986810311571745,3,0.3901246039230696,0.16259279126078452,2,2.7311639594276973
10.407,0.0928026,-0.2649681,9.8016615,-0.18551517395993855,3,0.2720580722361807,0.15958972504417926,2,2.733741419558137
10.438,0.056898,-0.2754648,9.8016615,-0.18126804341339842,3,0.13700421117871145,0.15390458517489242,2,2.7386005813665326
10.454,0.056898,-0.2529999,9.7895952,-0.17743346362197876,3,0.23966123696372832,0.1510349731186094,2,2.741040097832881
10.469,0.04041720000000001,-0.2529999,9.752219100000001,-0.17460570636326445,3,0.18851715058096946,0.14839467934372028,2,2.743285820226348
10.485,0.0703377,-0.2889045,9.848062800000001,-0.1694818796584272,3,0.32023916905232735,0.14564197865554673,2,2.745638113490342
10.5,0.19757340000000004,-0.2889045,9.8016615,-0.16557185692806975,3,0.2606681820238204,0.1431290756311479,2,2.7478038963974925
10.516,0.16765290000000002,-0.290376,9.8016615,-0.16176972858203698,3,0.23763302162704814,0.14051034294706705,2,2.7500730117461183
10.532,0.16765290000000002,-0.2679111,9.8076456,-0.15793005302016283,3,0.23997972261713385,0.13795274469424945,2,2.7523007164472486
10.547,0.18266220000000002,-0.2679111,9.821085300000002,-0.15384987482616985,3,0.27201187959952156,0.13561439523540186,2,2.754352469996721
10.563,0.1302768,-0.35178660000000006,9.836094600000001,-0.14945924148073786,3,0.27441458408949937,0.1331879223049466,2,2.7565028885370437
10.579,0.16019730000000001,-0.3307932,9.836094600000001,-0.1451826826291054,3,0.2672849282270293,0.13083078691206787,2,2.7586150382107797
10.594,0.16019730000000001,-0.3278502,9.860031000000001,-0.1404294174163354,3,0.31688434751802386,0.12868869616172723,2,2.760561434333833
10.61,0.1332198,-0.3278502,9.8046045,-0.13715286036512886,3,0.20478481570040932,0.12646803793947553,2,2.7626026882066426
10.625,0.0733788,-0.3083283,9.8046045,-0.1339870261036875,3,0.21105561742941514,0.12443448879095934,2,2.764484457157121
10.657,0.0733788,-0.32333760000000006,9.7627158,-0.13190771074109975,3,0.06497860508086756,0.12018017300144274,2,2.7683982917457994
10.672,0.0628821,-0.32333760000000006,9.7612443,-0.12991676584437428,3,0.1327296597816927,0.11821648942705161,2,2.7701862667140134
10.688,0.0868185,-0.2274939,9.7612443,-0.12803583414163278,3,0.11755823142134403,0.11615286862716355,2,2.772061221578447
10.704,0.0868185,-0.287433,9.707289300000001,-0.12747758396750442,3,0.03489063588302252,0.11410876128229044,2,2.7739033146177228
10.719,0.1466595,-0.3053853,9.871999200000001,-0.12288713307168742,3,0.306030059721158,0.11223102590449666,2,2.7756008630216233
10.735,0.11526750000000001,-0.3053853,9.7941078,-0.12031754032911479,3,0.16059954641078886,0.11028538851729024,2,2.7773809943369976
10.75,0.18266220000000002,-0.318825,9.7941078,-0.11777519587604424,3,0.16948963020469726,0.10849969299575148,2,2.7790218824483452
10.766,0.18266220000000002,-0.3098979,9.856989900000002,-0.1137691607247433,3,0.2503771969563082,0.10664733814294518,2,2.7807430586974546
10.782,0.1856052,-0.3098979,9.8584614,-0.10982362757529529,3,0.24659582184050044,0.10485859583654487,2,2.7824351061692907
10.797,0.173637,-0.3427614,9.8584614,-0.10595312820152536,3,0.2580332915846523,0.10324027016821866,2,2.7839958476643263
10.813,0.173637,-0.3039138,9.831582000000001,-0.10286326701767123,3,0.1931163239908827,0.10156973900646508,2,2.7856343277377236
10.829,0.15421320000000002,-0.3039138,9.856989900000002,-0.09923732857867051,3,0.2266211524375448,0.09995293424169435,2,2.7872465091237086
10.844,0.0673947,-0.2769363,9.856989900000002,-0.0957429960296583,3,0.23295550326749967,0.09849058180713201,2,2.7887348354940746
10.86,0.0673947,-0.2889045,9.7866522,-0.09404028791013985,3,0.1064192574699029,0.09697231553561363,2,2.7902985386728165
10.875,0.09133110000000001,-0.2918475,9.7268112,-0.09383106860545709,3,0.01394795364551692,0.09556328036174659,2,2.7917425556420468
10.891,0.0763218,-0.2918475,9.7327953,-0.09348422202435991,3,0.021677911318573863,0.09406475803670805,2,2.7932595799492344
10.907,0.10182780000000001,-0.2754648,9.7327953,-0.09315178432927596,3,0.020777355942747083,0.09257166998587896,2,2.794752671373415
10.922,0.10182780000000001,-0.2843919,9.764187300000001,-0.09205590425374943,3,0.07305867170176543,0.09118261232150622,2,2.7961308284907203
10.938,0.08377740000000002,-0.2843919,9.854046900000002,-0.08880023818695726,3,0.20347912917451064,0.08973576318198057,2,2.797578175494748
10.954,0.16912439999999998,-0.32333760000000006,9.854046900000002,-0.08556800664595166,3,0.20201447131285005,0.0883408172233173,2,2.7990027881379906
10.969,0.16912439999999998,-0.33530580000000004,9.856989900000002,-0.08233313294112321,3,0.21565824698858035,0.08708155867641433,2,2.8003184559572385
10.985,0.19610190000000002,-0.33530580000000004,9.821085300000002,-0.08004001796997962,3,0.14331968569647455,0.0857825734691255,2,2.801701369014403
11.0,0.1392039,-0.36826739999999997,9.821085300000002,-0.07779772985782785,3,0.1494858741434456,0.0845987903604169,2,2.8029792292431246
11.016,0.1392039,-0.347274,9.8944641,-0.07384033106794519,3,0.24733742436766604,0.0833856858730107,2,2.804323105052992
11.032,0.18413369999999998,-0.37866600000000006,9.8644455,-0.07066499537054582,3,0.19845848108745995,0.08222964326150278,2,2.8056480276860682
11.047,0.09133110000000001,-0.37866600000000006,9.8928945,-0.0669053447768615,3,0.250643372912279,0.0811978657103972,2,2.8068737340033576
11.063,0.0868185,-0.1930608,9.8928945,-0.06336912801946148,3,0.2210135473375006,0.08015566992802661,2,2.808164562288465
11.079,0.0868185,-0.2709522,9.803133,-0.06206301291380356,3,0.08163219410362015,0.07915221280056049,2,2.8094390253502937
11.11,0.0928026,-0.2709522,9.788123700000002,-0.06115334181333587,3,0.029344229047345984,0.0772423593022899,2,2.811863141217888
11.125,0.058369500000000005,-0.2918475,9.788123700000002,-0.06025769507294321,0,0.05970978269284199,0.07583177652564277,2,2.813011197236597
11.141,0.052385400000000006,-0.2948886,9.7971489,-0.05916247272319275,0,0.06845139685940355,0.07437641518327368,2,2.8142128627702685
11.157,0.1526436,-0.2994012,9.7971489,-0.058065053041163495,0,0.06858873012682837,0.07293859497715882,2,2.8153913828515518
11.172,0.1526436,-0.3367773,9.7686999,-0.05765820408470468,0,0.027123263763920054,0.07157067054871477,2,2.8164752023429958
11.188,0.17510850000000003,-0.2918475,9.855518400000001,-0.055171077060551355,0,0.1554454390095826,0.07016803629955272,2,2.8176091119977817
11.204,0.2499588,-0.2918475,9.8794548,-0.052121896555084035,0,0.1905737815917073,0.06880969251062763,2,2.818720933828263
11.235,0.16912439999999998,-0.33226469999999997,9.8794548,-0.0491577577821527,0,0.09561737977198223,0.06673985786840052,2,2.8208219518591378
11.25,0.16912439999999998,-0.33981839999999996,9.8016615,-0.048155640537462574,0,0.06680781631267255,0.06551000738100338,2,2.8218138258485084
11.266,0.1302768,-0.33981839999999996,9.803133,-0.04715656042908911,0,0.062442506773341344,0.06424750977327096,2,2.8228518859857425
11.282,0.0868185,-0.3053853,9.803133,-0.04622119812778003,0,0.0584601438318177,0.063000487704816,2,2.8238698699655673
11.297,0.0868185,-0.23799060000000002,9.8464932,-0.04429697172978564,0,0.1282817598662877,0.061821601430884235,2,2.824806035634085
11.313,0.0434583,-0.23799060000000002,9.7971489,-0.04362982626436818,0,0.04169659158859137,0.060618187046931005,2,2.8257855539419077
11.329,0.0823059,-0.3173535,9.7971489,-0.04291803621202561,0,0.04448687827141025,0.05942580414711986,2,2.82674590587146
11.344,0.0823059,-0.2843919,9.851005800000001,-0.040935296753357164,0,0.13218263057790716,0.058296904149879536,2,2.8276288261836875
11.36,0.0373761,-0.2814489,9.731225700000001,-0.041929869701483824,0,-0.06216080925791617,0.05713398281824081,2,2.8285522732794326
11.375,0.1212516,-0.2814489,9.7627158,-0.04211584684831671,0,-0.012398476455525064,0.05600363994411728,2,2.8294008054501503
11.391,0.23053500000000002,-0.344331,9.7627158,-0.042200178036496894,0,-0.005270699261261664,0.05482911174503877,2,2.8302874674636636
11.407,0.23053500000000002,-0.2798793,9.831582000000001,-0.040654153443586694,0,0.09662653705688742,0.0536662770931981,2,2.8311554305743694
11.422,0.2575125,-0.2798793,9.874942200000001,-0.03807273798139654,0,0.17209436414600354,0.0525758254075107,2,2.831952246343125
11.438,0.1631403,-0.36669779999999996,9.874942200000001,-0.03553400088113179,0,0.158671068766547,0.05148697149661047,2,2.8327847487183577
11.454,0.1631403,-0.24397470000000002,9.8105886,-0.03471858036552078,0,0.050963782225688044,0.05042495084663724,2,2.833600044097104
11.469,0.059841000000000005,-0.24397470000000002,9.855518400000001,-0.03285617805881991,0,0.12416015378006814,0.04941814015845472,2,2.834348867279642
11.485,0.0793629,-0.315882,9.855518400000001,-0.030986046113763877,0,0.11688324656600181,0.048407402365074056,2,2.8351314716198304
11.5,0.0793629,-0.24103170000000002,9.934881299999999,-0.02727804104981857,0,0.24720033759634447,0.047470421711347174,2,2.8358505553004036
11.516,0.0748503,-0.2858634,9.777627,-0.027466092524193186,0,-0.011753217148413587,0.04653246864275508,2,2.8366025784232365
11.532,0.10477080000000001,-0.2858634,9.759674700000001,-0.028080505848331327,0,-0.038400832758633784,0.04558809585577488,2,2.8373395429392247
11.563,0.050913900000000005,-0.23799060000000002,9.704346300000001,-0.030070781696807103,0,-0.0642024467250238,0.04418675089882522,2,2.838731053063921
11.579,0.19011780000000003,-0.23799060000000002,9.752219100000001,-0.030803309570027082,0,-0.045782992076248655,0.043199758168690545,2,2.839430145136461
11.594,0.1586277,-0.2948886,9.752219100000001,-0.03149380214833464,0,-0.046032838553840744,0.04223252983080287,2,2.8400708872964575
11.61,0.1586277,-0.30685680000000004,9.6115437,-0.03558737856556782,0,-0.25584852607707353,0.04119588038509165,2,2.840738314578185
11.625,0.1511721,-0.30685680000000004,9.5307093,-0.04155435309945865,0,-0.39779830225937385,0.04011731739760393,2,2.841348163561555
11.641,0.1377324,-0.3592422,9.5307093,-0.0473361400297545,0,-0.3613616831434904,0.03890619345257022,2,2.841980351648356
11.657,0.1377324,-0.2679111,9.577110600000001,-0.05191897424212932,0,-0.286427138273426,0.03761215253839515,2,2.842592498416284
11.672,0.13469129999999999,-0.30685680000000004,9.634008600000001,-0.05497568596440239,0,-0.20378078148486323,0.03631044258684613,2,2.8431469178797233
11.688,0.1586277,-0.30685680000000004,9.6384231,-0.05784136019384256,0,-0.1791046393400107,0.03490790621758017,2,2.8437166646701586
11.704,0.059841000000000005,-0.2798793,9.6384231,-0.06068444833668174,0,-0.1776930089274485,0.03345969974933598,2,2.844263605517894
11.719,0.059841000000000005,-0.2738952,9.5785821,-0.06492129961874582,0,-0.2824567521376281,0.03201765663967035,2,2.8447546856908112
11.735,0.1122264,-0.2738952,9.6070311,-0.06834979420706588,0,-0.21428091177000377,0.030451487889063857,2,2.845254438847041
11.75,0.11821050000000001,-0.2994012,9.6070311,-0.0716743653139229,0,-0.22163807379045972,0.0289013066926564,2,2.845699584806404
11.766,0.11821050000000001,-0.3218661,9.5950629,-0.07519186468134897,0,-0.21984371046412912,0.027226376852694224,2,2.8461486062747667
11.782,0.1990449,-0.3218661,9.743193900000001,-0.07498081302935056,0,0.013190728249901073,0.025524995431008626,2,2.8465706172530365
11.797,0.1107549,-0.287433,9.743193900000001,-0.07483536644561894,0,0.00969643891544044,0.02390137408494631,2,2.8469413150244063
11.829,0.113796,-0.315882,9.855518400000001,-0.07193312653188322,0,0.09069499730424138,0.02105307819730627,2,2.8476605862609223
11.844,0.113796,-0.287433,9.8615025,-0.06897701783184829,0,0.19707391333567797,0.019496252114578366,2,2.8479647062382614
11.86,0.16912439999999998,-0.287433,9.9392958,-0.06417733987911056,0,0.2999798720461075,0.017931017252890695,2,2.848264124393201
11.875,0.1377324,-0.3367773,9.9392958,-0.05946877048643806,0,0.31390462617815484,0.016503671425149045,2,2.848522384558286
11.891,0.142245,-0.2963601,9.8854389,-0.05621773456946855,0,0.2031897448105944,0.015078179384701788,2,2.848775039364765
11.907,0.0748503,-0.3053853,9.8854389,-0.053057335988411225,0,0.19752491131608246,0.01370397882023875,2,2.8490052966304047
11.922,0.0748503,-0.2529999,9.788123700000002,-0.052382778522853,0,0.04497049770387984,0.012413177961404238,2,2.849201175306267
11.938,0.1526436,-0.2529999,9.803133,-0.05133671915368865,0,0.06537871057277206,0.011083421979991903,2,2.8493891481057982
11.969,0.1646118,-0.3487455,9.803133,-0.05023982429372964,0,0.03538370515996936,0.009008985556556978,2,2.8497005804226148
11.985,0.1646118,-0.2784078,9.8824959,-0.04728988664092526,0,0.18437110330027356,0.00772874786907974,2,2.84983448229002
12.0,0.0389457,-0.2963601,9.774684,-0.0470590659896537,0,0.015388043418103228,0.006521130724350371,2,2.8499413563794707
12.016,0.1437165,-0.2963601,9.806076000000001,-0.04604478524581701,0,0.06339254648979326,0.005276299914466605,2,2.8500357358245814
12.032,0.1511721,-0.34580249999999996,9.806076000000001,-0.04501305106355069,0,0.06448338639164491,0.004047837223991664,2,2.850110328921689
12.047,0.1511721,-0.3008727,9.806076000000001,-0.04404259075158734,0,0.06469735413088758,0.002879919910378102,2,2.8501622871001966
12.063,0.1796211,-0.3008727,9.821085300000002,-0.04271825657829531,0,0.0827708858307518,0.0016858331317390431,2,2.8501988131245337
12.079,0.052385400000000006,-0.3202965,9.821085300000002,-0.04144788361864826,0,0.07939830997794044,0.000512504010163495,2,2.8502163998216687
12.094,0.052385400000000006,-0.2918475,9.776155500000002,-0.041325456488294776,0,0.008161808690233077,0.0,2,2.8502202436017448
12.11,0.1571562,-0.2918475,9.8854389,-0.03851470866595008,0,0.17567173889654325,-0.0002470173618724816,2,2.8502182674628496
12.125,0.08083440000000001,-0.3248091,9.8854389,-0.0357698498964627,0,0.18299058463248502,-0.00030415155109059537,2,2.8502141336960025
12.141,0.1796211,-0.2365191,9.7941078,-0.035347895569035614,0,0.02637214546419295,-0.00037309351481458084,2,2.850208715735475
12.157,0.1796211,-0.2994012,9.8689581,-0.033069827584991884,0,0.142379249002733,-0.0004204353000467997,2,2.850202367504956
12.172,0.11978010000000001,-0.2994012,9.803133,-0.03247407698584226,0,0.03971670660997348,-0.0004120145843280738,2,2.8501961241308233
12.188,0.1497006,-0.2918475,9.803133,-0.03188838481965206,0,0.03660576038688742,-0.0004269142787720298,2,2.8501894126999185
12.204,0.1497006,-0.290376,9.8120601,-0.03110042957260717,0,0.04924720294030567,-0.0004308247939101037,2,2.8501825507873373
12.235,0.1078119,-0.2724237,9.8016615,-0.030611155138020152,0,0.015783046277001157,-0.0008873543569247913,2,2.8501621190104993
12.25,0.1078119,-0.2994012,9.783611100000002,-0.03055465158685422,0,0.0037669034110619742,-0.0008460979073613667,2,2.8501491181185172
12.266,0.21258269999999999,-0.2994012,9.7956774,-0.030163616756576417,0,0.024439676892362684,-0.0008318440541088125,2,2.8501356945828253
12.282,0.0344331,-0.36071369999999997,9.7956774,-0.02978651406263566,0,0.023568918371297244,-0.0008114451006625101,2,2.8501225482695873
12.297,0.1497006,-0.34580249999999996,9.8136297,-0.02896777245300619,0,0.054582773975295915,-0.0007521022495298418,2,2.850110821664461
12.313,0.1497006,-0.3083283,9.821085300000002,-0.02801770812610016,0,0.05937902043162685,-0.0007079860941626918,2,2.8500991409577114
12.329,0.0823059,-0.3083283,9.806076000000001,-0.027476107832848484,0,0.03385001832822973,-0.0006519366218342803,2,2.8500882615759835
12.344,0.1272357,-0.2798793,9.806076000000001,-0.026956815099392628,0,0.03461951556372653,-0.0005601835438260555,2,2.850079170674741
12.36,0.1272357,-0.2724237,9.830012400000001,-0.025871765476933817,0,0.06781560140367565,-0.00048281218843666774,2,2.850070826708883
12.375,0.15568469999999998,-0.2724237,9.8151012,-0.025166702393693896,0,0.047004205549326265,-0.00036560069746639084,2,2.8500644636122385
12.391,0.1466595,-0.3173535,9.8151012,-0.024449319167077377,0,0.04483645166353241,-0.00026252886995255936,2,2.850059438575699
12.407,0.1466595,-0.290376,9.764187300000001,-0.025010909004683057,0,-0.035099364850355,-0.0001582106953266424,2,2.850056072659177
12.422,0.173637,-0.290376,9.803133,-0.024598688051813866,0,0.027481396857945033,-3.028267325038206e-05,2,2.8500546589589124
12.438,0.1257642,-0.33824879999999996,9.803133,-0.02417692719362563,0,0.026360053636764722,0.0,2,2.8500544166975263
12.454,0.17069399999999998,-0.2604555,9.843550200000001,-0.022821508110759225,0,0.08471369267915023,-0.00029647507764897843,2,2.850052044896905
12.469,0.17069399999999998,-0.2769363,9.8689581,-0.020868813713104117,0,0.13017962651035103,-0.00012415249132792516,2,2.8500488901901377
12.485,0.0434583,-0.2769363,9.7821396,-0.021114063441906694,0,-0.015328108050161035,0.0,2,2.850047896970207
12.516,0.1406754,-0.3008727,9.7821396,-0.021313792058530012,0,-0.006442858600752075,-0.0006176472688247908,2,2.8500383234375404
12.532,0.1406754,-0.3008727,9.8524773,-0.019794076550372353,0,0.09498221925985365,-0.00044651021769601075,2,2.8500298101776482
12.547,0.0658251,-0.3008727,9.8046045,-0.019497605357424064,0,0.01976474619655184,-0.0002411978320044951,2,2.8500246523672756
12.563,0.1631403,-0.3173535,9.8046045,-0.019168000945919417,0,0.020600275719040422,-5.052268243124422e-05,2,2.8500223186031604
12.579,0.11978010000000001,-0.32932170000000005,9.821085300000002,-0.018450349276493583,0,0.04485322933911458,0.0,2,2.850021914421701
12.594,0.1781496,-0.315882,9.8285409,-0.01755766207532794,0,0.059512480077714314,-0.00012152956934918802,2,2.850021002949931
12.61,0.1257642,-0.290376,9.8285409,-0.0167256650846781,0,0.05199981191561504,0.0,2,2.850020030713376
12.625,0.1257642,-0.318825,9.7866522,-0.0169135208752742,0,-0.012523719373073068,-0.0001480900813288881,2,2.850018920037766
12.641,0.1302768,-0.318825,9.8704296,-0.015053258177651685,0,0.1162664186014072,0.0,2,2.8500177353171154
12.672,0.11978010000000001,-0.2858634,9.8704296,-0.013266221142828272,0,0.0576463559620445,-0.00034277624321974245,2,2.8500124222853453
12.688,0.11978010000000001,-0.2829204,9.8405091,-0.012254251499101088,0,0.06324810273294895,-4.6940024355176385e-05,2,2.8500093045552046
12.704,0.0614106,-0.2829204,9.8165727,-0.011863626153319373,0,0.024414084111357127,0.0,2,2.8500089290350097
12.719,0.1032993,-0.30685680000000004,9.8165727,-0.01145643208183067,0,0.027146271432582417,0.0,2,2.8500089290350097
12.735,0.1032993,-0.2724237,9.7627158,-0.01239693838649103,0,-0.05878164404127245,-0.00010561044608472375,2,2.850008084151441
12.75,0.1437165,-0.2724237,9.833053500000002,-0.011587333649773157,0,0.0539736491145228,0.0,2,2.850007292073095
12.766,0.15568469999999998,-0.33226469999999997,9.833053500000002,-0.010748183094236197,0,0.05244690972105998,0.0,2,2.850007292073095
12.782,0.1661814,-0.3008727,9.831582000000001,-0.00998581436099144,0,0.047648045827797206,-0.00013004859995060722,2,2.8500062516842957
12.797,0.1661814,-0.2814489,9.8016615,-0.009985426024258004,0,2.5889115562448678e-05,0.0,2,2.850005276319796
12.813,0.1571562,-0.2814489,9.749178,-0.011268065885650103,0,-0.0801649913370061,0.0,2,2.850005276319796
12.829,0.142245,-0.2679111,9.749178,-0.012534301687187721,0,-0.07913973759610109,-0.00014027977870195024,2,2.8500041540815664
12.844,0.142245,-0.3173535,9.7895952,-0.012748315824824275,0,-0.014267609175771377,0.0,2,2.850003101983226
12.86,0.0733788,-0.3173535,9.8854389,-0.010639226294042459,0,0.13181809567386338,-1.6999746992960724e-05,2,2.85000296598525
12.875,0.1107549,-0.2843919,9.8854389,-0.008597548362329732,0,0.1361118621141766,0.0,2,2.8500028384871476
12.891,0.1107549,-0.3053853,9.7806681,-0.009144392909698595,0,-0.034177784210553924,0.0,2,2.8500028384871476
12.907,0.1437165,-0.3053853,9.8120601,-0.008902242863987553,0,0.015134377856940148,0.0,2,2.8500028384871476
12.922,0.1586277,-0.2679111,9.8225568,-0.008431197319008987,0,0.03140303633190318,-7.758497465395336e-05,2,2.8500022565998377
12.938,0.1332198,-0.2918475,9.8225568,-0.00796421592099783,0,0.02918633737569729,0.0,2,2.8500016359200404
12.954,0.1332198,-0.3173535,9.830012400000001,-0.007307611477427756,0,0.04103777772312963,0.0,2,2.8500016359200404
12.969,0.1302768,-0.3173535,9.8151012,-0.007031449440722426,0,0.01841080244702346,0.0,2,2.8500016359200404
13.0,0.1122264,-0.315882,9.8151012,-0.006768615591385085,0,0.00847851126894631,-0.0001523668646452002,2,2.8499992742336384
13.016,0.1122264,-0.2514303,9.8225568,-0.006375828250439142,0,0.02454920880912146,0.0,2,2.8499980552987214
13.032,0.11673900000000001,-0.2514303,9.830012400000001,-0.005809567213365341,0,0.03539131481711252,0.0,2,2.8499980552987214
13.047,0.1406754,-0.2724237,9.827069400000001,-0.005307584878817551,0,0.033465488969851416,0.0,2,2.8499980552987214
13.063,0.11978010000000001,-0.2724237,9.843550200000001,-0.00442280971472897,0,0.055298447755536224,-1.622737652997447e-05,2,2.849997925479709
13.079,0.1302768,-0.2889045,9.8046045,-0.004494309841113875,0,-0.004468757899056537,0.0,2,2.8499977956606966
13.094,0.11526750000000001,-0.2963601,9.8046045,-0.004563223133539296,0,-0.004594219495028436,0.0,2,2.8499977956606966
