timestamps,acc_x,acc_y,acc_z,aAcc,aStages,aJerk,aVelocity,avStages,aHeight
0.047,0.08829,-0.37425150000000007,9.818044200000001,-0.015957952977249334,0,0.0,0.0,0,0.0
0.063,0.10928340000000002,-0.37425150000000007,9.845021700000002,-0.01529533398607974,0,0.04141368694809966,0.0,1,0.0
0.079,0.1332198,-0.34128990000000003,9.845021700000002,-0.0146708853572175,0,0.03902803930388998,0.0,1,0.0
0.094,0.1332198,-0.34580249999999996,9.8046045,-0.015042914042654232,0,-0.024801912362448775,-0.00021260954595204843,1,-1.594571594640363e-06
0.11,0.11978010000000001,-0.3487455,9.7971489,-0.015589269845328602,0,-0.03414723766714811,0.0,1,-3.295447962256751e-06
0.125,0.1212516,-0.3487455,9.855518400000001,-0.014699216323338149,0,0.05933690146603018,-0.00018483066332091163,1,-4.681677937163588e-06
0.141,0.0973152,-0.3712104,9.855518400000001,-0.013817341728961097,0,0.05511716214856582,0.0,1,-6.16032324373088e-06
0.157,0.0973152,-0.3547296,9.855518400000001,-0.012971769741255912,0,0.052848249231574,-0.00012727601950104158,1,-7.178531399739213e-06
0.172,0.1302768,-0.3547296,9.871999200000001,-0.011735869393602272,0,0.08239335651024275,0.0,1,-8.133101545997024e-06
0.188,0.1511721,-0.3218661,9.871999200000001,-0.01055030193743356,0,0.07409796601054446,0.0,1,-8.133101545997024e-06
0.204,0.16019730000000001,-0.33824879999999996,9.8375661,-0.01021605810910664,0,0.02089023927043245,-0.00015700356403308604,1,-9.389130058261711e-06
0.219,0.1406754,-0.3562992,9.8375661,-0.009881712580588342,0,0.02228970190121987,0.0,1,-1.0566656788509857e-05
0.235,0.1406754,-0.3562992,9.8375661,-0.009555521821058122,0,0.020386922470638797,0.0,1,-1.0566656788509857e-05
0.25,0.1406754,-0.37572300000000003,9.783611100000002,-0.010534551408893478,0,-0.06526863918902368,-0.00011391026864360698,1,-1.142098380333691e-05
0.266,0.18109260000000002,-0.3622833,9.851005800000001,-0.00984348232654142,0,0.0431918176470036,0.0,1,-1.2332265952485766e-05
0.282,0.1437165,-0.3622833,9.860031000000001,-0.008964330386312724,0,0.054946996264293585,0.0,1,-1.2332265952485766e-05
0.297,0.12272310000000002,-0.3831786,9.860031000000001,-0.008094283695715632,0,0.0580031127064728,-5.5336645845131295e-05,1,-1.2747290796324251e-05
0.313,0.12272310000000002,-0.4027005000000001,9.8120601,-0.008395450766055745,0,-0.01882294189625709,0.0,1,-1.3189983963085302e-05
0.329,0.1406754,-0.4027005000000001,9.821085300000002,-0.008463481421951968,0,-0.004251915993513929,0.0,1,-1.3189983963085302e-05
0.344,0.1362609,-0.3712104,9.821085300000002,-0.008561604604365058,0,-0.006541545494206029,0.0,1,-1.3189983963085302e-05
0.36,0.1362609,-0.39220380000000005,9.889951500000002,-0.006959275889254712,0,0.10014554469439654,-7.398116818970032e-05,1,-1.3781833308602905e-05
0.375,0.13469129999999999,-0.39220380000000005,9.8854389,-0.005506519059206738,0,0.09685045533653153,0.0,1,-1.4336692070025658e-05
0.391,0.1212516,-0.3532581,9.8854389,-0.004129222769693186,0,0.08608101809459692,0.0,1,-1.4336692070025658e-05
0.407,0.1212516,-0.3248091,9.8495343,-0.0036844825977730977,0,0.02779626074500559,0.0,1,-1.4336692070025658e-05
0.422,0.11526750000000001,-0.3367773,9.833053500000002,-0.0036442517177928124,0,0.0026820586653523507,0.0,1,-1.4336692070025658e-05
0.438,0.11673900000000001,-0.32333760000000006,9.800091900000002,-0.004419023838668323,0,-0.04842325755471939,0.0,1,-1.4336692070025658e-05
0.454,0.11673900000000001,-0.32333760000000006,9.800091900000002,-0.005174899078546957,0,-0.04724220249241458,-3.2933030302464278e-06,1,-1.436303849426763e-05
0.469,0.11673900000000001,-0.34580249999999996,9.866015100000002,-0.004286868235389818,0,0.05920205621047612,0.0,1,-1.4387738266994479e-05
0.485,0.1062423,-0.34580249999999996,9.8285409,-0.004336776575479817,0,-0.003119271255624942,0.0,1,-1.4387738266994479e-05
0.5,0.1257642,-0.33824879999999996,9.8285409,-0.004386258615637573,0,-0.003298802677183703,0.0,1,-1.4387738266994479e-05
0.516,0.1257642,-0.36826739999999997,9.8120601,-0.004809893052126313,0,-0.026477152280546232,0.0,1,-1.4387738266994479e-05
0.532,0.1122264,-0.36826739999999997,9.8076456,-0.005334784107606794,0,-0.03280569096753003,0.0,1,-1.4387738266994479e-05
0.547,0.1646118,-0.37425150000000007,9.8076456,-0.005823334714161632,0,-0.032570040436989196,0.0,1,-1.4387738266994479e-05
0.563,0.1646118,-0.37425150000000007,9.8076456,-0.00629996945226452,0,-0.029789671131430676,-4.4067435419757606e-05,1,-1.4740277750352538e-05
0.579,0.1646118,-0.36669779999999996,9.7627158,-0.007866857777813152,0,-0.09793052034678942,0.0,1,-1.5092817233710599e-05
0.594,0.16765290000000002,-0.3592422,9.9184005,-0.005606913323031648,0,0.15066296365210013,0.0,1,-1.5092817233710599e-05
0.61,0.16019730000000001,-0.34580249999999996,9.9184005,-0.0034167342818651747,0,0.13688619007290448,0.0,1,-1.5092817233710599e-05
0.625,0.16019730000000001,-0.34580249999999996,9.9184005,-0.001279974241702675,0,0.14245066934416653,0.0,1,-1.5092817233710599e-05
0.641,0.16019730000000001,-0.37425150000000007,9.8689581,-0.0003750558008537297,0,0.05655740255305903,0.0,1,-1.5092817233710599e-05
0.657,0.1646118,-0.37425150000000007,9.8674866,0.0004737023069534274,0,0.05304738173794727,0.0,1,-1.5092817233710599e-05
0.672,0.12272310000000002,-0.36826739999999997,9.8674866,0.001281408891674829,0,0.05384710564809339,0.0,1,-1.5092817233710599e-05
0.688,0.12272310000000002,-0.36071369999999997,9.8136297,0.0007500156715583017,0,-0.03321207625728315,0.0,1,-1.5092817233710599e-05
0.704,0.11821050000000001,-0.36071369999999997,9.8405091,0.0008853397772732308,0,0.008457756607183058,0.0,1,-1.5092817233710599e-05
0.719,0.16166880000000003,-0.3427614,9.8405091,0.0010167863224097573,0,0.008763103009101762,0.0,1,-1.5092817233710599e-05
0.735,0.16166880000000003,-0.3307932,9.7701714,-0.000579301544600952,0,-0.09975549168816925,0.0,1,-1.5092817233710599e-05
0.75,0.1526436,-0.34128990000000003,9.7926363,-0.0015836748443209814,0,-0.06695821998133523,0.0,1,-1.5092817233710599e-05
0.766,0.1497006,-0.34128990000000003,9.8151012,-0.0020171295906905584,0,-0.02709092164809854,0.0,1,-1.5092817233710599e-05
0.782,0.13469129999999999,-0.33226469999999997,9.8151012,-0.0024528599621138625,0,-0.02723314821395648,0.0,1,-1.5092817233710599e-05
0.797,0.13469129999999999,-0.3278502,9.8689581,-0.0015688491388488046,0,0.05893405488433714,0.0,1,-1.5092817233710599e-05
0.813,0.20355750000000003,-0.3278502,9.848062800000001,-0.0011868868733095894,0,0.023872641596201095,0.0,1,-1.5092817233710599e-05
0.829,0.1302768,-0.33981839999999996,9.900448200000001,0.00044220101034397885,0,0.10181799272834792,0.0,1,-1.5092817233710599e-05
0.86,0.10182780000000001,-0.33981839999999996,9.888480000000001,0.0017317069280000652,0,0.04159696508568017,0.0,1,-1.5092817233710599e-05
0.875,0.10477080000000001,-0.37268190000000007,9.818044200000001,0.0013027457976590995,0,-0.02859740868939769,0.0,1,-1.5092817233710599e-05
0.891,0.10477080000000001,-0.37268190000000007,9.818044200000001,0.0008842471339125524,0,-0.02615616648415917,0.0,1,-1.5092817233710599e-05
0.907,0.11978010000000001,-0.3652263,9.843550200000001,0.0010949332223582076,0,0.013167880527853436,0.0,1,-1.5092817233710599e-05
0.922,0.09584369999999999,-0.3652263,9.783611100000002,-0.0001667571500494347,0,-0.08411269149384275,0.0,1,-1.5092817233710599e-05
0.938,0.10477080000000001,-0.3503151,9.783611100000002,-0.0014087337426023083,0,-0.07762353703455507,0.0,1,-1.5092817233710599e-05
0.954,0.10477080000000001,-0.3652263,9.7656588,-0.003044658945164258,0,-0.10224532516012176,0.0,1,-1.5092817233710599e-05
0.969,0.16912439999999998,-0.3652263,9.8165727,-0.0033779355155107993,0,-0.022218438023102728,0.0,1,-1.5092817233710599e-05
0.985,0.1287072,-0.33981839999999996,9.8165727,-0.003740263425436652,0,-0.02264549437036576,-1.3613812889791063e-05,1,-1.5201727736828927e-05
1.0,0.1287072,-0.36669779999999996,9.8016615,-0.004433581905571415,0,-0.046221232008984196,0.0,1,-1.530383133350236e-05
1.016,0.145188,-0.36669779999999996,9.830012400000001,-0.004413450490240223,0,0.0012582134581995408,0.0,1,-1.530383133350236e-05
1.032,0.10477080000000001,-0.315882,9.830012400000001,-0.004449336460741193,0,-0.002242873156310663,0.0,1,-1.530383133350236e-05
1.047,0.10477080000000001,-0.344331,9.8240283,-0.004606916040197362,0,-0.01050530529707797,0.0,1,-1.530383133350236e-05
1.063,0.1482291,-0.3547296,9.8854389,-0.003241315104885345,0,0.08535005845700099,0.0,1,-1.530383133350236e-05
1.079,0.11673900000000001,-0.3547296,9.8165727,-0.0035977650922909277,0,-0.022278124212848895,0.0,1,-1.530383133350236e-05
1.094,0.0748503,-0.3847482,9.8165727,-0.00392792786164442,0,-0.022010851290232652,0.0,1,-1.530383133350236e-05
1.11,0.0748503,-0.3532581,9.8674866,-0.003037920072479494,0,0.05562548682280783,-1.418607276931251e-05,1,-1.541731991565686e-05
1.125,0.1466595,-0.3532581,9.834525,-0.002953311277378745,0,0.005640586340049972,0.0,1,-1.5523715461426703e-05
1.141,0.1482291,-0.35178660000000006,9.834525,-0.0028714781163490244,0,0.00511457256435754,0.0,1,-1.5523715461426703e-05
1.157,0.1482291,-0.3547296,9.8285409,-0.0029349066654358325,0,-0.0039642843179255,0.0,1,-1.5523715461426703e-05
1.172,0.1377324,-0.3547296,9.862974000000001,-0.0021613046146278236,0,0.05157347005386759,0.0,1,-1.5523715461426703e-05
1.188,0.1377324,-0.3547296,9.862974000000001,-0.0014065709065231857,0,0.04717085675653983,0.0,1,-1.5523715461426703e-05
1.204,0.1377324,-0.3562992,9.862974000000001,-0.0006688664457925597,0,0.046106528795664084,0.0,1,-1.5523715461426703e-05
1.219,0.1392039,-0.3248091,9.818044200000001,-0.0010702953714467611,0,-0.026761928376946537,0.0,1,-1.5523715461426703e-05
1.235,0.1661814,-0.3248091,9.827069400000001,-0.0012317318675272304,0,-0.010089781005029322,0.0,1,-1.5523715461426703e-05
1.25,0.15421320000000002,-0.3278502,9.827069400000001,-0.0013915248004376934,0,-0.010652862194030938,0.0,1,-1.5523715461426703e-05
1.266,0.15421320000000002,-0.39220380000000005,9.888480000000001,6.4906025549760216e-06,0,0.08737596268704176,0.0,1,-1.5523715461426703e-05
1.282,0.15421320000000002,-0.39220380000000005,9.888480000000001,0.0013704080688885512,0,0.08524484164584838,0.0,1,-1.5523715461426703e-05
1.297,0.145188,-0.39220380000000005,9.886910400000001,0.002659481050516277,0,0.08593819877518227,0.0,1,-1.5523715461426703e-05
1.313,0.1406754,-0.36071369999999997,9.886910400000001,0.0038863029745890287,0,0.07667637025454692,0.0,1,-1.5523715461426703e-05
1.329,0.1406754,-0.30685680000000004,9.8809263,0.004893016718829912,0,0.06291960901505517,0.0,1,-1.5523715461426703e-05
1.344,0.12272310000000002,-0.30685680000000004,9.8734707,0.005687601516555674,0,0.05297231984838365,0.0,1,-1.5523715461426703e-05
1.36,0.1466595,-0.347274,9.8734707,0.0065033990961165244,0,0.05098734872255312,0.0,1,-1.5523715461426703e-05
1.375,0.1497006,-0.37866600000000006,9.8854389,0.0076201962355426645,0,0.07445314262840982,0.0,1,-1.5523715461426703e-05
1.391,0.1497006,-0.3592422,9.7821396,0.006174562686839025,0,-0.0903520967939774,0.0,1,-1.5523715461426703e-05
1.407,0.1437165,-0.3592422,9.8105886,0.005455338721613856,0,-0.044951497826573,0.0,1,-1.5523715461426703e-05
1.422,0.1212516,-0.36071369999999997,9.8105886,0.004747579090670584,0,-0.04718397539621845,0.0,1,-1.5523715461426703e-05
1.438,0.1212516,-0.34580249999999996,9.8464932,0.004919109685388889,0,0.010720662169894082,6.150051597328746e-06,1,-1.5474515048648074e-05
1.454,0.11821050000000001,-0.34580249999999996,9.743193900000001,0.0025678120469727617,0,-0.14695610240100784,0.0,1,-1.5425314635869444e-05
1.469,0.1002582,-0.34128990000000003,9.743193900000001,0.0002650792840608318,0,-0.1535155175274607,0.0,1,-1.5425314635869444e-05
1.485,0.1002582,-0.31136939999999996,9.8674866,0.0010239272226808538,0,0.04742799616375133,0.0,1,-1.5425314635869444e-05
1.5,0.1586277,-0.31136939999999996,9.8105886,0.0003960496255679402,0,-0.041858506474194514,0.0,1,-1.5425314635869444e-05
1.516,0.1392039,-0.3652263,9.8105886,-0.00017843598403288752,0,-0.0359053506000517,0.0,1,-1.5425314635869444e-05
1.532,0.1497006,-0.37866600000000006,9.8524773,0.0002980746853520344,0,0.029781916836557593,0.0,1,-1.5425314635869444e-05
1.547,0.1497006,-0.3891627,9.831582000000001,0.0002637457440872737,0,-0.002288596084317396,0.0,1,-1.5425314635869444e-05
1.563,0.1122264,-0.3891627,9.8405091,0.00043563933007995104,0,0.010743349124542324,0.0,1,-1.5425314635869444e-05
1.579,0.1272357,-0.37572300000000003,9.8405091,0.0005950618479495517,0,0.009963907366850036,0.0,1,-1.5425314635869444e-05
1.594,0.1272357,-0.3338343,9.8615025,0.0012254864923395559,0,0.042028309625999925,0.0,1,-1.5425314635869444e-05
1.61,0.1317483,-0.3338343,9.877983300000002,0.00224368446512635,0,0.06363737329917457,0.0,1,-1.5425314635869444e-05
1.625,0.1466595,-0.3712104,9.877983300000002,0.003274679113705048,0,0.06873297657191366,0.0,1,-1.5425314635869444e-05
1.641,0.1466595,-0.37572300000000003,9.8495343,0.0035913867131576183,0,0.019794224965785628,0.0,1,-1.5425314635869444e-05
1.657,0.15421320000000002,-0.37572300000000003,9.8584614,0.004120730737289691,0,0.033084001508254496,0.0,1,-1.5425314635869444e-05
1.672,0.1661814,-0.3622833,9.845021700000002,0.004302114497258813,0,0.012092250664608251,0.0,1,-1.5425314635869444e-05
1.688,0.1437165,-0.3367773,9.845021700000002,0.0044483872743636965,0,0.009142048569055197,0.0,1,-1.5425314635869444e-05
1.704,0.1437165,-0.33981839999999996,9.888480000000001,0.005652857636137654,0,0.07527939761087225,4.241233682369082e-05,1,-1.5086015941279917e-05
1.719,0.142245,-0.33981839999999996,10.023171300000001,0.010110338976843991,0,0.29716542271375335,0.0,1,-1.4767923415102232e-05
1.735,0.12272310000000002,-0.3562992,10.023171300000001,0.014466761005591522,0,0.27227637679672045,0.0,1,-1.4767923415102232e-05
1.75,0.12272310000000002,-0.3262806,10.0216998,0.018656146468762458,0,0.2792923642113975,0.00010567491733819243,1,-1.3975361535065795e-05
1.766,0.11978010000000001,-0.3262806,9.8824959,0.019349335600175266,0,0.04332432071330046,0.0,1,-1.3129962196360254e-05
1.782,0.09878670000000002,-0.3503151,9.8824959,0.02004001319624571,0,0.04316734975440269,0.0002248335642610626,1,-1.1331293682271753e-05
1.797,0.09878670000000002,-0.36669779999999996,9.731225700000001,0.017041576635644873,0,-0.19989577070672376,2.9454880002399014e-06,1,-9.622950790311995e-06
1.813,0.1062423,-0.36669779999999996,9.678840300000001,0.012841481648921516,0,-0.2625059366702096,0.0,1,-9.599386886310075e-06
1.829,0.11978010000000001,-0.36669779999999996,9.695321100000001,0.009149332692976131,0,-0.23075930974658634,0.0,1,-9.599386886310075e-06
1.844,0.11978010000000001,-0.3817071,9.695321100000001,0.005561353870239927,0,-0.23919858818241163,2.8266618236074195e-05,1,-9.387387249539517e-06
1.86,0.11978010000000001,-0.34128990000000003,9.8689581,0.00625631573630514,0,0.0434351166290758,0.0,1,-9.161254303650923e-06
1.875,0.1212516,-0.34128990000000003,9.955776600000002,0.009050877514813038,0,0.18630411856719442,0.0,1,-9.161254303650923e-06
1.891,0.1317483,-0.2934171,9.955776600000002,0.011743332612434543,0,0.1682784436013439,0.0,1,-9.161254303650923e-06
1.907,0.1317483,-0.35777070000000005,9.987266700000001,0.015188908547063562,0,0.21534849591431351,0.00011942353476578592,1,-8.205866025524634e-06
1.922,0.1317483,-0.35777070000000005,9.987266700000001,0.01855044604426226,0,0.2241024998132479,0.0,1,-7.310189514781245e-06
1.938,0.1497006,-0.35777070000000005,9.7672284,0.016473504852593024,0,-0.12980882447932707,0.00015266030137557098,1,-6.088907103776677e-06
1.954,0.1526436,-0.3907323,9.7672284,0.014479109156837922,0,-0.12464973098469379,0.0,1,-4.867624692772108e-06
1.969,0.1526436,-0.36375480000000004,9.7507476,0.012106322862853958,0,-0.15818575293226295,9.96719535987095e-05,1,-4.120085040781781e-06
1.985,0.1482291,-0.3307932,9.7866522,0.010636258281243371,0,-0.09187903635066155,0.0,1,-3.3227094119921038e-06
2.0,0.1526436,-0.3307932,9.8615025,0.011028065915050789,0,0.026120508920494653,0.0,1,-3.3227094119921038e-06
2.016,0.1661814,-0.3173535,9.8615025,0.011404886239663625,0,0.023551270288302263,0.00012355865146140843,1,-2.3342402003008354e-06
2.032,0.1661814,-0.3367773,9.9258561,0.01335668777883825,0,0.12198759619841393,0.0,2,-1.345770988609567e-06
2.047,0.16166880000000003,-0.3367773,9.854046900000002,0.013508872250509896,0,0.010145631444776305,2.314294382953566e-05,2,-1.1721989098880481e-06
2.063,0.1646118,-0.38023560000000006,9.854046900000002,0.013697064501782208,0,0.011762015704519502,0.0,3,-9.870553592517628e-07
2.079,0.1646118,-0.34580249999999996,9.7686999,0.011769702940526372,0,-0.12046009757848963,0.0,3,-9.870553592517628e-07
2.094,0.1721655,-0.34580249999999996,9.735738300000001,0.009089212016510473,0,-0.1786993949343971,0.00010096643956411522,3,-2.2980706252091478e-07
2.11,0.1497006,-0.36826739999999997,9.735738300000001,0.006485126542095543,0,-0.16275534215093299,0.0,3,5.779244539920077e-07
2.125,0.1497006,-0.38023560000000006,9.711801900000001,0.003372467176344429,0,-0.20751062438340587,0.0,3,5.779244539920077e-07
2.141,0.113796,-0.344331,9.8255979,0.0030648158295587535,0,-0.01922820917410471,0.0,3,5.779244539920077e-07
2.157,0.1317483,-0.344331,9.9033912,0.004666209292260248,0,0.10008709141884334,0.0,3,5.779244539920077e-07
2.172,0.10477080000000001,-0.36375480000000004,9.9033912,0.0062376171273133,0,0.10476052233686922,0.0,3,5.779244539920077e-07
2.188,0.10477080000000001,-0.36375480000000004,9.9064323,0.007844817003711313,0,0.10044999227487575,0.00010727773713804095,3,1.436146351096336e-06
2.204,0.1062423,-0.36375480000000004,9.8016615,0.006859701026234788,0,-0.06156974859228276,0.0,3,2.2943682482006642e-06
2.219,0.10477080000000001,-0.3592422,9.8016615,0.005894169930137139,0,-0.06436873973984467,0.0,3,2.2943682482006642e-06
2.235,0.10477080000000001,-0.34580249999999996,9.7791966,0.004392855619876457,0,-0.09383214439129253,0.0,3,2.2943682482006642e-06
2.25,0.11526750000000001,-0.34580249999999996,9.7417224,0.0020176688545099353,0,-0.15834578435776678,0.0,3,2.2943682482006642e-06
2.266,0.11673900000000001,-0.34580249999999996,9.7417224,-0.00029915944890390733,0,-0.14480176896336502,0.0,3,2.2943682482006642e-06
2.282,0.11673900000000001,-0.34128990000000003,9.8240283,-0.0005572606826547144,0,-0.016131327109425428,0.0,3,2.2943682482006642e-06
2.297,0.1482291,-0.37866600000000006,9.8615025,0.00014788717995806167,0,0.047009857507518016,0.0,3,2.2943682482006642e-06
2.313,0.2006145,-0.37866600000000006,9.910846800000002,0.002060805266635768,0,0.11955738041735653,0.0,3,2.2943682482006642e-06
2.329,0.1781496,-0.3278502,9.910846800000002,0.0038724646101329085,0,0.11322870896857119,1.990516301745779e-05,3,2.453609552340327e-06
2.344,0.1781496,-0.33824879999999996,9.7701714,0.0022199329825287606,0,-0.11016877517361222,0.0,3,2.602898274971257e-06
2.36,0.1482291,-0.33824879999999996,9.743193900000001,-6.199012556606931e-05,0,-0.14262019425592673,0.0,3,2.602898274971257e-06
2.375,0.1526436,-0.37425150000000007,9.743193900000001,-0.00225451336241278,0,-0.1461682157897795,0.0,3,2.602898274971257e-06
2.391,0.1526436,-0.3427614,9.698362200000002,-0.005514441136726944,0,-0.20374548589463506,0.0,3,2.602898274971257e-06
2.407,0.16765290000000002,-0.3427614,9.8120601,-0.005917817461446262,0,-0.025211020294957344,0.0,3,2.602898274971257e-06
2.422,0.1511721,-0.3338343,9.8120601,-0.006325382786444678,0,-0.02717102166656082,0.0,3,2.602898274971257e-06
2.438,0.1511721,-0.3367773,9.957248100000001,-0.003181852545223407,0,0.19647064007632925,0.0,3,2.602898274971257e-06
2.454,0.15421320000000002,-0.35178660000000006,9.922913099999999,-0.0009380230897502173,0,0.14023934096707424,0.0,3,2.602898274971257e-06
2.469,0.1032993,-0.35178660000000006,9.8495343,-0.0005535201704311987,0,0.025633527954601786,0.0,3,2.602898274971257e-06
2.485,0.1362609,-0.3652263,9.8495343,-0.0001567033699050313,0,0.024801050032885442,0.0,3,2.602898274971257e-06
2.5,0.1362609,-0.3831786,9.8016615,-0.0009195738240244111,0,-0.0508580302746249,0.0,3,2.602898274971257e-06
2.516,0.0973152,-0.3831786,9.746235,-0.003025907651728943,0,-0.13164586423153313,0.0,3,2.602898274971257e-06
2.532,0.1287072,-0.3817071,9.746235,-0.005073403979929836,0,-0.1279685205125557,0.0,3,2.602898274971257e-06
2.547,0.1287072,-0.37572300000000003,9.771642900000002,-0.006457435678273171,0,-0.09226877988955492,0.0,3,2.602898274971257e-06
2.563,0.09427410000000001,-0.37572300000000003,9.8524773,-0.005847248880252565,0,0.03813667487628788,-9.518024320508784e-05,3,1.8414563293305537e-06
2.579,0.09584369999999999,-0.33226469999999997,9.8524773,-0.005289632863183513,0,0.034851001066815684,0.0,3,1.0800143836898503e-06
2.594,0.16912439999999998,-0.3083283,9.851005800000001,-0.004776433286716397,0,0.03421330509780846,0.0,3,1.0800143836898503e-06
2.61,0.16912439999999998,-0.3083283,9.851005800000001,-0.004275750773089726,0,0.031292657101666926,0.0,3,1.0800143836898503e-06
2.625,0.16912439999999998,-0.3592422,9.874942200000001,-0.0031618919253908473,0,0.07425725651325796,0.0,3,1.0800143836898503e-06
2.641,0.1466595,-0.3592422,9.8105886,-0.0036523360255209525,0,-0.030652756258131547,0.0,3,1.0800143836898503e-06
2.657,0.1661814,-0.37572300000000003,9.8105886,-0.004108188258735268,0,-0.0284907645758947,-4.56860387522233e-06,3,1.0434655526880716e-06
2.672,0.1661814,-0.3248091,9.7956774,-0.004960659495134578,0,-0.05683141575995355,0.0,3,1.0092010236239037e-06
2.688,0.17069399999999998,-0.3248091,9.7567317,-0.006739674273621432,0,-0.11118842365542826,0.0,3,1.0092010236239037e-06
2.704,0.12272310000000002,-0.32932170000000005,9.7567317,-0.008489192692097802,0,-0.10934490115477304,0.0,0,1.0092010236239037e-06
2.719,0.12272310000000002,-0.3562992,9.8644455,-0.007547707323203312,0,0.06276569125963402,0.0,0,1.0092010236239037e-06
2.735,0.1332198,-0.3562992,9.9153594,-0.005384981233151009,0,0.1351703806282688,-1.1756826470640108e-05,0,9.151464118587828e-07
2.75,0.11673900000000001,-0.35178660000000006,9.9153594,-0.0032839947851748263,0,0.14006576319841105,0.0,0,8.269702133289813e-07
2.766,0.1302768,-0.33824879999999996,9.8794548,-0.0021167586160260043,0,0.0729522605718013,0.0,0,8.269702133289813e-07
2.782,0.1302768,-0.3592422,9.855518400000001,-0.0015433069433310465,0,0.035840729543434834,0.0,0,8.269702133289813e-07
2.797,0.11821050000000001,-0.3592422,9.8285409,-0.0016450517933179754,0,-0.006782989999128537,0.0,0,8.269702133289813e-07
2.813,0.1646118,-0.36071369999999997,9.8285409,-0.001726730968636403,0,-0.005104948457401721,0.0,0,8.269702133289813e-07
2.829,0.1646118,-0.34128990000000003,9.8255979,-0.0018950508441264446,0,-0.010519992218127596,0.0,0,8.269702133289813e-07
2.844,0.16166880000000003,-0.34128990000000003,9.8091171,-0.0024621299493148285,0,-0.0378052736792264,0.0,0,8.269702133289813e-07
2.86,0.1646118,-0.3712104,9.8091171,-0.002987702222528199,0,-0.03284826707583563,0.0,1,8.269702133289813e-07
2.875,0.1646118,-0.32932170000000005,9.851005800000001,-0.0025159496537128234,0,0.03145017125435812,0.0,1,8.269702133289813e-07
2.891,0.142245,-0.3622833,9.749178,-0.004517641936168104,0,-0.12510576765345494,0.0,1,8.269702133289813e-07
2.907,0.08377740000000002,-0.347274,9.8255979,-0.004637683267494808,0,-0.00750258320791896,0.0,1,8.269702133289813e-07
2.922,0.08377740000000002,-0.347274,9.8255979,-0.004754796761472946,0,-0.007807566265209148,-4.663174237812262e-05,1,4.772321454930587e-07
2.938,0.08377740000000002,-0.3622833,9.845021700000002,-0.004382431638173756,0,0.023272820206199342,0.0,1,1.0417820646807742e-07
2.954,0.16166880000000003,-0.3622833,9.827069400000001,-0.004432990058713671,0,-0.003159901283744657,0.0,1,1.0417820646807742e-07
2.969,0.1482291,-0.3592422,9.827069400000001,-0.004490200603447292,0,-0.0038140363155748347,0.0,1,1.0417820646807742e-07
2.985,0.1482291,-0.35178660000000006,9.843550200000001,-0.004150921002278096,0,0.02120497507307471,0.0,1,1.0417820646807742e-07
3.0,0.0898596,-0.35178660000000006,9.848062800000001,-0.00372713260985158,0,0.028252559495100846,0.0,1,1.0417820646807742e-07
3.016,0.1466595,-0.3622833,9.848062800000001,-0.0032877817751995053,0,0.027459427165754644,0.0,1,1.0417820646807742e-07
3.032,0.1466595,-0.3248091,9.8120601,-0.003768546689782326,0,-0.03004780716142627,0.0,1,1.0417820646807742e-07
3.047,0.1437165,-0.3248091,9.827069400000001,-0.0038728058183199465,0,-0.006950608569174638,-5.527133466440813e-05,1,-3.10356803514987e-07
3.063,0.18413369999999998,-0.34128990000000003,9.830012400000001,-0.0038727517996530736,0,3.3761666795584203e-06,0.0,1,-7.525274808302525e-07
3.079,0.12272310000000002,-0.3173535,9.830012400000001,-0.003915606525509929,0,-0.002678420366053478,0.0,1,-7.525274808302525e-07
3.094,0.1497006,-0.33981839999999996,9.8689581,-0.002980780295276375,0,0.06232174868223827,0.0,1,-7.525274808302525e-07
3.11,0.1497006,-0.33981839999999996,9.8689581,-0.0020687547048048316,0,0.05700159940447142,0.0,1,-7.525274808302525e-07
3.125,0.0898596,-0.3367773,9.8689581,-0.0011992172261123812,0,0.05796916524616288,0.0,1,-7.525274808302525e-07
3.141,0.0898596,-0.3503151,9.851005800000001,-0.0007769679632279036,0,0.026390578930279827,0.0,1,-7.525274808302525e-07
3.157,0.16765290000000002,-0.3503151,9.855518400000001,-0.00023025773537277416,0,0.034169389240945564,0.0,1,-7.525274808302525e-07
3.172,0.11978010000000001,-0.37425150000000007,9.855518400000001,0.0003075485495322994,0,0.03585375232700461,0.0,1,-7.525274808302525e-07
3.188,0.11978010000000001,-0.37425150000000007,9.855518400000001,0.0008322376079767935,0,0.03279306615278085,0.0,1,-7.525274808302525e-07
3.219,0.11821050000000001,-0.3562992,9.833053500000002,0.000779924926451514,0,-0.0016875058556541926,0.0,1,-7.525274808302525e-07
3.235,0.09133110000000001,-0.3592422,9.7866522,-0.0004064143030326761,0,-0.07414620184276181,0.0,1,-7.525274808302525e-07
3.25,0.09133110000000001,-0.3592422,9.7866522,-0.001563818429358932,0,-0.07716027508841641,0.0,1,-7.525274808302525e-07
3.266,0.09133110000000001,-0.37425150000000007,9.7327953,-0.003991845654208959,0,-0.15175170155312653,0.0,1,-7.525274808302525e-07
3.282,0.1437165,-0.37425150000000007,9.723770100000001,-0.006565177251184551,0,-0.16083322481097437,0.0,1,-7.525274808302525e-07
3.297,0.1332198,-0.3487455,9.7208271,-0.009174224385677832,0,-0.17393647563288395,-4.4088098995288816e-05,1,-1.0831882232949214e-06
3.313,0.1332198,-0.3487455,9.7208271,-0.011719636224206909,0,-0.15908823990806717,0.0,1,-1.4358930152572323e-06
3.329,0.11978010000000001,-0.3487455,9.716314500000001,-0.014317211744794278,0,-0.16234847003671046,0.0,1,-1.4358930152572323e-06
3.344,0.1631403,-0.36973890000000004,9.716314500000001,-0.016817130311553186,0,-0.16666123778393072,-0.0001530413330489773,1,-2.5837030131245377e-06
3.36,0.1631403,-0.33981839999999996,9.686394000000002,-0.020011918308203036,0,-0.1996742497906155,0.0,1,-3.808033677516357e-06
3.375,0.1437165,-0.33981839999999996,9.6654006,-0.02364794540332049,0,-0.2424018063411617,-0.00027512269984345666,1,-5.871453926342299e-06
3.391,0.1571562,-0.3367773,9.5426775,-0.030183792610293025,0,-0.40849045043578297,-0.00020577660395236508,1,-9.718648356708878e-06
3.407,0.1571562,-0.32932170000000005,9.4932351,-0.03777159767590099,0,-0.47423781660049746,-0.000249419726241918,1,-1.3360218998263145e-05
3.422,0.1571562,-0.32932170000000005,9.4932351,-0.0451743343252744,0,-0.4935157766248899,-0.0003715142162507377,1,-1.8017223566958102e-05
3.438,0.11978010000000001,-0.32932170000000005,9.4857795,-0.05259152379081833,0,-0.4635743415964951,-0.000653641081179481,1,-2.6218465946399857e-05
3.454,0.15568469999999998,-0.33530580000000004,9.4857795,-0.05980999048504998,0,-0.4511541683894778,-0.001052853195386426,1,-3.987042015892712e-05
3.469,0.15568469999999998,-0.3876912,9.4319226,-0.06811605029648149,0,-0.5537373207621125,-0.0015122985012478913,1,-5.910905788368409e-05
3.485,0.09427410000000001,-0.3876912,9.377967600000002,-0.0775541448158954,1,-0.5898809074633687,-0.0026776600621469054,1,-9.26287263908425e-05
3.5,0.1511721,-0.42065280000000005,9.4154418,-0.08579631427868151,1,-0.549477964185736,-0.0039027885053562407,1,-0.00014198209064711652
3.516,0.1511721,-0.42065280000000005,9.4154418,-0.09383745521798481,1,-0.502571308706456,-0.005339858661329572,1,-0.00021592326798060307
3.532,0.1257642,-0.42065280000000005,9.337550400000001,-0.10358928532424017,1,-0.6094893816409591,-0.006919272585667373,1,-0.0003139963179565787
3.547,0.1482291,-0.3367773,9.2627001,-0.11500231832004992,1,-0.7608688663873109,-0.008558709612999562,1,-0.00043008118444658167
3.563,0.1571562,-0.35777070000000005,9.2627001,-0.12611421747337026,1,-0.6944936970825204,-0.010487641899346926,1,-0.0005824519965453537
3.594,0.18266220000000002,-0.347274,9.2387637,-0.13753671853531912,1,-0.36846777619190246,-0.01457423140748157,1,-0.0009709110328011915
3.61,0.12272310000000002,-0.3562992,9.2387637,-0.14869638840197652,1,-0.6974793666660866,-0.016864096262979935,1,-0.0012224176541648839
3.625,0.12272310000000002,-0.36973890000000004,9.252301500000002,-0.1592411045964255,1,-0.7029810796299253,-0.019173627460467968,1,-0.0014927005820907454
3.641,0.1302768,-0.36973890000000004,9.145961100000001,-0.1721174322434358,1,-0.804770477938143,-0.02182449575518686,1,-0.0018206855678159842
3.657,0.16019730000000001,-0.3532581,9.1040724,-0.18570475245963003,1,-0.8492075135121394,-0.024687073232811385,1,-0.0021927781197199703
3.672,0.16019730000000001,-0.3532581,9.1040724,-0.19896067462177136,1,-0.8837281441427481,-0.027572063935921924,1,-0.0025847216484854735
3.688,0.1257642,-0.3532581,8.9873334,-0.2147513090523141,1,-0.9869146519089202,-0.03088175980531461,1,-0.0030523522384153664
3.704,0.20355750000000003,-0.347274,8.9873334,-0.23012775850294886,1,-0.961028090664672,-0.03444079234575671,1,-0.0035749326556239374
3.719,0.142245,-0.3487455,8.9873334,-0.24515652664246979,1,-1.0019178759680827,-0.038005424484347274,1,-0.004118279281849706
3.735,0.142245,-0.3143124,8.896002300000001,-0.26207562609663704,1,-1.0574437158854524,-0.042063281706260135,1,-0.004758828931374566
3.75,0.1437165,-0.3143124,8.9708526,-0.27675723580733447,1,-0.9787739807131539,-0.046104528170539956,1,-0.005420087505450572
3.766,0.1437165,-0.36071369999999997,8.9708526,-0.2910382134205278,1,-0.8925611008245841,-0.05064689176436286,1,-0.006194098864929795
3.782,0.1437165,-0.32932170000000005,8.960355900000001,-0.3052561077717222,1,-0.8886183969496467,-0.05541724633390086,1,-0.0070426119697159055
3.797,0.1302768,-0.32932170000000005,8.870594400000002,-0.32131981157017364,1,-1.0709135865634216,-0.06011656572896512,1,-0.007909115560187408
3.813,0.13469129999999999,-0.3532581,8.870594400000002,-0.33696766826895974,1,-0.9779910436741304,-0.0653828655676782,1,-0.008913111010560556
3.829,0.13469129999999999,-0.3712104,8.858626200000002,-0.35250762476620245,1,-0.9712472810776687,-0.07089866791195949,1,-0.010003363278397659
3.844,0.1272357,-0.35178660000000006,8.777791800000001,-0.3696603571566346,1,-1.1435154926955,-0.07631492777638066,1,-0.011107465246060187
3.86,0.1631403,-0.35178660000000006,8.7957441,-0.38594282386370793,1,-1.0176541691920828,-0.0823597532245434,1,-0.01237686269406758
3.875,0.1631403,-0.35178660000000006,8.7957441,-0.40182815723646215,1,-1.0590222248502723,-0.08826803558279472,1,-0.013656571110122627
3.891,0.1482291,-0.36826739999999997,8.725308300000002,-0.41903222243422533,1,-1.0752540748601982,-0.09483491862016023,1,-0.01512139474374627
3.907,0.16765290000000002,-0.36826739999999997,8.8286076,-0.43329128786943727,1,-0.8911915897007453,-0.10165350670258955,1,-0.01669330214632827
3.922,0.1466595,-0.33981839999999996,8.8286076,-0.44723947600227554,1,-0.9298792088558768,-0.10825748743162744,1,-0.01826763460233491
3.938,0.1466595,-0.33981839999999996,8.8286076,-0.4608474644245568,1,-0.8504992763925793,-0.1155221829550421,1,-0.020057871965428267
3.954,0.1571562,-0.3622833,8.7747507,-0.4754096458791448,1,-0.9101363409117483,-0.12301223983747173,1,-0.02196614734776838
3.969,0.1272357,-0.3532581,8.7747507,-0.4896374333146074,1,-0.9485191623641936,-0.13025009293142473,1,-0.02386561484353506
3.985,0.1272357,-0.3547296,8.780734800000001,-0.5033709356491531,1,-0.8583438959091075,-0.13819415988313483,1,-0.02601316886605154
4.0,0.1272357,-0.3547296,8.780734800000001,-0.5167694745121238,1,-0.89323592419804,-0.14584521295934447,1,-0.028143464162370152
4.016,0.1721655,-0.36375480000000004,8.7193242,-0.531309795975389,1,-0.908770091454069,-0.15422984712324458,1,-0.030544064643030867
4.032,0.09427410000000001,-0.36375480000000004,8.6460435,-0.547310135461089,1,-1.0000212178562498,-0.16285880657473642,1,-0.03308077387261472
4.047,0.11526750000000001,-0.37866600000000006,8.6460435,-0.5628984251327935,1,-1.0392193114469928,-0.17118537077919035,1,-0.035586105202769114
4.063,0.11526750000000001,-0.3262806,8.7013719,-0.5768101517476634,1,-0.8694829134293639,-0.180303039394234,1,-0.03839801248415651
4.079,0.17069399999999998,-0.3262806,8.7013719,-0.5903603728326416,1,-0.8468888178111414,-0.18964040359087644,1,-0.04135756002803739
4.094,0.1032993,-0.34580249999999996,8.7013719,-0.6035875857627335,1,-0.8818141953394253,-0.1985950132803421,1,-0.044269325654571645
4.11,0.1032993,-0.31284090000000003,8.7747507,-0.6147341305611924,1,-0.69665904990368,-0.20834158701093353,1,-0.04752481845690185
4.125,0.16166880000000003,-0.31284090000000003,8.707356,-0.6272297708059877,1,-0.8330426829863727,-0.21765631627118717,1,-0.05071980273151769
4.141,0.0868185,-0.3831786,8.707356,-0.6393781616059009,1,-0.7592744249945709,-0.2277891797304823,1,-0.054283366699531044
4.157,0.0868185,-0.36669779999999996,8.6864607,-0.6517567058525522,1,-0.7736590154157057,-0.23811825867014993,1,-0.0580106262067361
4.172,0.1392039,-0.3427614,8.6774355,-0.6640604734268152,1,-0.8202511716175502,-0.24798688751474496,1,-0.061656414803122735
4.188,0.1287072,-0.3427614,8.650556100000001,-0.6767231082746719,1,-0.7914146779910418,-0.2587131561683569,1,-0.06571001515258755
4.204,0.15421320000000002,-0.318825,8.650556100000001,-0.6890890396540588,1,-0.772870711211681,-0.26963965335178675,1,-0.06993683762874871
4.219,0.15421320000000002,-0.36071369999999997,8.7373746,-0.6989978999066722,1,-0.6605906835075346,-0.2800503053984926,1,-0.07405951231937596
4.235,0.13469129999999999,-0.36071369999999997,8.7058845,-0.7094402486338929,1,-0.6526467954512943,-0.29131781058681716,1,-0.07863045724725845
4.25,0.15568469999999998,-0.3367773,8.7058845,-0.7196427395486182,1,-0.6801660609817052,-0.30203593299818576,1,-0.08308061032414588
4.266,0.15568469999999998,-0.3831786,8.707356,-0.729513790924333,1,-0.6169407109821717,-0.31362918524196937,1,-0.08800593127006712
4.282,0.1482291,-0.3831786,8.6894037,-0.7395846282257601,1,-0.6294273313391935,-0.3253819725951701,1,-0.09311802053276423
4.297,0.16019730000000001,-0.36669779999999996,8.6894037,-0.7494219861592573,1,-0.6558238622331579,-0.3365495222030575,1,-0.09808250674375084
4.313,0.16019730000000001,-0.3562992,8.6864607,-0.7591016569943143,1,-0.6049794271910652,-0.34861771134828606,1,-0.10356384461216159
4.329,0.1571562,-0.37268190000000007,8.7283494,-0.7675092675677568,1,-0.5254756608401574,-0.3608305987447826,1,-0.10923943109290614
4.344,0.1482291,-0.37268190000000007,8.644572,-0.7777567959418388,1,-0.6831685582721033,-0.37242009422110506,1,-0.11473881129015051
4.36,0.1272357,-0.38023560000000006,8.644572,-0.787754519362009,1,-0.6248577137606398,-0.38494418474353587,1,-0.12079772552186764
4.375,0.1272357,-0.33981839999999996,8.6984289,-0.7962369771191238,1,-0.5654971838076627,-0.3968241209671441,1,-0.12666098781469762
4.391,0.1482291,-0.33981839999999996,8.7118686,-0.8041769445402736,1,-0.4962479638218604,-0.40962743234041926,1,-0.13311260024115812
4.407,0.15421320000000002,-0.3278502,8.7118686,-0.8119318988360398,1,-0.48468464348538864,-0.4225563030874298,1,-0.13977007012458093
4.422,0.15421320000000002,-0.3712104,8.6984289,-0.8197827666536615,1,-0.5233911878414562,-0.4347941630786023,1,-0.14620019862082603
4.438,0.1032993,-0.3712104,8.7103971,-0.82716889081399,1,-0.4616327600205357,-0.4479697763383435,1,-0.1532623101361616
4.454,0.15421320000000002,-0.37572300000000003,8.7103971,-0.8343518141189641,1,-0.44893270656087797,-0.4612619419778072,1,-0.16053616388269082
4.469,0.11978010000000001,-0.3532581,8.6819481,-0.8420888855899946,1,-0.5158047647353493,-0.47383524722562487,1,-0.16754939280171682
4.485,0.11978010000000001,-0.4281084,8.6534991,-0.850248155002074,1,-0.5099543382549583,-0.4873739435503614,1,-0.17523906632792471
4.5,0.13469129999999999,-0.4281084,8.735805,-0.8561982855765642,1,-0.3966753716326905,-0.5001722918547016,1,-0.18264566309346253
4.516,0.12272310000000002,-0.3936753,8.735805,-0.8620470403650025,1,-0.3655471742773916,-0.5139182544622342,1,-0.19075838746399804
4.532,0.12272310000000002,-0.37268190000000007,8.6834196,-0.8690519762510025,1,-0.4378084928750022,-0.5277670465951622,1,-0.19909186987245722
4.547,0.1661814,-0.37268190000000007,8.6879322,-0.8757585037489104,1,-0.4471018331938695,-0.5408531251951613,1,-0.2071065211608845
4.563,0.16912439999999998,-0.3876912,8.6879322,-0.8822840723268115,1,-0.4078480361188182,-0.5549174658037671,1,-0.21587268588887593
4.579,0.16912439999999998,-0.3876912,8.6879322,-0.888650480695496,1,-0.397900523042782,-0.5690849422279456,1,-0.22486470515312965
4.594,0.16912439999999998,-0.3532581,8.6894037,-0.8948615300989395,1,-0.4140699602295526,-0.5824612823089044,1,-0.23350130183715634
4.61,0.1661814,-0.3652263,8.6639958,-0.9015294616092859,1,-0.4167457193966491,-0.5968324102425702,1,-0.24293565137756815
4.625,0.1661814,-0.3652263,8.6639958,-0.9080347606437691,1,-0.4336866022988865,-0.6104041419094678,1,-0.25198992551870825
4.641,0.1437165,-0.3547296,8.6939163,-0.9136727496305319,1,-0.35237431167267597,-0.6249778019916622,1,-0.2618729810699173
4.657,0.1437165,-0.31284090000000003,8.707356,-0.9188848762642188,1,-0.32575791460542874,-0.6396382629988202,1,-0.27198990958984115
4.672,0.1362609,-0.31284090000000003,8.7223653,-0.9236069989189541,1,-0.31480817698236485,-0.6534569520626937,1,-0.2816881237028023
4.688,0.1062423,-0.3367773,8.6774355,-0.9292973415820889,1,-0.3556464164459202,-0.6682801867867021,1,-0.2922620208135974
4.719,0.12272310000000002,-0.3367773,8.713340100000002,-0.9339686177327575,1,-0.15068632744092125,-0.6971608091560828,1,-0.31342635625071097
4.735,0.145188,-0.34580249999999996,8.713340100000002,-0.938508929751551,1,-0.2837695011745908,-0.7121406295359572,1,-0.3247007677602473
4.75,0.145188,-0.42506730000000004,8.6879322,-0.9434719603527189,1,-0.3308687067445319,-0.726255486211739,1,-0.3354887386283548
4.766,0.1497006,-0.42506730000000004,8.735805,-0.9471460058722094,1,-0.22962784496816083,-0.7413804299415384,1,-0.34722982595758106
4.782,0.1332198,-0.3712104,8.6984289,-0.9517074196800603,1,-0.2850883629906817,-0.7565712573459565,1,-0.359213439455881
4.797,0.1332198,-0.3712104,8.6984289,-0.9561575794925989,1,-0.2966773208359131,-0.7708802448397511,1,-0.37066932572227357
4.813,0.1332198,-0.3367773,8.7118686,-0.9602058302937522,1,-0.2530156750720767,-0.7862111521180419,1,-0.38312605689793594
4.829,0.1212516,-0.3367773,8.773279200000001,-0.9626630371966929,1,-0.15357543143379435,-0.8015941030579655,1,-0.395828498939344
4.844,0.1317483,-0.347274,8.7537573,-0.9655223685859475,1,-0.19062209261696939,-0.8160554936013359,1,-0.40796087091428923
4.86,0.1317483,-0.347274,8.7537573,-0.9683119601852201,1,-0.17434947495453806,-0.8315261682315053,1,-0.42114152420895196
4.875,0.145188,-0.347274,8.785247400000001,-0.9702609878298869,1,-0.12993517631111987,-0.8460654653416183,1,-0.43372346146075014
4.891,0.1646118,-0.2948886,8.785247400000001,-0.9722007902283032,1,-0.12123764990101804,-0.8616051595660839,1,-0.44738482646001176
4.907,0.1646118,-0.40113090000000007,8.8630407,-0.9720956214676146,1,0.006573047543034776,-0.8771595308596513,1,-0.46129494398341764
4.922,0.16019730000000001,-0.40113090000000007,8.8660818,-0.9719209031128511,1,0.011647890317571581,-0.8917396547940044,1,-0.47456168787581976
4.938,0.1571562,-0.3532581,8.8555851,-0.9720571680166454,1,-0.008516556487148101,-0.9072914793630404,1,-0.48895393694907613
4.954,0.1511721,-0.36071369999999997,8.8555851,-0.9721853243777048,1,-0.00800977256620871,-0.9228454193021952,1,-0.5035950321383981
4.969,0.1511721,-0.34580249999999996,8.9574129,-0.9698434710994714,1,0.1561235518822161,-0.9374106352682746,1,-0.5175469525476771
4.985,0.15421320000000002,-0.34580249999999996,8.940932100000001,-0.9679590843639829,1,0.11777417096803233,-0.9529130557119823,1,-0.5326695420755192
5.0,0.1781496,-0.3262806,8.940932100000001,-0.9661276966535794,1,0.122092514026901,-0.9674187065696137,1,-0.5470720302926309
5.016,0.1781496,-0.344331,8.988804900000002,-0.9631579422997358,1,0.1856096471152256,-0.9828529916812403,1,-0.5626742038786376
5.032,0.1406754,-0.344331,9.000773100000002,-0.9599851579464129,1,0.19829902208268174,-0.9982381364832096,1,-0.5785229329039533
5.047,0.16019730000000001,-0.3771945,9.000773100000002,-0.9568497111555594,1,0.20902978605690684,-1.0126143980014741,1,-0.5936043269125881
5.063,0.16019730000000001,-0.35178660000000006,9.030693600000001,-0.9530867109013048,1,0.23518751589091091,-1.027893889377929,1,-0.6099283932116234
5.079,0.08377740000000002,-0.35178660000000006,9.0816075,-0.948199833681203,1,0.30542982625636456,-1.0431041817345892,1,-0.6264963777805236
5.094,0.15421320000000002,-0.3547296,9.150473700000001,-0.9417287144504005,1,0.4314079487201475,-1.0572786458455767,1,-0.6422492489873755
5.11,0.1856052,-0.3202965,9.150473700000001,-0.9354321730472126,1,0.39353383769924444,-1.0722959329455577,1,-0.6592858456177045
5.125,0.1856052,-0.34580249999999996,9.183435300000001,-0.9284633773325268,1,0.4645863809790621,-1.0862751495734055,1,-0.6754751287365964
5.141,0.1482291,-0.34580249999999996,9.2162988,-0.920880227766153,1,0.47394684789836505,-1.101069898414195,1,-0.6929738891204973
5.157,0.1497006,-0.32932170000000005,9.2162988,-0.9134961644795023,1,0.46150395541566486,-1.11574490955216,1,-0.7107084075842282
5.172,0.1497006,-0.34128990000000003,9.199916100000001,-0.9066808397828297,1,0.45435497977818806,-1.1293962370841273,1,-0.7275469661839999
5.188,0.1631403,-0.34128990000000003,9.3166551,-0.8971812548827369,1,0.5937240562557949,-1.1438271338414518,1,-0.7457327531514046
5.204,0.17510850000000003,-0.36375480000000004,9.3166551,-0.8878873588357941,1,0.5808685029339283,-1.1581076827512,1,-0.7641482316841459
5.219,0.17510850000000003,-0.3592422,9.322639200000001,-0.8786785901748608,1,0.6139179107288588,-1.1713569273687805,1,-0.7816192162600464
5.235,0.13469129999999999,-0.3592422,9.4139703,-0.8674850683699642,1,0.6995951128060389,-1.185326236637139,1,-0.8004726815720937
5.25,0.145188,-0.3592422,9.4827384,-0.8548848946669683,1,0.8400115801997466,-1.1982440113599158,1,-0.8183494584320713
5.266,0.1511721,-0.3876912,9.4827384,-0.8425624605498978,1,0.7701521323169029,-1.2118235902016508,1,-0.8376299992445638
5.282,0.1511721,-0.3876912,9.4827384,-0.8305405736064149,1,0.7513679339676831,-1.2252084144749014,1,-0.8571262552819763
5.297,0.1511721,-0.37866600000000006,9.4738113,-0.8190383228952314,1,0.7668167140789158,-1.2375802561986635,1,-0.8755971703120277
5.313,0.15568469999999998,-0.37866600000000006,9.5111874,-0.8069040686182873,1,0.7583908923090015,-1.2505877953307716,1,-0.8955025147242631
5.329,0.11821050000000001,-0.32932170000000005,9.5111874,-0.7951236791462861,1,0.7362743420000755,-1.2634040173128882,1,-0.9156144492254125
5.344,0.11821050000000001,-0.3367773,9.5336523,-0.7830767131806695,1,0.8031310643744101,-1.2752405202553407,1,-0.9346542832571749
5.36,0.1497006,-0.3367773,9.6219423,-0.7691609696082065,1,0.8697339732789403,-1.2876584217176517,1,-0.9551574747929589
5.375,0.11526750000000001,-0.36973890000000004,9.6219423,-0.755566696107639,1,0.9062849000378467,-1.2990938792105202,1,-0.9745581170499198
5.391,0.11526750000000001,-0.347274,9.6503913,-0.7416310115319789,1,0.8709802859787611,-1.3110714608716372,1,-0.995439439770577
5.407,0.1332198,-0.347274,9.6639291,-0.7276996429830564,1,0.8707105343076497,-1.3228261061077575,1,-1.0165106203064123
5.422,0.1332198,-0.344331,9.6923781,-0.7134172568276789,1,0.9521590770251923,-1.3336344828563378,1,-1.0364340747236425
5.438,0.16912439999999998,-0.3218661,9.6923781,-0.6994883897710036,1,0.8705541910422047,-1.3449377280291273,1,-1.0578626524107262
5.454,0.16912439999999998,-0.3338343,9.687865500000001,-0.6859993658213934,1,0.843063996850634,-1.3560216300738663,1,-1.0794703272755501
5.469,0.15568469999999998,-0.3338343,9.771642900000002,-0.6708029450788491,1,1.0130947161695847,-1.3661976474056186,1,-1.099886971856647
5.485,0.1392039,-0.3307932,9.771642900000002,-0.6559857506185747,1,0.9260746537671497,-1.3768119569711978,1,-1.1218310486916616
5.5,0.1392039,-0.3218661,9.747706500000001,-0.6421206558408539,1,0.924339651848073,-1.3865477550196434,1,-1.1425562465315924
5.516,0.1287072,-0.3218661,9.843550200000001,-0.6262610612709434,1,0.9912246606194044,-1.3966948087565378,1,-1.1648221870418018
5.532,0.1721655,-0.3592422,9.843550200000001,-0.6107405825719834,1,0.9700299186849994,-1.4065908219072814,1,-1.1872484720871124
5.547,0.1721655,-0.3532581,9.851005800000001,-0.5954222308402262,1,1.0212234487838363,-1.4156370430078726,1,-1.2084151810739756
5.563,0.1332198,-0.3532581,9.979713000000002,-0.5773552830374555,1,1.1291842376731631,-1.425019263118894,1,-1.2311404315229897
5.579,0.142245,-0.3876912,9.9258561,-0.5610072580923173,1,1.021751559071137,-1.4341261634479323,1,-1.2540135949355242
5.594,0.11673900000000001,-0.3712104,9.9258561,-0.5450814288880235,1,1.0617219469528838,-1.4424218286002852,1,-1.2755877048758866
5.61,0.11673900000000001,-0.3936753,10.012674599999999,-0.5274072097060678,1,1.104638698872228,-1.451001737709038,1,-1.2987350934063613
5.625,0.1466595,-0.3936753,10.0097316,-0.5102261958333365,1,1.1454009248487778,-1.4587839882505835,1,-1.320558486351058
5.641,0.1302768,-0.34580249999999996,10.0965501,-0.4913967551459617,1,1.1768400429609238,-1.466796971858418,1,-1.34396313403193
5.657,0.1482291,-0.34580249999999996,10.1189169,-0.4724753800053598,1,1.1825859462876165,-1.4745079489396284,1,-1.3674935733983145
5.672,0.1482291,-0.34580249999999996,10.1189169,-0.4540155018194074,1,1.2306585457301866,-1.4814566305533141,1,-1.389663307744511
5.688,0.11526750000000001,-0.3173535,10.1189169,-0.4360390482715655,1,1.1235283467401205,-1.488577066954042,1,-1.41342357732457
5.704,0.11526750000000001,-0.3712104,10.1473659,-0.4177630127665175,1,1.1422522190654971,-1.4954074834423465,1,-1.4372954537277411
5.719,0.1317483,-0.318825,10.237225500000001,-0.3977808156563487,1,1.3321464740112028,-1.5015240621555184,1,-1.459772440319726
5.735,0.10182780000000001,-0.318825,10.249193700000001,-0.37800255832813434,1,1.2361410830133968,-1.5077303291473942,1,-1.4838464754501495
5.75,0.1466595,-0.3202965,10.249193700000001,-0.35869233137805345,1,1.2873484633387533,-1.5132555408201904,1,-1.5065038694749058
5.766,0.1437165,-0.34580249999999996,10.373388300000002,-0.3368067584332568,1,1.3678483090497895,-1.518819533538681,1,-1.5307604700697768
5.797,0.1497006,-0.2948886,10.373388300000002,-0.315491243430408,1,0.6875972581564191,-1.5289301525675676,1,-1.5780005902044232
5.813,0.1497006,-0.37268190000000007,10.4797287,-0.29204285848156886,1,1.4655240593024463,-1.5337904253828634,1,-1.6025023548280266
5.829,0.16912439999999998,-0.37268190000000007,10.4812002,-0.26912332136623895,1,1.4324710697081176,-1.5382797548216458,1,-1.6270789162696626
5.844,0.1032993,-0.4116276,10.4812002,-0.24674813323350442,1,1.4916792088489126,-1.542148790731144,1,-1.6501821303613093
5.86,0.1032993,-0.4116276,10.4812002,-0.2249186813966908,1,1.36434073980085,-1.5459221252481856,1,-1.674886697689144
5.875,0.1212516,-0.36375480000000004,10.6459101,-0.1996454552007041,1,1.68488174639915,-1.549106356272666,1,-1.69809941130055
5.891,0.1272357,-0.36375480000000004,10.6818147,-0.17411179620739148,1,1.595853687082037,-1.5520964142839306,1,-1.7229090334650028
5.907,0.09584369999999999,-0.34580249999999996,10.6818147,-0.14922343354684386,1,1.5555226662842245,-1.5546830961219644,1,-1.74776326954825
5.922,0.09584369999999999,-0.3503151,10.7401842,-0.12351569122050421,1,1.7138494884226803,-1.5567286395577196,1,-1.771098857565847
5.938,0.142245,-0.3503151,10.801496700000001,-0.09692792395042993,1,1.661735454379641,-1.558492188479087,1,-1.7960206241901415
5.954,0.16912439999999998,-0.3338343,10.801496700000001,-0.07099191765240676,2,1.621000393626447,-1.5598355472119096,1,-1.8209672460756696
5.969,0.16912439999999998,-0.3338343,10.801496700000001,-0.04568849687384713,2,1.6868947185705778,-1.5607106503208565,1,-1.8443713425571662
5.985,0.16912439999999998,-0.3278502,10.767063600000002,-0.021846041288741347,2,1.49015347406911,-1.5612509266261572,1,-1.8693470351727424
6.0,0.17069399999999998,-0.3278502,10.8150345,0.002584830938351601,2,1.6287248151395646,-1.561395385703785,1,-1.8927668825152164
6.016,0.16765290000000002,-0.318825,10.823961599999999,0.026629704818651234,2,1.5028046175187257,-1.561161669417729,1,-1.9177473389561885
6.032,0.1497006,-0.31284090000000003,10.8270027,0.050151581459656924,2,1.4701172900628543,-1.5605474191275026,1,-1.9427210116645504
6.047,0.1497006,-0.31284090000000003,10.8270027,0.07309975379234501,3,1.5298781555125718,-1.5596230341131125,1,-1.9661222900638544
6.063,0.1511721,-0.31284090000000003,10.8898848,0.09702163820528575,3,1.495117775808795,-1.5582620629771315,1,-1.9910653708405763
6.079,0.17667810000000003,-0.3098979,10.8898848,0.1203673702327368,3,1.4591082517156893,-1.5565229509096274,1,-2.0159836509516706
6.094,0.1406754,-0.3487455,10.9946556,0.14571342126822273,3,1.6897367356989978,-1.55452734497337,1,-2.039316528170794
6.11,0.1406754,-0.3487455,10.9946556,0.1704412759369891,3,1.5454909167978967,-1.5519981073957283,1,-2.064168731789747
6.125,0.1302768,-0.37268190000000007,10.9946556,0.19458203104078287,3,1.6093836735862854,-1.549260432593395,1,-2.087428170839665
6.141,0.1302768,-0.38621970000000005,10.9437417,0.21690442927631004,3,1.395149889720447,-1.5459685409108581,1,-2.1121900026276994
6.157,0.1332198,-0.38621970000000005,11.0155509,0.24043347496881928,3,1.4705653557818263,-1.542309837676897,1,-2.1368962296564016
6.172,0.0673947,-0.344331,11.0155509,0.263340172174809,3,1.5271131470660126,-1.53853153532332,1,-2.160002539953903
6.188,0.0673947,-0.3427614,10.958751000000001,0.2843023123650088,3,1.3101337618874875,-1.5341503954470015,1,-2.1845839954000654
6.204,0.11978010000000001,-0.37572300000000003,10.9916145,0.3055914568944029,3,1.3305715330871315,-1.5294312452929262,1,-2.209092648525985
6.219,0.09584369999999999,-0.3202965,11.0290887,0.3272264362851214,3,1.4423319593811759,-1.5246851110940796,1,-2.2319985211988884
6.235,0.09584369999999999,-0.3202965,11.0290887,0.3483337332516765,3,1.3192060604096933,-1.5192806297377852,1,-2.2563502471255434
6.25,0.09584369999999999,-0.3218661,11.0155509,0.36859729499591865,3,1.350904116282839,-1.5139036470259284,1,-2.279099129201271
6.266,0.1482291,-0.3218661,10.966206600000001,0.3871778770973453,3,1.161286381339165,-1.5078574456491822,1,-2.303273217942672
6.282,0.1332198,-0.3218661,10.966206600000001,0.40530057893097116,3,1.1326688646016148,-1.5015176180009557,1,-2.327348218451873
6.297,0.1332198,-0.3173535,10.9437417,0.4224304032816466,3,1.1419882900450542,-1.4953096356343611,1,-2.3498244228541374
6.313,0.1497006,-0.3173535,10.9511973,0.43932937091178736,3,1.0561854768837966,-1.4884155574408138,1,-2.3736942243987387
6.329,0.1661814,-0.37866600000000006,10.9511973,0.45586945529330336,3,1.0337552738447489,-1.481253966831173,1,-2.3974515805929144
6.344,0.1661814,-0.3427614,10.9138212,0.47106623785779433,3,1.0131188376326932,-1.4743019491325395,1,-2.4196182499626433
6.36,0.1302768,-0.36973890000000004,10.9826874,0.4875805331167786,3,1.0321434536865173,-1.466632774964743,1,-2.4431457277554216
6.375,0.1302768,-0.36973890000000004,10.930302000000001,0.5024151650620432,3,0.9889754630176595,-1.459207807228402,1,-2.4650895321218695
6.391,0.1466595,-0.33226469999999997,10.930302000000001,0.5168637019970248,3,0.9030335584363495,-1.4510535762919294,1,-2.4883716231900324
6.407,0.1466595,-0.33981839999999996,10.918333800000001,0.5306737566552986,3,0.8631284161421108,-1.4426732766227108,1,-2.5115214380133497
6.422,0.1302768,-0.33981839999999996,10.9078371,0.5438860412261715,3,0.8808189713915433,-1.4346140781385999,1,-2.533101093174059
6.438,0.10477080000000001,-0.37268190000000007,10.9078371,0.5567955393714694,3,0.8068436340811218,-1.4258086254938187,1,-2.555984474803118
6.454,0.10477080000000001,-0.34580249999999996,10.8569232,0.5681274743374711,3,0.7082459353751063,-1.416809241384147,1,-2.578725417738142
6.469,0.12272310000000002,-0.34580249999999996,10.873404,0.5795893471951956,3,0.7641248571816035,-1.4082013652226517,1,-2.5999129972876935
6.485,0.1078119,-0.34128990000000003,10.873404,0.5907643333794343,3,0.6984366365149202,-1.3988385357780546,1,-2.6223693164956994
6.5,0.1078119,-0.32333760000000006,10.9347165,0.6031480806932379,3,0.8255831542535869,-1.3898841926725098,1,-2.643284736959078
6.516,0.1362609,-0.3202965,10.8853722,0.6140324361939946,3,0.6802722187972948,-1.380146748537412,1,-2.6654449844887576
6.532,0.1586277,-0.3202965,10.8569232,0.6239652017390238,3,0.6207978465643244,-1.3702427674339477,1,-2.6874481006165283
6.547,0.173637,-0.32333760000000006,10.8569232,0.6336635007400204,3,0.6465532667331213,-1.360810552165355,1,-2.7079310005135224
6.563,0.173637,-0.3143124,10.8000252,0.6417318015299465,3,0.5042687993703772,-1.3506073897471953,1,-2.7296223440488228
6.579,0.173637,-0.3143124,10.8000252,0.6496033144957281,3,0.491969560361349,-1.34027670881899,1,-2.751149416837352
6.594,0.1466595,-0.36669779999999996,10.8150345,0.6576791833627933,3,0.5383912578043288,-1.3304720900850506,1,-2.771180032829133
6.61,0.1466595,-0.3338343,10.8719325,0.666919108267285,3,0.5774953065307281,-1.31987530375201,1,-2.7923828119798295
6.625,0.1526436,-0.3338343,10.8643788,0.6757515454688114,3,0.5888291467684451,-1.3098052738489894,1,-2.8121054163118364
6.641,0.1526436,-0.3338343,10.8643788,0.6843685573727392,3,0.5385632439954819,-1.2989243130262569,1,-2.8329752530068384
6.657,0.17069399999999998,-0.347274,10.8643788,0.6927922144992227,3,0.5264785704052195,-1.2879070268512811,1,-2.8536699037258586
6.672,0.1272357,-0.3532581,10.788057,0.6991402059538689,3,0.42319943030975987,-1.2774675336978831,1,-2.872910212929977
6.688,0.1212516,-0.34580249999999996,10.819547100000001,0.7060934100129721,3,0.43457525369394695,-1.2662256647701484,1,-2.893259758517721
6.704,0.16166880000000003,-0.3592422,10.819547100000001,0.7129005781220457,3,0.425448006817097,-1.2548737128650682,1,-2.913428553538803
6.719,0.16166880000000003,-0.34580249999999996,10.7401842,0.7175965763153567,3,0.31306654622072233,-1.2441449842067873,1,-2.9321711937668424
6.735,0.16166880000000003,-0.34580249999999996,10.7401842,0.7221780379673675,3,0.28634135325067395,-1.2326267872925256,1,-2.951985367938837
6.75,0.12272310000000002,-0.34580249999999996,10.8000252,0.7280938782806086,3,0.39438935421608207,-1.221749747920666,1,-2.9703931919529354
6.766,0.1482291,-0.36375480000000004,10.8000252,0.7338876033486876,3,0.3621078167549415,-1.2100538960676317,1,-2.989847621104842
6.782,0.1482291,-0.33530580000000004,10.759608,0.7385323595935454,3,0.29029726530360705,-1.1982745363640939,1,-3.0091142485642957
6.797,0.1406754,-0.33530580000000004,10.8074808,0.74422832308497,3,0.37973089942831806,-1.1871538312440053,1,-3.027004961321356
6.813,0.2006145,-0.35178660000000006,10.8074808,0.749821198857413,3,0.34955473577769036,-1.1752014350684663,1,-3.0459038034518557
6.829,0.13469129999999999,-0.3262806,10.7731458,0.7543962412520191,3,0.28594014966287745,-1.163167695547591,1,-3.0646107564967844
6.844,0.13469129999999999,-0.33530580000000004,10.7506809,0.7583188368143254,3,0.26150637082041284,-1.1518223324620929,1,-3.0819731817068576
6.86,0.1332198,-0.33530580000000004,10.749111300000001,0.7621070509844525,3,0.23676338563294297,-1.1396589253597027,1,-3.100305031769432
6.875,0.1212516,-0.3098979,10.749111300000001,0.765780827353387,3,0.2449184245956393,-1.1281997662721692,1,-3.117313971956671
6.891,0.1212516,-0.3202965,10.6937829,0.7680236452408558,3,0.14017611796679474,-1.1159293304914153,1,-3.1352670047307796
6.907,0.1661814,-0.3202965,10.671318000000001,0.7696788676154576,3,0.10345139841261276,-1.1036277103885648,1,-3.1530234610578196
6.922,0.15421320000000002,-0.33530580000000004,10.671318000000001,0.7713005778505959,3,0.10811401567589242,-1.0920703645475696,1,-3.1694911966198402
6.938,0.15421320000000002,-0.3562992,10.7206623,0.774102043581685,3,0.1750916081930674,-1.0797071435761112,1,-3.18686541668483
6.954,0.1466595,-0.3562992,10.755095400000002,0.7776718888455871,3,0.22311532899388345,-1.067292952116693,1,-3.204041417450372
6.969,0.1287072,-0.38621970000000005,10.755095400000002,0.7811742372322978,3,0.23348989244737164,-1.0556016061711084,1,-3.2199631266375315
6.985,0.1302768,-0.3771945,10.744696800000002,0.7843303662767536,3,0.1972580652784826,-1.043077569343036,1,-3.2367525600416447
7.0,0.1257642,-0.3547296,10.662292800000001,0.7853809437163104,3,0.07003849597045698,-1.0313047345180884,1,-3.252310427320603
7.016,0.1257642,-0.3547296,10.662292800000001,0.7864058973158787,3,0.06405959997302085,-1.018730439789831,1,-3.268710708715066
7.032,0.11673900000000001,-0.3876912,10.662292800000001,0.7874313210792483,3,0.06408898521059742,-1.0061397420426699,1,-3.2849096701697262
7.047,0.11673900000000001,-0.36669779999999996,10.7626491,0.7908597696770023,3,0.2285632398502743,-0.9943025588619983,1,-3.2999129874265107
7.063,0.1302768,-0.36669779999999996,10.786585500000001,0.794791818483306,3,0.24575305039398176,-0.9816173461567158,1,-3.3157203466666605
7.079,0.13469129999999999,-0.3338343,10.786585500000001,0.7986032728161945,3,0.2382158958055267,-0.9688701854263198,1,-3.331324246919325
7.094,0.13469129999999999,-0.315882,10.7686332,0.801870945970558,3,0.21784487695755794,-0.9568666287854186,1,-3.3457672730259134
7.11,0.1212516,-0.315882,10.767063600000002,0.8050167622337892,3,0.19661351645194874,-0.9440115271197839,1,-3.360974298273155
7.125,0.145188,-0.315882,10.767063600000002,0.8080930710878693,3,0.2050872569386822,-0.9319132033698717,1,-3.375043733751827
7.141,0.15421320000000002,-0.3053853,10.7162478,0.8098512429832301,3,0.10988574346004744,-0.9189696488573029,1,-3.3898507965696445
7.157,0.15421320000000002,-0.3547296,10.7146782,0.8115653211944736,3,0.10712988820271709,-0.9059983163438813,1,-3.404450540291254
7.172,0.1212516,-0.3547296,10.6668054,0.8120603527760633,3,0.03300210543931403,-0.8938211237891025,1,-3.417949186092251
7.188,0.16912439999999998,-0.32333760000000006,10.6668054,0.8125348726415655,3,0.029657491593892943,-0.8808243619857614,1,-3.43214634997845
7.204,0.16912439999999998,-0.3712104,10.7146782,0.8142025879977233,3,0.10423220975985793,-0.8678104623006471,1,-3.4461354285727412
7.219,0.1466595,-0.3712104,10.765592100000001,0.8170625046717976,3,0.19066111160495075,-0.8555759741056252,1,-3.4590608268457887
7.235,0.1466595,-0.3712104,10.765592100000001,0.8198526672806512,3,0.17438516305334756,-0.8424806527300056,1,-3.472645279860474
7.25,0.1272357,-0.3771945,10.7102637,0.8212252776843396,3,0.0915073602458961,-0.8301725681427684,1,-3.485190179017019
7.266,0.1377324,-0.3771945,10.650324600000001,0.8211066773937432,3,-0.0074125181622752764,-0.8170339125021437,1,-3.4983678308621786
7.297,0.1497006,-0.3817071,10.654837200000001,0.8211088064474801,3,6.867915280211911e-05,-0.791579572502605,1,-3.523301339879752
7.297,0.1377324,-0.3652263,10.654837200000001,0.8210928692976172,3,0.0,-0.791579572502605,1,-3.523301339879752
7.313,0.1377324,-0.3652263,10.654837200000001,0.8210773208587252,3,-0.0009717774307471663,-0.7784422109813542,1,-3.5358615141476237
7.329,0.1377324,-0.33981839999999996,10.6218756,0.8202381968781722,3,-0.052445248784560534,-0.765311686839459,1,-3.54821154533019
7.344,0.1661814,-0.3278502,10.617461100000002,0.8193126848941787,3,-0.061700798932896844,-0.753015055226166,1,-3.5595989958956826
7.36,0.1661814,-0.3278502,10.617461100000002,0.8184097463732094,3,-0.05643365756058389,-0.7399132757760268,1,-3.5715424225437
7.375,0.1511721,-0.290376,10.5650757,0.8162196841450555,3,-0.14600414854359492,-0.7276535550471401,1,-3.5825491737748734
7.391,0.1377324,-0.318825,10.5650757,0.8140985534234346,3,-0.1325706701013062,-0.7146110091465921,1,-3.594087290288423
7.407,0.1377324,-0.33530580000000004,10.554579000000002,0.8117857281121434,3,-0.14455158195569848,-0.7016039348943075,1,-3.6054170098407505
7.422,0.1377324,-0.33530580000000004,10.554579000000002,0.8095293131742984,3,-0.15042766252300377,-0.6894440720846594,1,-3.6158498698930925
7.438,0.11526750000000001,-0.33530580000000004,10.4677605,0.8052050488176832,3,-0.2702665222884535,-0.6765261971887235,1,-3.6267776320472795
7.454,0.113796,-0.2918475,10.472175,0.8010617480479869,3,-0.2589562981060165,-0.6636760628137982,1,-3.6374992501273
7.469,0.1332198,-0.32333760000000006,10.472175,0.7970476361229277,3,-0.26760746167060206,-0.6516902424325159,1,-3.6473644974166475
7.485,0.1332198,-0.31284090000000003,10.4034069,0.7914472756817847,3,-0.35002252757143604,-0.6389822831380783,1,-3.657689877621212
7.5,0.13469129999999999,-0.31284090000000003,10.383885000000001,0.7855080828354986,3,-0.3959461897524211,-0.6271551179491989,1,-3.6671859081293663
7.516,0.1078119,-0.37866600000000006,10.383885000000001,0.7797595224762599,3,-0.35928502245241545,-0.6146329771067048,1,-3.6771202128898137
7.532,0.1078119,-0.3503151,10.3225725,0.7726324243933931,3,-0.44544363017917604,-0.6022138415317476,1,-3.686854987438921
7.547,0.142245,-0.3503151,10.3120758,0.765433478183601,3,-0.47992974731948435,-0.5906783472624204,1,-3.695801678854877
7.563,0.1078119,-0.3817071,10.3120758,0.7584270973894913,3,-0.43789879963185246,-0.5784874626578357,1,-3.7051550053342392
7.579,0.1078119,-0.3996594,10.283626800000002,0.7509148617925927,3,-0.4695147248061633,-0.5664127269843791,1,-3.714314206851377
7.594,0.1302768,-0.3278502,10.256649300000001,0.7428726807108745,3,-0.5361454054478576,-0.5552093204156027,1,-3.722726372206877
7.61,0.1302768,-0.3278502,10.256649300000001,0.7350266503872476,3,-0.4903768952266847,-0.5433861257668177,1,-3.7315151357763363
7.625,0.1392039,-0.31284090000000003,10.256649300000001,0.7273634181457282,3,-0.5108821494346325,-0.5324182002528206,1,-3.7395836682214836
7.641,0.1392039,-0.34128990000000003,10.244681100000001,0.7196174883952207,3,-0.48412060940672363,-0.520842353000493,1,-3.7480097526475102
7.657,0.16912439999999998,-0.34128990000000003,10.148935500000002,0.7097378271812609,3,-0.6174788258724856,-0.5094075104758811,1,-3.7562517515553213
7.672,0.09427410000000001,-0.31284090000000003,10.148935500000002,0.7000531097207592,3,-0.6456478307001272,-0.4988340784491159,1,-3.7638135634722585
7.688,0.09427410000000001,-0.3053853,10.0710441,0.6887002275013288,3,-0.709555138714401,-0.48772405175133876,1,-3.771706028513862
7.704,0.1437165,-0.3053853,10.080069300000002,0.6778584892549233,3,-0.6776086404003395,-0.4767915820172887,1,-3.779422153584011
7.719,0.1437165,-0.344331,10.0965501,0.6677134736833992,3,-0.676334371434917,-0.46669979229525094,1,-3.7864983388913553
7.735,0.1437165,-0.344331,10.0965501,0.6578158975160591,3,-0.618598510458756,-0.45609555732565527,1,-3.7938807016883227
7.75,0.1032993,-0.3367773,10.0830123,0.6478114751875914,3,-0.6669614885645245,-0.4463033520303781,1,-3.8006486935084927
7.766,0.11673900000000001,-0.3367773,10.092037500000002,0.6382746272044635,3,-0.5960529989454949,-0.4360146632112416,1,-3.8077072376304257
7.782,0.1362609,-0.3487455,10.092037500000002,0.6289862573571536,3,-0.5805231154568652,-0.42587657613474866,1,-3.8146023675451937
7.797,0.1362609,-0.36973890000000004,9.990209700000001,0.6174609519831229,3,-0.7683536916020655,-0.4165282220646968,1,-3.8209204035316895
7.813,0.1466595,-0.36973890000000004,9.987266700000001,0.6061486164498824,3,-0.7070209708275315,-0.40673934551723273,1,-3.827506544072345
7.829,0.11526750000000001,-0.3831786,9.987266700000001,0.5951145055365767,3,-0.6896319320816018,-0.3971292405413411,1,-3.8339374927608136
7.844,0.11526750000000001,-0.38023560000000006,9.967744800000002,0.5838710112380774,3,-0.7495662865665954,-0.38828684916553086,1,-3.839828113433615
7.86,0.1511721,-0.38023560000000006,9.833053500000002,0.5696310917380494,3,-0.8899949687517498,-0.37905883234172183,1,-3.8459668788856733
7.875,0.15568469999999998,-0.3847482,9.833053500000002,0.5557444807533436,3,-0.9257740656470719,-0.37061851554803654,1,-3.8515894589948463
7.891,0.15568469999999998,-0.3427614,9.9184005,0.5442388382187229,3,-0.7191026584137943,-0.36181864899626,1,-3.8574489563112007
7.907,0.1571562,-0.36375480000000004,9.922913099999999,0.5331425854247254,3,-0.6935157996248436,-0.3531995976071124,1,-3.8631691022840275
7.922,0.15421320000000002,-0.36375480000000004,9.948321,0.5229350631345859,3,-0.6805014860093103,-0.3452790152429177,1,-3.8684076918804027
7.938,0.15421320000000002,-0.36375480000000004,9.948321,0.5129765048027419,3,-0.6224098957402496,-0.33699172269941907,1,-3.8738658577839415
7.954,0.22455090000000003,-0.2843919,9.948321,0.5032304623497943,3,-0.6091276533092266,-0.3288620669621988,1,-3.8791926881012344
7.969,0.22455090000000003,-0.3248091,9.827069400000001,0.49079728888901997,3,-0.8288782307182571,-0.32140685882790737,1,-3.88406970504466
7.985,0.13469129999999999,-0.3248091,9.848062800000001,0.47913903961824644,3,-0.7286405794233446,-0.31364736819984923,1,-3.8891501388608822
8.0,0.1406754,-0.3487455,9.803133,0.46669208123568495,3,-0.829797225504117,-0.3065536347934449,1,-3.893801646383332
8.016,0.1406754,-0.3487455,9.803133,0.4545487072039176,3,-0.7589608769854588,-0.29918370848592807,1,-3.8986475451295672
8.032,0.1062423,-0.3487455,9.8136297,0.4429467842869581,3,-0.7251201823099678,-0.2920037445540011,1,-3.9033770447538867
8.047,0.11821050000000001,-0.37268190000000007,9.8136297,0.43165261383368225,3,-0.7529446968850284,-0.285444249068096,1,-3.9077079047060526
8.063,0.11821050000000001,-0.318825,9.900448200000001,0.42270392861579964,3,-0.5592928261176628,-0.27860939672850016,1,-3.9122203338724253
8.079,0.1107549,-0.3487455,9.8644455,0.41311847717010686,3,-0.5990907153557984,-0.2719228174822129,1,-3.916624591586111
8.094,0.1571562,-0.3487455,9.8225568,0.4027612697146292,3,-0.690480497031898,-0.2658037193805779,1,-3.9206575406125816
8.11,0.15421320000000002,-0.3996594,9.8225568,0.3927028079666872,3,-0.6286538592463747,-0.2594400067591274,1,-3.9248594904216993
8.125,0.15421320000000002,-0.36375480000000004,9.7612443,0.3813614626896129,3,-0.7560896851382587,-0.2536345247292049,1,-3.928707549407862
8.141,0.1257642,-0.36375480000000004,9.836094600000001,0.372111002789298,3,-0.5781537437696821,-0.2476067450053736,1,-3.9327174795657385
8.157,0.1586277,-0.3503151,9.836094600000001,0.3630858531840886,3,-0.5640718503255865,-0.24172517015758652,1,-3.9366321348870423
8.172,0.1586277,-0.3712104,9.788123700000002,0.3531304735190268,3,-0.6636919776707595,-0.23635354770731296,1,-3.940217725271029
8.188,0.1062423,-0.3712104,9.836094600000001,0.3445697517628119,3,-0.5350451097634319,-0.23077194590505823,1,-3.943954729219928
8.204,0.1661814,-0.35178660000000006,9.836094600000001,0.3362206595188386,3,-0.5218182652483301,-0.22532562261480502,1,-3.9476035097680873
8.219,0.1661814,-0.3023442,9.8495343,0.328362729587905,3,-0.5238619953956151,-0.22034124719650483,1,-3.9509460112916717
8.235,0.11673900000000001,-0.3307932,9.806076000000001,0.31964215151847064,3,-0.5450361293396484,-0.21515720814765382,1,-3.954429998934425
8.25,0.13469129999999999,-0.3307932,9.8016615,0.3110322809029942,3,-0.5739913743650761,-0.21042714990449266,1,-3.9576218816198163
8.266,0.1317483,-0.3278502,9.8016615,0.3026290220252399,3,-0.5252036798596422,-0.20551785948106677,1,-3.960949441694901
8.282,0.1317483,-0.3592422,9.777627,0.2938717778835471,3,-0.5473277588557974,-0.20074585308179646,1,-3.964199551395404
8.297,0.145188,-0.3592422,9.851005800000001,0.28712109726990676,3,-0.45004537424267427,-0.1963884065181454,1,-3.9671780583424034
8.313,0.1406754,-0.3876912,9.851005800000001,0.28055975607354355,3,-0.4100838247726997,-0.19184695969139778,1,-3.9702839412720796
8.329,0.1406754,-0.35178660000000006,9.7956774,0.2727771349521593,3,-0.4864138200865171,-0.18742026456319216,1,-3.9733180790661162
8.344,0.142245,-0.35178660000000006,9.8196138,0.26576826445644564,3,-0.46725803304761343,-0.18338117406762794,1,-3.9760990898558473
8.36,0.1631403,-0.34580249999999996,9.8196138,0.2589330804634624,3,-0.42719899956145074,-0.17918356330826868,1,-3.9789996077548544
8.375,0.1631403,-0.3503151,9.830012400000001,0.25252193494443453,3,-0.42740970126850936,-0.1753476506927093,1,-3.981658591859862
8.391,0.11673900000000001,-0.3817071,9.803133,0.245624492295077,3,-0.4310901655848461,-0.1713624792747932,1,-3.984432272899602
8.407,0.1302768,-0.3817071,9.891423,0.2410510470937144,3,-0.2858403250851624,-0.16746907495968286,1,-3.987142925333478
8.422,0.1317483,-0.2754648,9.891423,0.23650360031581386,3,-0.30316311852669064,-0.16388741510411126,1,-3.9896280990089563
8.438,0.1317483,-0.3053853,9.759674700000001,0.22887694895178612,3,-0.4766657102517331,-0.16016437070997044,1,-3.992220513295469
8.454,0.1078119,-0.3053853,9.907903800000001,0.22504253719130318,3,-0.2396507350301833,-0.15653301482082574,1,-3.9947540923797153
8.469,0.08377740000000002,-0.315882,9.907903800000001,0.2213040053223363,3,-0.24923545793114593,-0.15318541575197372,1,-3.997076980609011
8.485,0.08377740000000002,-0.41466870000000006,9.8824959,0.21712628195772332,3,-0.2611077102883106,-0.14967797345373324,1,-3.999499887722657
8.5,0.10477080000000001,-0.41466870000000006,9.910846800000002,0.21374617485271408,3,-0.22534047366727444,-0.14644643002765484,1,-4.001720820748767
8.516,0.113796,-0.3622833,9.910846800000002,0.21040089448275978,3,-0.20908002312214327,-0.14305325347297104,1,-4.004036818216773
8.532,0.1571562,-0.37268190000000007,9.821085300000002,0.20497358068697302,3,-0.33920711223667216,-0.13973025767161318,1,-4.00629908630593
8.547,0.1571562,-0.37866600000000006,9.854046900000002,0.20048746280806817,3,-0.299074525260312,-0.13668929984540026,1,-4.008372232987307
8.563,0.15568469999999998,-0.37866600000000006,9.831582000000001,0.19556274222990666,3,-0.30779503613509424,-0.13352089820509647,1,-4.010533914571711
8.579,0.173637,-0.34128990000000003,9.831582000000001,0.19073211311632576,3,-0.3019143195988058,-0.1304305393623266,1,-4.012645526072251
8.594,0.173637,-0.34128990000000003,9.831582000000001,0.18601930422502733,3,-0.3141872594199211,-0.12760490373226668,1,-4.01458079189546
8.61,0.1482291,-0.3503151,9.8824959,0.18265992101289896,3,-0.20996145075802256,-0.12465546993036328,1,-4.016598874884761
8.625,0.1661814,-0.35178660000000006,9.8824959,0.17939070789859457,3,-0.2179475409536179,-0.12194009021352697,1,-4.018448341585841
8.641,0.1661814,-0.3562992,9.842078700000002,0.1752201686258541,3,-0.26065870454627915,-0.11910320320133139,1,-4.02037668793316
8.657,0.1661814,-0.3562992,9.842078700000002,0.17115134982318025,3,-0.25430117516711515,-0.1163322310537391,1,-4.022260171407201
8.672,0.16019730000000001,-0.3562992,9.883967400000001,0.16820022753626596,3,-0.1967414857942791,-0.11378709422354316,1,-4.02398606634678
8.688,0.173637,-0.3503151,9.883967400000001,0.16532140214558133,3,-0.1799265869177889,-0.11111892118608838,1,-4.025785314470057
8.704,0.21856680000000003,-0.3262806,9.8794548,0.16240449209916719,3,-0.1823068779008839,-0.10849711403213039,1,-4.027542242751803
8.719,0.21856680000000003,-0.344331,9.8464932,0.1587704010113722,3,-0.2422727391863528,-0.10608830233380154,1,-4.029151633374547
8.735,0.1212516,-0.344331,9.8255979,0.1546747296982769,3,-0.2559794570684557,-0.10358074128812435,1,-4.030828985723523
8.75,0.13469129999999999,-0.3831786,9.8255979,0.15071826940361,3,-0.2637640196444498,-0.10129029379486011,1,-4.032365518486645
8.766,0.13469129999999999,-0.36071369999999997,9.8854389,0.1482960073374464,3,-0.1513913791352238,-0.09889817958093165,1,-4.033967026273651
8.782,0.1002582,-0.36071369999999997,9.8120601,0.1441344168579981,3,-0.260099404965519,-0.0965587361873681,1,-4.0355306815997976
8.797,0.0793629,-0.37572300000000003,9.8120601,0.14008339497443778,3,-0.27006812557067805,-0.09442710259862475,1,-4.036963075390693
8.813,0.0793629,-0.3847482,9.8615025,0.13734465381146066,3,-0.1711713226860699,-0.09220767820833756,1,-4.038456153637148
8.829,0.059841000000000005,-0.3847482,9.8794548,0.13510687393457133,3,-0.13986124230558328,-0.0900280659863693,1,-4.039914039590706
8.844,0.1122264,-0.36669779999999996,9.8794548,0.1329180617616732,3,-0.1459208115265534,-0.08801787896864763,1,-4.041249384177869
8.86,0.1332198,-0.35777070000000005,9.901919700000002,0.13132853034815462,3,-0.09934571334491152,-0.08590390623176901,1,-4.042640758459472
8.875,0.1332198,-0.34128990000000003,9.855518400000001,0.1286326273362235,3,-0.179726867462068,-0.0839541975491361,1,-4.043914694237828
8.891,0.10477080000000001,-0.34128990000000003,9.862974000000001,0.12617583062774607,3,-0.15354979427983903,-0.08191572988542435,1,-4.045241653657305
8.907,0.1317483,-0.3053853,9.862974000000001,0.12375814918838124,3,-0.15110508996030156,-0.07991625804689532,1,-4.046536309560763
8.922,0.1317483,-0.3173535,9.860031000000001,0.12133690860006041,3,-0.1614160392213824,-0.07807804511348194,1,-4.047721266834467
8.938,0.2006145,-0.3173535,9.803133,0.1176162676331991,3,-0.2325400604288317,-0.07616641970361587,1,-4.048955222553003
8.954,0.1646118,-0.36375480000000004,9.803133,0.11400931437556494,3,-0.2254345786021348,-0.07431341504754575,1,-4.050159061231012
8.969,0.1646118,-0.3278502,9.836094600000001,0.1112628493704726,3,-0.1830976670061712,-0.07262387381945061,1,-4.051261090897515
8.985,0.16765290000000002,-0.3278502,9.7866522,0.1073795594532303,3,-0.24270561982764316,-0.07087473454886098,1,-4.052409079764461
9.0,0.145188,-0.34580249999999996,9.839037600000001,0.10487405220239587,3,-0.16703381672228879,-0.06928283246144372,1,-4.053460261517038
9.016,0.12272310000000002,-0.36973890000000004,9.839037600000001,0.10244341355388364,3,-0.15191491553201417,-0.06762429273539348,1,-4.054555518518613
9.032,0.12272310000000002,-0.3532581,9.8165727,0.09950977284536044,3,-0.18335254428269981,-0.06600866724419953,1,-4.055624582198449
9.047,0.1482291,-0.3532581,9.8091171,0.09647455790550197,3,-0.20234766265722415,-0.064538784763568,1,-4.056603688088508
9.063,0.11526750000000001,-0.36071369999999997,9.8091171,0.09350919573570238,3,-0.18533513561247422,-0.06301891473443837,1,-4.057624149684492
9.079,0.11526750000000001,-0.40417200000000003,9.776155500000002,0.0898542493080079,3,-0.228434151730905,-0.06155200717408868,1,-4.05862071705976
9.094,0.0928026,-0.40417200000000003,9.8405091,0.08785082137243272,3,-0.1335618623716891,-0.06021921914398548,1,-4.059534001257146
9.11,0.17069399999999998,-0.3427614,9.8405091,0.08586487321539238,3,-0.12412175981502116,-0.05882949358728287,1,-4.060486390958996
9.125,0.17069399999999998,-0.33981839999999996,9.833053500000002,0.0837431670171398,3,-0.1414470798835001,-0.057557433285538834,1,-4.061359292910542
9.141,0.1482291,-0.33981839999999996,9.891423,0.08308697207757199,3,-0.04101218372298817,-0.05622279217278113,1,-4.062269534714209
9.157,0.1317483,-0.33530580000000004,9.839037600000001,0.08116050174850287,0,-0.12040439556681981,-0.05440881238217254,1,-4.063154587550648
9.172,0.17069399999999998,-0.3173535,9.839037600000001,0.07928109540923067,0,-0.12529375595147485,-0.05270550040348949,1,-4.063957944896541
9.188,0.17069399999999998,-0.3143124,9.7791966,0.07598658160337202,0,-0.20590711286616584,-0.050963358987388664,1,-4.0647872957716675
9.204,0.15568469999999998,-0.3143124,9.800091900000002,0.07327563151960526,0,-0.16943438023542243,-0.049269261282404844,1,-4.065589156733826
9.219,0.1107549,-0.3427614,9.800091900000002,0.07063916146883997,0,-0.175764670051033,-0.04768990033499159,1,-4.066316350445956
9.235,0.1107549,-0.3532581,9.8105886,0.06833191543302775,0,-0.14420287723826405,-0.04607813171977665,1,-4.067066494702394
9.25,0.1392039,-0.3532581,9.8120601,0.06612564011492594,0,-0.14708502120678127,-0.04456970005316696,1,-4.0677463534406915
9.266,0.19610190000000002,-0.31136939999999996,9.8120601,0.06396229406470688,0,-0.13520912813869124,-0.043028996579729896,1,-4.0684471430137545
9.282,0.19610190000000002,-0.31136939999999996,9.8120601,0.06185171255229882,0,-0.13191134452550368,-0.04152248452679385,1,-4.069123554862607
9.297,0.19610190000000002,-0.33824879999999996,9.8196138,0.059998385213432925,0,-0.12355515592438836,-0.040108608793550826,1,-4.069735788062509
9.313,0.0928026,-0.3487455,9.776155500000002,0.057102933735086125,0,-0.18096571739667483,-0.03867179824196267,1,-4.070366031318793
9.329,0.1511721,-0.3547296,9.776155500000002,0.05430110186518711,0,-0.1751144918686885,-0.037280565957160484,1,-4.070973650232386
9.344,0.1511721,-0.37572300000000003,9.8105886,0.05242583526197464,0,-0.12501777354750784,-0.035980113928706835,1,-4.071523105331529
9.36,0.1511721,-0.37572300000000003,9.8105886,0.05059630686859684,0,-0.11434552458611237,-0.03465593679166226,1,-4.072088193737292
9.375,0.142245,-0.37572300000000003,9.834525,0.04939147477559658,0,-0.08032213953334784,-0.033406028429330784,1,-4.0725986584764495
9.391,0.1362609,-0.347274,9.834525,0.048188477940090735,0,-0.07518730221911511,-0.032125388807605286,1,-4.073122909814345
9.407,0.1362609,-0.37866600000000006,9.833053500000002,0.047007199012575995,0,-0.07382993296967115,-0.03086382339198395,1,-4.073626823511942
9.422,0.1437165,-0.37866600000000006,9.836094600000001,0.04593142876460554,0,-0.07171801653136084,-0.029666783683655065,1,-4.0740808030650095
9.438,0.1631403,-0.38023560000000006,9.836094600000001,0.04489075581188828,0,-0.06504205954482861,-0.028440206207043114,1,-4.074545658984135
9.454,0.1631403,-0.3622833,9.848062800000001,0.044150622019698105,0,-0.046258362011886114,-0.027227875184390425,1,-4.074991003635267
9.469,0.173637,-0.3622833,9.7851807,0.04190048723640416,0,-0.1500089855529417,-0.026082491864969706,1,-4.0753908313881375
9.485,0.1406754,-0.34580249999999996,9.7956774,0.039933630748056004,0,-0.12292853052175967,-0.024927818921094025,1,-4.075798913874426
9.5,0.09584369999999999,-0.2738952,9.7956774,0.037946109527434047,0,-0.13250141470812546,-0.023843720869027828,1,-4.076164700422852
9.516,0.09584369999999999,-0.261927,9.803133,0.03618085444868058,0,-0.11032844242209174,-0.022750705157218908,1,-4.076537455831062
9.532,0.10477080000000001,-0.261927,9.8824959,0.03639576728570226,0,0.013432052313855346,-0.021670092183343842,1,-4.076892822209786
9.547,0.1781496,-0.2769363,9.8824959,0.036641020409065916,0,0.016350208224242945,-0.02062231627563306,1,-4.077210015273229
9.563,0.1781496,-0.3487455,9.8375661,0.035840712977901035,0,-0.05001921444780506,-0.019542462408537326,1,-4.077531333502702
9.579,0.15568469999999998,-0.3487455,9.8016615,0.0341755752582138,0,-0.10407110748045224,-0.018482332102648408,1,-4.077835531858792
9.594,0.1511721,-0.3907323,9.8016615,0.03258792693981505,0,-0.10584322122659179,-0.017481605836163233,1,-4.078105261393333
9.61,0.1511721,-0.39818790000000004,9.860031000000001,0.032468625221243386,0,-0.007456357410728913,-0.016461153418874767,1,-4.078376803467373
9.625,0.17069399999999998,-0.3427614,9.848062800000001,0.03201755970731668,0,-0.030071034261779345,-0.015477507031910545,1,-4.078616343420754
9.641,0.21258269999999999,-0.3427614,9.934881299999999,0.033713127438673496,0,0.10597298320980099,-0.014451661534742623,1,-4.078855776769288
9.657,0.1437165,-0.3771945,9.934881299999999,0.035367650581491716,0,0.10340769642613869,-0.013399015310581297,1,-4.07907858218405
9.672,0.1437165,-0.3487455,9.900448200000001,0.036117263348319995,0,0.04997418445521665,-0.012362878456107687,1,-4.0792717963873
9.688,0.11821050000000001,-0.3487455,9.866015100000002,0.03600112018926538,0,-0.007258947440913482,-0.011285931387807,1,-4.079460986866052
9.704,0.10477080000000001,-0.3532581,9.866015100000002,0.03588802108533251,0,-0.0070686939958042256,-0.010210818257610214,1,-4.079632960863216
9.719,0.10477080000000001,-0.34580249999999996,9.776155500000002,0.033581026853072515,0,-0.1537996154840121,-0.009189800398072219,1,-4.079778465503133
9.735,0.1062423,-0.34580249999999996,9.8464932,0.03304507654121913,0,-0.033496894490836454,-0.008156791570917886,1,-4.079917238238885
9.75,0.1437165,-0.3503151,9.8464932,0.032537679087216276,0,-0.033826496933522444,-0.0071649209037046024,1,-4.080032151082444
9.766,0.1437165,-0.34128990000000003,9.8524773,0.0321807826643159,0,-0.02230602643127353,-0.006147173209692346,1,-4.080138647835351
9.782,0.113796,-0.40417200000000003,9.860031000000001,0.0320651067255362,0,-0.007229746173731393,-0.005133206094573524,1,-4.080228890869786
9.797,0.113796,-0.40417200000000003,9.888480000000001,0.0326455037009854,0,0.03869313169661216,-0.004147876516374598,1,-4.080298498989368
9.813,0.0793629,-0.36973890000000004,9.888480000000001,0.033170711366967254,0,0.03282547912386577,-0.0031213467958309754,1,-4.0803566527758655
9.829,0.0793629,-0.3562992,9.9033912,0.03403452433414422,0,0.05398831044856051,-0.002083704910222082,1,-4.080398293189514
9.844,0.1317483,-0.3562992,9.8615025,0.0338699557679476,0,-0.010971237746442297,-0.0010744213094564343,1,-4.080421979136162
9.86,0.1107549,-0.36669779999999996,9.8615025,0.033712400384573016,0,-0.0098472114609116,-3.3762460236268915e-05,1,-4.080430844606319
9.875,0.1107549,-0.3487455,9.7791966,0.031536747161935,0,-0.14504354817586243,0.0,1,-4.08043109782477
9.891,0.1631403,-0.3487455,9.922913099999999,0.032934644412039304,0,0.08736857813151913,0.00047137727895435076,1,-4.0804273268065385
9.907,0.1631403,-0.3487455,9.922913099999999,0.03429844660726289,0,0.08523763720147397,0.000509242007108768,1,-4.08041948185225
9.922,0.113796,-0.33824879999999996,9.8689581,0.03428822576838897,0,-0.0006813892582613076,0.0005236420499261751,1,-4.080411735221822
9.938,0.113796,-0.33824879999999996,9.8689581,0.034278254218268245,0,-0.0006232218825452657,0.0005721738898194317,1,-4.080402968694304
9.954,0.11821050000000001,-0.33530580000000004,9.9138879,0.035362484321353804,0,0.06776438144284741,0.0006292997981364066,1,-4.0803933569048
9.969,0.18266220000000002,-0.3143124,9.8704296,0.03536809974329458,0,0.000374361462718328,0.0006597791786212273,1,-4.080383688812474
9.985,0.18266220000000002,-0.3143124,9.8704296,0.035373578203724776,0,0.00034240377688732305,0.0007257126021973817,1,-4.080372604878227
10.0,0.18266220000000002,-0.315882,9.8016615,0.03370402657637328,0,-0.11130344182342881,0.0007437946380481372,1,-4.080361583573925
10.016,0.1661814,-0.315882,9.7986204,0.03199392342003726,0,-0.10688144727100103,0.0007693782380194208,1,-4.080349478190916
10.032,0.17069399999999998,-0.3008727,9.7986204,0.03031590716408772,0,-0.10487601599684639,0.0007678568826924195,1,-4.08033718030995
10.047,0.17069399999999998,-0.3023442,9.842078700000002,0.029739218853727323,0,-0.03844588735735827,0.0007182703278260506,1,-4.080326034355871
10.063,0.1781496,-0.3023442,9.9048627,0.030710167487617568,0,0.060684289618140264,0.0007018654185568097,1,-4.080314673269901
