timestamps,acc_x,acc_y,acc_z,aAcc,aStages,aJerk,aVelocity,avStages,aHeight
0.047,0.2230794,-0.4116276,9.821085300000002,0.016515986909071856,0,0.0,0.0,0,0.0
0.063,0.2230794,-0.4116276,9.821085300000002,0.016515986909071856,0,0.0,0.0,0,0.0
0.079,0.2230794,-0.35178660000000006,9.821085300000002,0.01645931809475698,0,-0.003541800894679703,2.8058230575780333e-05,0,2.2446584460624267e-07
0.094,0.0823059,-0.35178660000000006,9.854046900000002,0.017154091214621303,0,0.04631820799095484,0.0,0,4.3490257392459514e-07
0.11,0.1212516,-0.37572300000000003,9.8255979,0.017169937542332647,0,0.0009903954819590055,5.4751030451749e-05,0,8.729108175385871e-07
0.125,0.0673947,-0.4027005000000001,9.8255979,0.017198840323802145,0,0.0019268520979665027,0.0,0,1.2835435459267044e-06
0.141,0.0673947,-0.3907323,9.8225568,0.01714114920866905,0,-0.0036056946958185096,8.723678070752931e-05,1,1.9814377915869385e-06
0.157,0.0973152,-0.3907323,9.836094600000001,0.0174208922367729,0,0.017483939256490708,0.0,1,2.6793320372471735e-06
0.172,0.08829,-0.33824879999999996,9.836094600000001,0.017644336334692312,0,0.014896273194627474,0.0001267223265570541,1,3.6297494864250783e-06
0.188,0.08829,-0.3173535,9.818044200000001,0.017405349672344528,0,-0.014936666396736506,0.0,1,4.643528098881512e-06
0.204,0.11978010000000001,-0.3173535,9.8165727,0.017144456908036787,0,-0.016305797769233812,0.00018351826725639944,1,6.1116742369327065e-06
0.219,0.1078119,-0.3053853,9.8165727,0.016877291797250393,0,-0.017811007385759563,0.0,1,7.488061241355704e-06
0.235,0.1078119,-0.261927,9.771642900000002,0.015490638633073317,0,-0.08666582276106734,0.00019762482598864334,1,9.069059849264849e-06
0.25,0.1212516,-0.261927,9.7791966,0.014325803022302352,0,-0.0776557073847309,0.0,1,1.0551246044179676e-05
0.266,0.1930608,-0.31136939999999996,9.764187300000001,0.012887012756999994,0,-0.08992439158139734,0.00013895066463838002,1,1.1662851361286717e-05
0.282,0.1646118,-0.3592422,9.764187300000001,0.011510682180905007,0,-0.08602066100593686,0.0,1,1.2774456678393753e-05
0.297,0.1646118,-0.36071369999999997,9.747706500000001,0.00976760356515527,0,-0.11620524104998244,0.0,1,1.2774456678393753e-05
0.313,0.0793629,-0.36071369999999997,9.771642900000002,0.008624435573253209,0,-0.07144799949387874,0.00014085568034433865,1,1.3901302121148463e-05
0.329,0.10182780000000001,-0.3173535,9.771642900000002,0.007477557191590378,0,-0.07167989885392682,0.0,1,1.5028147563903173e-05
0.344,0.10182780000000001,-0.3771945,9.788123700000002,0.006812136439181771,0,-0.044361383493907294,0.0,1,1.5028147563903173e-05
0.36,0.1107549,-0.3771945,9.836094600000001,0.007334392019242131,0,0.03264097375377248,0.0,1,1.5028147563903173e-05
0.375,0.1212516,-0.40113090000000007,9.836094600000001,0.007870005260302904,0,0.035707549404051485,0.00010404953195785639,1,1.5808519053587097e-05
0.391,0.1212516,-0.37572300000000003,9.8196138,0.0079664568021105,0,0.006028221362974756,0.0,1,1.664091530924995e-05
0.407,0.15568469999999998,-0.37572300000000003,9.8524773,0.008873253103198309,0,0.0566747688179882,0.0,1,1.664091530924995e-05
0.422,0.1466595,-0.3503151,9.874942200000001,0.01027926116850253,0,0.09373387102028129,9.102764737390148e-06,1,1.6709186044780376e-05
0.438,0.1406754,-0.3427614,9.874942200000001,0.011642393755076696,0,0.08519578666088538,0.0,1,1.6782008162679496e-05
0.454,0.1406754,-0.33824879999999996,9.856989900000002,0.01253092722586402,0,0.05553334192420762,0.0,1,1.6782008162679496e-05
0.469,0.1406754,-0.33824879999999996,9.856989900000002,0.013397789148584138,0,0.0577907948480081,7.23279447819112e-05,1,1.732446774854383e-05
0.485,0.1272357,-0.33824879999999996,9.7911648,0.012634651337826597,0,-0.0476961131723463,0.0,1,1.7903091306799118e-05
0.5,0.1392039,-0.3202965,9.7911648,0.011879380371334847,0,-0.05035139776611663,0.0,1,1.7903091306799118e-05
0.516,0.1392039,-0.33226469999999997,9.8615025,0.012866653688996976,0,0.06170458235388304,0.00016241097897456286,1,1.9202379138595624e-05
0.532,0.11673900000000001,-0.33226469999999997,9.746235,0.01101315124581248,0,-0.1158439026990309,0.0,1,2.050166697039213e-05
0.547,0.09584369999999999,-0.3532581,9.695321100000001,0.00797637413783292,0,-0.20245180719863717,0.0,1,2.050166697039213e-05
0.563,0.09584369999999999,-0.3532581,9.695321100000001,0.0050136647641956245,0,-0.18516933585233208,9.979117004660538e-05,1,2.129999633076497e-05
0.579,0.09878670000000002,-0.3532581,9.747706500000001,0.0034007206912569643,0,-0.10080900455866618,0.0,1,2.2098325691137814e-05
0.594,0.0823059,-0.3218661,9.771642900000002,0.0023803642934776548,0,-0.06802375985195391,0.0,1,2.2098325691137814e-05
0.61,0.11673900000000001,-0.36375480000000004,9.771642900000002,0.0014292610090294033,0,-0.05944395527801566,0.0,1,2.2098325691137814e-05
0.625,0.11673900000000001,-0.35178660000000006,9.7986204,0.0011481919025104759,0,-0.01873794043459515,0.0,1,2.2098325691137814e-05
0.641,0.142245,-0.35178660000000006,9.821085300000002,0.0014297082853893528,0,0.01759477392992979,0.0,1,2.2098325691137814e-05
0.657,0.16166880000000003,-0.33226469999999997,9.821085300000002,0.0016951132385791823,0,0.01658780957436433,0.0,1,2.2098325691137814e-05
0.672,0.16166880000000003,-0.315882,9.834525,0.0022684527945919797,0,0.03822263706751979,0.0,1,2.2098325691137814e-05
0.688,0.1466595,-0.315882,9.843550200000001,0.0030420625727405337,0,0.04835061113428492,0.0,1,2.2098325691137814e-05
0.704,0.11673900000000001,-0.347274,9.843550200000001,0.003812820569804032,0,0.04817237481646859,0.0,1,2.2098325691137814e-05
0.719,0.11673900000000001,-0.3278502,9.866015100000002,0.005096127118743965,0,0.0855537699293288,0.0,1,2.2098325691137814e-05
0.735,0.08534699999999999,-0.3278502,9.856989900000002,0.0061202996949614175,0,0.06401078601359073,8.949251952884013e-05,1,2.2814265847368535e-05
0.75,0.0688662,-0.36375480000000004,9.8375661,0.006673635448846582,0,0.036889050259010944,0.0,1,2.3485459743834836e-05
0.766,0.08377740000000002,-0.3562992,9.8375661,0.007209644481582345,0,0.03350056454598513,0.0,1,2.3485459743834836e-05
0.782,0.08377740000000002,-0.31136939999999996,9.8255979,0.0074036652686633175,0,0.012126299192560797,0.0,1,2.3485459743834836e-05
0.797,0.0823059,-0.31136939999999996,9.783611100000002,0.006569134427012457,0,-0.05563538944339062,1.8215748270366053e-05,1,2.362207785586258e-05
0.813,0.1212516,-0.3307932,9.783611100000002,0.005780372321003924,0,-0.049297631625533654,0.0,1,2.3767803842025507e-05
0.829,0.1212516,-0.3278502,9.836094600000001,0.006287707165862244,0,0.031708427803644995,0.0,1,2.3767803842025507e-05
0.844,0.1332198,-0.3278502,9.7956774,0.005801296223632235,0,-0.032427396148667235,0.0,1,2.3767803842025507e-05
0.86,0.1377324,-0.34580249999999996,9.7956774,0.005343315717693642,0,-0.028623781621162057,0.0,1,2.3767803842025507e-05
0.875,0.1377324,-0.31136939999999996,9.8016615,0.005014218464273412,0,-0.021939816894681958,0.0,1,2.3767803842025507e-05
0.891,0.15568469999999998,-0.33981839999999996,9.7612443,0.0037376650941141065,0,-0.07978458563495654,4.107743393309306e-05,1,2.4096423313490253e-05
0.907,0.1392039,-0.33530580000000004,9.7612443,0.00248237620591496,0,-0.07845555551244658,0.0,1,2.4425042784955e-05
0.922,0.1392039,-0.3367773,9.7701714,0.0014765215364302975,0,-0.06705697796564411,0.0,1,2.4425042784955e-05
0.938,0.1392039,-0.3367773,9.7701714,0.0004951999076645563,0,-0.06133260179785919,0.0,1,2.4425042784955e-05
0.954,0.1032993,-0.3367773,9.806076000000001,0.00040210759178194166,0,-0.005818269742663413,0.0,1,2.4425042784955e-05
0.969,0.0793629,-0.3562992,9.806076000000001,0.00032266723283314036,0,-0.005296023929920082,0.0,1,2.4425042784955e-05
0.985,0.0793629,-0.2934171,9.788123700000002,-0.00024326528689400106,0,-0.035370782482946304,0.0,1,2.4425042784955e-05
1.0,0.1122264,-0.2934171,9.7732125,-0.0011510542175852123,0,-0.0605192620460807,0.0,1,2.4425042784955e-05
1.016,0.1377324,-0.3562992,9.7732125,-0.001977804321329657,0,-0.051671881484027744,0.0,1,2.4425042784955e-05
1.032,0.1377324,-0.32333760000000006,9.845021700000002,-0.0010620026616479095,0,0.05723760373010917,0.0,1,2.4425042784955e-05
1.047,0.1287072,-0.34580249999999996,9.7971489,-0.0013197123731139015,0,-0.017180647431066252,0.0,1,2.4425042784955e-05
1.063,0.12272310000000002,-0.34580249999999996,9.8285409,-0.0008078842076031378,0,0.031989260344422704,0.0,1,2.4425042784955e-05
1.079,0.09584369999999999,-0.35178660000000006,9.8285409,-0.000310648155775084,0,0.03107725323925334,0.0,1,2.4425042784955e-05
1.094,0.09584369999999999,-0.35178660000000006,9.8285409,0.0001744601874715812,0,0.03234055621644408,0.0,1,2.4425042784955e-05
1.11,0.1002582,-0.38023560000000006,9.7911648,-0.00023625016520689712,0,-0.02566939704240487,0.0,1,2.4425042784955e-05
1.125,0.1257642,-0.347274,9.7911648,-0.0006596131374614345,0,-0.028224198150302672,0.0,1,2.4425042784955e-05
1.141,0.1257642,-0.3532581,9.7895952,-0.0011056875295807345,0,-0.027879649507456226,0.0,1,2.4425042784955e-05
1.157,0.1257642,-0.3532581,9.7895952,-0.001540882058476356,0,-0.027199658055976326,0.0,1,2.4425042784955e-05
1.172,0.10182780000000001,-0.3532581,9.8046045,-0.0016064205668051557,0,-0.004369233888586668,0.0,1,2.4425042784955e-05
1.188,0.1661814,-0.2798793,9.7851807,-0.002180161394671032,0,-0.03585880174161723,0.0,1,2.4425042784955e-05
1.204,0.1661814,-0.2798793,9.7851807,-0.002739908543809122,0,-0.0349841968211306,0.0,1,2.4425042784955e-05
1.219,0.1362609,-0.2694807,9.7268112,-0.004727356129242466,0,-0.13249650569555516,0.0,1,2.4425042784955e-05
1.235,0.1377324,-0.2694807,9.759674700000001,-0.005864661745166089,0,-0.07108160099522635,0.0,1,2.4425042784955e-05
1.25,0.1257642,-0.3008727,9.759674700000001,-0.006955805833385398,0,-0.07274293921462108,0.0,1,2.4425042784955e-05
1.266,0.1257642,-0.32932170000000005,9.834525,-0.0061735115225936,0,0.04889339442448733,0.0,1,2.4425042784955e-05
1.282,0.09878670000000002,-0.32932170000000005,9.7956774,-0.006364726391439035,0,-0.011950929302839686,-3.3108087397452565e-05,1,2.4160178085775377e-05
1.297,0.1317483,-0.3427614,9.7956774,-0.006530585873223416,0,-0.011057298785625445,0.0,1,2.3911867430294486e-05
1.313,0.1317483,-0.318825,9.818044200000001,-0.006166907491586215,0,0.022729898852324994,0.0,1,2.3911867430294486e-05
1.329,0.1062423,-0.318825,9.800091900000002,-0.006257238872708015,0,-0.005645711320112485,0.0,1,2.3911867430294486e-05
1.344,0.09133110000000001,-0.33981839999999996,9.800091900000002,-0.006331835060512603,0,-0.004973079186972462,0.0,1,2.3911867430294486e-05
1.36,0.09133110000000001,-0.39671639999999997,9.7372098,-0.00788488174793045,0,-0.09706541796361537,-3.894783618195105e-05,1,2.3600284740838876e-05
1.375,0.10928340000000002,-0.3487455,9.834525,-0.007068406312814801,0,0.054431695674376945,0.0,1,2.3308175969474246e-05
1.391,0.1257642,-0.3487455,9.851005800000001,-0.005865358769620244,0,0.07519047144965978,0.0,1,2.3308175969474246e-05
1.407,0.1631403,-0.35777070000000005,9.851005800000001,-0.004670408444122032,0,0.07468439534363817,0.0,1,2.3308175969474246e-05
1.422,0.1631403,-0.37572300000000003,9.752219100000001,-0.005895645929244964,0,-0.08168249900819599,0.0,1,2.3308175969474246e-05
1.438,0.1406754,-0.37572300000000003,9.8091171,-0.005712937028132359,0,0.011419306319537793,-1.0967826466227668e-05,1,2.3220433357744425e-05
1.454,0.0823059,-0.3307932,9.7297542,-0.007524793895644422,0,-0.11324105421950383,0.0,1,2.3132690746014604e-05
1.469,0.1272357,-0.3307932,9.8091171,-0.0073462585419736826,0,0.011902356911382504,0.0,1,2.3132690746014604e-05
1.485,0.0973152,-0.3592422,9.8091171,-0.007156035777224901,0,0.011888922796798863,0.0,1,2.3132690746014604e-05
1.5,0.0973152,-0.3592422,9.8091171,-0.006970452592103271,0,0.012372212341442042,0.0,1,2.3132690746014604e-05
1.516,0.1377324,-0.36375480000000004,9.783611100000002,-0.007395148580325639,0,-0.02654349926389796,-6.529439384155879e-05,1,2.2610335595282133e-05
1.532,0.1377324,-0.3427614,9.7627158,-0.008337238140665448,0,-0.05888059752123803,0.0,1,2.208798044454966e-05
1.547,0.0928026,-0.3427614,9.8240283,-0.00777483485976127,0,0.037493552060278774,0.0,1,2.208798044454966e-05
1.563,0.0733788,-0.3008727,9.8240283,-0.007263602351352816,0,0.03195203177552838,0.0,1,2.208798044454966e-05
1.579,0.0733788,-0.3053853,9.7895952,-0.0076008458675644874,0,-0.021077719763229457,-5.121711855293927e-05,1,2.1678243496126147e-05
1.594,0.0777933,-0.3053853,9.7656588,-0.008512544663455301,0,-0.06077991972605377,0.0,1,2.12941151069791e-05
1.61,0.1287072,-0.3338343,9.7656588,-0.009366189733116315,0,-0.053352816853813274,0.0,1,2.12941151069791e-05
1.625,0.1287072,-0.3562992,9.877983300000002,-0.00744208090359777,0,0.12827392196790383,0.0,1,2.12941151069791e-05
1.641,0.1392039,-0.3562992,9.7895952,-0.007715610382033944,0,-0.01709559240226087,-6.242098276856844e-05,1,2.079474724483055e-05
1.657,0.1107549,-0.3173535,9.7895952,-0.00802398139945737,0,-0.01927318858896408,0.0,1,2.0295379382682003e-05
1.672,0.1406754,-0.3023442,9.8524773,-0.006794218763257476,0,0.08198417574666012,0.0,1,2.0295379382682003e-05
1.688,0.1406754,-0.3547296,9.855518400000001,-0.005477755429328823,0,0.08227895837054071,0.0,1,2.0295379382682003e-05
1.704,0.15421320000000002,-0.3547296,9.8151012,-0.005173488770253698,0,0.019016666192195313,0.0,1,2.0295379382682003e-05
1.719,0.10182780000000001,-0.3218661,9.8151012,-0.004920905251115215,0,0.016838901275898717,-5.856792053847773e-05,1,1.9856119978643415e-05
1.735,0.10182780000000001,-0.3367773,9.740250900000001,-0.006486723460302102,0,-0.09786363807418033,0.0,1,1.9387576614335593e-05
1.75,0.1032993,-0.3367773,9.7732125,-0.007210555323011292,0,-0.04825545751394631,0.0,1,1.9387576614335593e-05
1.766,0.1002582,-0.35178660000000006,9.7732125,-0.007904617413984738,0,-0.04337888068584035,0.0,1,1.9387576614335593e-05
1.782,0.1002582,-0.34580249999999996,9.7013052,-0.01033959535346618,0,-0.15218612121758998,-1.943362514024178e-05,1,1.923210761321366e-05
1.797,0.1332198,-0.34580249999999996,9.740250900000001,-0.011756310715464124,0,-0.09444769079986358,0.0,1,1.908635542466185e-05
1.813,0.1332198,-0.34580249999999996,9.740250900000001,-0.013138472044241567,0,-0.08638508304859008,0.0,1,1.908635542466185e-05
1.829,0.1287072,-0.347274,9.7686999,-0.01379374648921683,0,-0.04095465281095386,-9.976893100253036e-05,1,1.8288203976641606e-05
1.844,0.1287072,-0.3248091,9.8240283,-0.01310325858799466,0,0.04603252674814427,0.0,1,1.753993699412262e-05
1.86,0.1078119,-0.3248091,9.8255979,-0.012397483290335742,0,0.04411095610368228,-5.5024041082617214e-06,1,1.7495917761256526e-05
1.875,0.1078119,-0.3248091,9.8255979,-0.01170892202432583,0,0.04590408440066115,0.0,1,1.7454649730444562e-05
1.891,0.113796,-0.33530580000000004,9.8255979,-0.011026915413715699,0,0.04262541316313314,0.0,1,1.7454649730444562e-05
1.907,0.113796,-0.33981839999999996,9.7208271,-0.012911433442763354,0,-0.11778237681547832,-5.969393432438824e-05,1,1.6977098255849454e-05
1.922,0.1272357,-0.33981839999999996,9.7971489,-0.01288570460525662,0,0.0017152558337822292,0.0,1,1.6529393748416546e-05
1.938,0.1122264,-0.3652263,9.7971489,-0.012842791744002824,0,0.002682053828362283,0.0,1,1.6529393748416546e-05
1.954,0.1122264,-0.347274,9.9288972,-0.009605660285922468,0,0.20232071613002206,-0.00013858805671801422,1,1.542068929467243e-05
1.969,0.1526436,-0.33226469999999997,9.8120601,-0.00929459427110757,0,0.02073773432099303,0.0,1,1.4381278869287315e-05
1.985,0.1526436,-0.33226469999999997,9.8120601,-0.008991115232262814,0,0.01896743992779724,0.0,2,1.4381278869287315e-05
2.0,0.12272310000000002,-0.36375480000000004,9.8120601,-0.008678049767132379,0,0.02087103100869583,-5.914437941816758e-05,2,1.3937696023651062e-05
2.016,0.12272310000000002,-0.33981839999999996,9.8076456,-0.008501133933238592,0,0.011057239618361681,0.0,2,1.3464540988305721e-05
2.032,0.15568469999999998,-0.33981839999999996,9.7297542,-0.010215531474990769,0,-0.10714984635951098,0.0,2,1.3464540988305721e-05
2.047,0.1287072,-0.33530580000000004,9.7297542,-0.011901539630555291,0,-0.11240054370430055,-1.2189205578567314e-05,2,1.3373121946466465e-05
2.063,0.1287072,-0.36071369999999997,9.806076000000001,-0.011664198343646959,0,0.014833830431770764,0.0,2,1.3275608301837926e-05
2.079,0.0733788,-0.36071369999999997,9.871999200000001,-0.009839781984995355,0,0.11402602241572514,0.0,2,1.3275608301837926e-05
2.094,0.10182780000000001,-0.33530580000000004,9.871999200000001,-0.00807554174938474,0,0.11761601570737681,-7.111880009172053e-06,2,1.3222269201769137e-05
2.11,0.10182780000000001,-0.318825,9.7582032,-0.009141541171274525,0,-0.06662496386811151,0.0,2,1.316537416169576e-05
2.125,0.1002582,-0.318825,9.7417224,-0.01058367155606632,0,-0.09614202565278557,0.0,2,1.316537416169576e-05
2.141,0.1212516,-0.3248091,9.740250900000001,-0.01201585910728653,0,-0.08951172195126303,0.0,2,1.316537416169576e-05
2.157,0.1406754,-0.3173535,9.740250900000001,-0.013412739995123601,0,-0.08730505548981685,-0.00017701267695560859,2,1.174927274605089e-05
2.172,0.1406754,-0.36071369999999997,9.862974000000001,-0.011747851870426373,0,0.11099254164648095,0.0,2,1.0421677668883815e-05
2.188,0.08534699999999999,-0.36071369999999997,9.9048627,-0.009118063906090157,0,0.1643617477710134,-3.264444215936649e-05,2,1.0160522131608883e-05
2.204,0.1377324,-0.34128990000000003,9.9048627,-0.006554815686985904,0,0.16020301369401566,0.0,2,9.899366594333951e-06
2.219,0.1377324,-0.318825,9.9213435,-0.0036706079106121337,0,0.19228051842492214,0.0,2,9.899366594333951e-06
2.235,0.1287072,-0.318825,9.7732125,-0.004470451477860848,0,-0.04999022295304463,0.0,2,9.899366594333951e-06
2.25,0.09133110000000001,-0.3338343,9.7732125,-0.0052488265945420665,0,-0.05189167444541411,0.0,2,9.899366594333951e-06
2.266,0.09133110000000001,-0.36071369999999997,9.708858900000001,-0.0075533933531968245,0,-0.14403542241592224,0.0,2,9.899366594333951e-06
2.282,0.1332198,-0.36071369999999997,9.8120601,-0.007274793963182091,0,0.017412461875920812,-9.378447464970796e-05,2,9.149090797136287e-06
2.297,0.1482291,-0.3876912,9.854046900000002,-0.005949513691774655,0,0.08835201809382835,0.0,2,8.445707237263471e-06
2.313,0.0868185,-0.2994012,9.854046900000002,-0.004749432083960059,0,0.07500510048841218,0.0,2,8.445707237263471e-06
2.329,0.0868185,-0.3143124,9.839037600000001,-0.003933181297307797,0,0.05101567416576631,0.0,2,8.445707237263471e-06
2.344,0.10928340000000002,-0.3143124,9.7956774,-0.004188340618423325,0,-0.01701062140770222,0.0,2,8.445707237263471e-06
2.36,0.1377324,-0.3278502,9.7956774,-0.004417716999091326,0,-0.014336023791750018,0.0,2,8.445707237263471e-06
2.375,0.1377324,-0.33530580000000004,9.7582032,-0.005548724961551343,0,-0.07540053083066722,-5.252744533082443e-05,2,8.051751397282285e-06
2.391,0.1122264,-0.33530580000000004,9.806076000000001,-0.005493242373717067,0,0.0034676617396422996,0.0,2,7.63153183463569e-06
2.407,0.10928340000000002,-0.2664396,9.806076000000001,-0.005491431358523258,0,0.0001131884496130552,0.0,2,7.63153183463569e-06
2.422,0.10928340000000002,-0.3008727,9.8524773,-0.004334243414332306,0,0.07714586294606281,0.0,2,7.63153183463569e-06
2.438,0.10928340000000002,-0.3008727,9.8524773,-0.0032052795663410905,0,0.07056024049945091,0.0,2,7.63153183463569e-06
2.454,0.1078119,-0.3487455,9.8824959,-0.001334115906038491,0,0.11694772876891237,0.0,2,7.63153183463569e-06
2.469,0.1497006,-0.3487455,9.856989900000002,-0.00011692684964792477,0,0.08114593709270615,0.0,2,7.63153183463569e-06
2.485,0.145188,-0.32932170000000005,9.774684,-0.0009534667840362943,0,-0.052283745899273044,0.0,2,7.63153183463569e-06
2.5,0.11978010000000001,-0.32932170000000005,9.800091900000002,-0.0011586890681147821,0,-0.013681485605232411,0.0,2,7.63153183463569e-06
2.516,0.11978010000000001,-0.32932170000000005,9.800091900000002,-0.0013589059306315932,0,-0.01251355390730068,0.0,2,7.63153183463569e-06
2.532,0.0898596,-0.3367773,9.800091900000002,-0.0015558640378774413,0,-0.0123098817028655,0.0,2,7.63153183463569e-06
2.547,0.0898596,-0.36071369999999997,9.800091900000002,-0.0017272567245463222,0,-0.011426179111258629,-2.4339463762131086e-06,2,7.6132772368140914e-06
2.563,0.09584369999999999,-0.36071369999999997,9.895935600000001,0.0004428869123582757,0,0.13563397730653726,0.0,2,7.593805665804386e-06
2.579,0.12272310000000002,-0.39671639999999997,9.895935600000001,0.00260091289099762,0,0.1348766236649589,0.0,2,7.593805665804386e-06
2.594,0.12272310000000002,-0.36826739999999997,9.831582000000001,0.003111120865089134,0,0.03401386493943502,0.0,2,7.593805665804386e-06
2.61,0.1377324,-0.2994012,9.7806681,0.0023156335517526827,0,-0.04971795708352818,0.0,2,7.593805665804386e-06
2.625,0.173637,-0.2994012,9.7627158,0.0011158928644867672,0,-0.0799827124843937,0.0,2,7.593805665804386e-06
2.641,0.113796,-0.2994012,9.7627158,-7.605910536589988e-05,0,-0.07449699811579162,0.0,2,7.593805665804386e-06
2.657,0.113796,-0.31136939999999996,9.842078700000002,0.0007047613672650499,0,0.04880127953943432,0.0,2,7.593805665804386e-06
2.672,0.113796,-0.31136939999999996,9.874942200000001,0.0022676334150446564,0,0.1041914698519729,0.0,2,7.593805665804386e-06
2.688,0.1062423,-0.3278502,9.874942200000001,0.0038033376689519116,0,0.09598151586920337,0.0,2,7.593805665804386e-06
2.704,0.1062423,-0.344331,9.8165727,0.0038925641675540135,0,0.005576656162631361,0.0,2,7.593805665804386e-06
2.719,0.16019730000000001,-0.344331,9.7941078,0.003449946828608219,0,-0.02950782259638692,0.0,2,7.593805665804386e-06
2.735,0.1526436,-0.3023442,9.7941078,0.0029813993313680953,0,-0.029284218577507713,0.0,2,7.593805665804386e-06
2.75,0.1526436,-0.2858634,9.7971489,0.0025863487056980716,0,-0.02633670837800136,0.0,2,7.593805665804386e-06
2.766,0.0868185,-0.33981839999999996,9.783611100000002,0.0018933423996188026,0,-0.043312894129954274,0.0,2,7.593805665804386e-06
2.782,0.0777933,-0.33981839999999996,9.843550200000001,0.002676395754960481,0,0.048940834708854866,0.0,2,7.593805665804386e-06
2.797,0.0898596,-0.3532581,9.843550200000001,0.0034543872419643407,0,0.05186609913359021,3.606248116494286e-05,2,7.86427427454146e-06
2.813,0.0898596,-0.39818790000000004,9.8495343,0.00440102739965198,0,0.0591650098554774,0.0,2,8.152774123861003e-06
2.829,0.1272357,-0.39818790000000004,9.764187300000001,0.00325487085796361,0,-0.07163478385552306,0.0,2,8.152774123861003e-06
2.844,0.15568469999999998,-0.3847482,9.764187300000001,0.002133582693247149,0,-0.0747525443144323,0.0,2,8.152774123861003e-06
2.86,0.15568469999999998,-0.3173535,9.7656588,0.0010164573651625375,0,-0.06982033300528817,0.0,2,8.152774123861003e-06
2.875,0.1482291,-0.3173535,9.7447635,-0.0005855619870835937,0,-0.1068012901497412,0.0,2,8.152774123861003e-06
2.891,0.10477080000000001,-0.3173535,9.7732125,-0.0014687873486050051,0,-0.055201585095088164,0.0,2,8.152774123861003e-06
2.907,0.1287072,-0.3278502,9.8524773,-0.00038301210437907685,0,0.06786095276412046,0.0,2,8.152774123861003e-06
2.922,0.15421320000000002,-0.3278502,9.8704296,0.0011227726786060543,0,0.10038565219900791,0.0,2,8.152774123861003e-06
2.938,0.15421320000000002,-0.3278502,9.8704296,0.0025918310034711567,0,0.09181614530406881,0.0,2,8.152774123861003e-06
2.954,0.1586277,-0.3173535,9.8704296,0.0040184017504039105,0,0.08916067168329703,0.0,2,8.152774123861003e-06
2.969,0.1586277,-0.32333760000000006,9.821085300000002,0.004212196797716672,0,0.012919669820851036,0.0,2,8.152774123861003e-06
2.985,0.12272310000000002,-0.32333760000000006,9.771642900000002,0.0031835681427914153,0,-0.06428929093282848,0.0,2,8.152774123861003e-06
3.0,0.0898596,-0.290376,9.771642900000002,0.0021460819558889455,0,-0.06916574579349742,0.0,2,8.152774123861003e-06
3.016,0.0898596,-0.3307932,9.834525,0.002697988577514465,0,0.034494163851594956,0.0,2,8.152774123861003e-06
3.032,0.0554265,-0.3307932,9.836094600000001,0.0032684949871253366,0,0.03565665060067943,3.324854444010199e-05,2,8.41876247938182e-06
3.047,0.1482291,-0.35777070000000005,9.836094600000001,0.0038715185176094735,0,0.040201568698942126,0.0,2,8.668126562682586e-06
3.063,0.1646118,-0.38621970000000005,9.8764137,0.005474904884593457,0,0.10021164793649887,0.0,2,8.668126562682586e-06
3.079,0.1646118,-0.3143124,9.7956774,0.005009134616763333,0,-0.02911064173938269,0.0,2,8.668126562682586e-06
3.094,0.1302768,-0.3143124,9.7627158,0.0037386721023100478,0,-0.08469750096355418,0.0,2,8.668126562682586e-06
3.11,0.113796,-0.290376,9.7627158,0.0024761043290748574,0,-0.07891048582719933,0.0,2,8.668126562682586e-06
3.125,0.113796,-0.36669779999999996,9.7268112,0.0004318915461780648,0,-0.1362808521931184,0.0,2,8.668126562682586e-06
3.141,0.10182780000000001,-0.36669779999999996,9.7941078,7.443878670798654e-05,0,-0.02234079746687987,0.0,2,8.668126562682586e-06
3.157,0.1377324,-0.3487455,9.7941078,-0.0002795742807322199,0,-0.022125816715012882,0.0,2,8.668126562682586e-06
3.172,0.1377324,-0.3262806,9.7895952,-0.0007538132265434427,0,-0.03161592972074793,0.0,2,8.668126562682586e-06
3.188,0.1377324,-0.3262806,9.7895952,-0.0012164853687988142,0,-0.02891700889096069,0.0,2,8.668126562682586e-06
3.204,0.1287072,-0.3262806,9.8151012,-0.0010491667498016,0,0.01045741368732588,0.0,2,8.668126562682586e-06
3.219,0.1122264,-0.3218661,9.8151012,-0.0008944124970557965,0,0.010316950183053784,0.0,2,8.668126562682586e-06
3.235,0.1571562,-0.3023442,9.6848244,-0.003919079237940437,0,-0.18904167130528987,0.0,2,8.668126562682586e-06
3.25,0.1571562,-0.3307932,9.5995755,-0.008925051168455767,0,-0.3337314620343525,0.0,2,8.668126562682586e-06
3.266,0.08534699999999999,-0.3307932,9.6369516,-0.012919995846317534,0,-0.24968404236636021,0.0,2,8.668126562682586e-06
3.282,0.0973152,-0.34580249999999996,9.6369516,-0.01680189573641755,0,-0.24261874313125076,0.0,2,8.668126562682586e-06
3.297,0.0973152,-0.3307932,9.613015200000001,-0.021185397910032933,0,-0.29223347824102314,-3.5053408504182038e-06,3,8.64183650630445e-06
3.313,0.11673900000000001,-0.3307932,9.580053600000001,-0.026260119206979127,0,-0.31717008105913685,0.0,3,8.613793779501104e-06
3.329,0.16019730000000001,-0.36375480000000004,9.580053600000001,-0.03116663775565165,0,-0.3066574092920324,-0.00034248353348756075,3,5.8739255116006155e-06
3.344,0.16019730000000001,-0.36375480000000004,9.424368900000001,-0.039747355153792796,0,-0.5720478265427553,-0.00037433848030838345,3,4.977604081311487e-07
3.36,0.10182780000000001,-0.30685680000000004,9.407888100000001,-0.048589634885686905,0,-0.5526424832433814,-0.0005810344006242202,3,-7.1452226393296875e-06
3.375,0.10182780000000001,-0.30685680000000004,9.407888100000001,-0.05721624925826596,0,-0.5751076248385989,-0.0008745785317038741,3,-1.8062319631790485e-05
3.391,0.1002582,-0.37268190000000007,9.407888100000001,-0.06557492787194974,0,-0.5224174133552357,-0.0013569079487455995,3,-3.591421147538629e-05
3.407,0.1002582,-0.3307932,9.4109292,-0.07369378208425204,0,-0.507428388268893,-0.0019710576283952126,3,-6.253793609251282e-05
3.422,0.1362609,-0.3307932,9.349518600000001,-0.08310031990274602,1,-0.6271025212329273,-0.003147013393297705,3,-0.00010092346875521002
3.438,0.11978010000000001,-0.3532581,9.349518600000001,-0.09226290088334288,1,-0.572661311287303,-0.00454991915958642,3,-0.00016249892917828308
3.454,0.11978010000000001,-0.32932170000000005,9.306158400000001,-0.1022801199315051,1,-0.6260761905101381,-0.006106263326105206,3,-0.00024774838906381616
3.469,0.11978010000000001,-0.3173535,9.1026009,-0.11702460046456586,1,-0.9829653688707387,-0.0077510487290757026,3,-0.00035167822947767077
3.485,0.11978010000000001,-0.33981839999999996,9.2552445,-0.12766954575499234,1,-0.6653090806516543,-0.00970860189883217,3,-0.0004913554345009339
3.5,0.11978010000000001,-0.33981839999999996,9.2552445,-0.13805485823345798,1,-0.6923541652310367,-0.011701534928745563,3,-0.0006519314607077682
3.516,0.1571562,-0.33981839999999996,9.2208114,-0.14901238530201333,1,-0.6848454417847089,-0.013998072877029335,3,-0.0008575283231539675
3.532,0.1332198,-0.3487455,9.1040724,-0.16254864970207628,1,-0.8460165250039334,-0.016490561157062055,3,-0.0011014373954266988
3.547,0.11978010000000001,-0.344331,9.1040724,-0.17576340730893492,1,-0.8809838404572354,-0.01902790158464466,3,-0.0013678258659895013
3.563,0.11978010000000001,-0.29783160000000003,9.0127413,-0.19092201402789755,1,-0.9474129199351635,-0.021961384955339322,3,-0.0016957401583093735
3.579,0.1661814,-0.29783160000000003,8.964868500000001,-0.2068597461973365,1,-0.9961082605899332,-0.025143639037141195,3,-0.0020725803502492177
3.594,0.1302768,-0.34128990000000003,8.964868500000001,-0.22238546768117295,1,-1.0350480989224529,-0.02836297814122995,3,-0.002473879979086993
3.61,0.1302768,-0.344331,8.9543718,-0.2377854802870214,1,-0.962500787865527,-0.032044345724975505,3,-0.002957138570016637
3.625,0.1257642,-0.344331,8.927394300000001,-0.253468890532897,1,-1.045560683058365,-0.03572875350612492,3,-0.003465436814249894
3.641,0.1497006,-0.3487455,8.927394300000001,-0.2687566034520721,1,-0.9554820574484415,-0.03990655745800468,3,-0.004070519301962932
3.657,0.1497006,-0.36375480000000004,8.907970500000001,-0.28413014146592275,1,-0.9608461258656655,-0.04432965141734864,3,-0.0047444089729657595
3.672,0.1078119,-0.36375480000000004,8.849601,-0.30056581699823326,1,-1.095711702154025,-0.048714871105829845,3,-0.005442242891889604
3.688,0.11673900000000001,-0.3278502,8.792703,-0.3180187300111985,1,-1.0908070633103275,-0.0536635474819053,3,-0.006261270240591485
3.704,0.08829,-0.2918475,8.792703,-0.33508496933873744,1,-1.0666399579711818,-0.0588883770767048,3,-0.007161685637060367
3.719,0.08829,-0.3098979,8.7912315,-0.3517557698684257,1,-1.1113867019792423,-0.06403968262075842,3,-0.008083646084791321
3.735,0.1661814,-0.3098979,8.8226235,-0.36722744106993943,1,-0.9669794500946063,-0.06979154830826534,3,-0.009154295932223513
3.75,0.0793629,-0.3532581,8.8226235,-0.38231148329319,1,-1.0056028148833616,-0.07541309024098886,3,-0.010243330721342928
3.766,0.0793629,-0.3367773,8.789760000000001,-0.3978442596686236,1,-0.970798523464599,-0.08165433618468337,3,-0.011499870132748308
3.782,0.13469129999999999,-0.3367773,8.777791800000001,-0.41327342830205893,1,-0.9643230395897087,-0.08814327768844885,3,-0.012858251043733367
3.797,0.1302768,-0.3652263,8.777791800000001,-0.4283001782588869,1,-1.0017833304551889,-0.09445507973765599,3,-0.014227738724429164
3.813,0.1302768,-0.3652263,8.777791800000001,-0.4429604221192065,1,-0.9162652412699749,-0.10142516454068075,3,-0.01579478067865586
3.829,0.1466595,-0.35178660000000006,8.7747507,-0.4573442803735617,1,-0.8989911408971977,-0.1086276021606229,3,-0.017475202812266288
3.844,0.1032993,-0.35178660000000006,8.7193242,-0.4727430419738834,1,-1.0265841066881365,-0.11560325707822858,3,-0.019156934256557637
3.86,0.09878670000000002,-0.3218661,8.7193242,-0.48779566635574056,1,-0.9407890238660723,-0.12328756674486557,3,-0.02106806084714239
3.875,0.09878670000000002,-0.3218661,8.7193242,-0.5024811535575537,1,-0.9790324801208702,-0.13071464289421533,3,-0.022973077419435512
3.891,0.09878670000000002,-0.33981839999999996,8.8031997,-0.5147477800946021,1,-0.7666641585655214,-0.1388524743634326,3,-0.025129614357496697
3.907,0.1272357,-0.33981839999999996,8.773279200000001,-0.5274354673606325,1,-0.7929804541269008,-0.14718994034307448,3,-0.027417953675148755
3.922,0.1721655,-0.35178660000000006,8.773279200000001,-0.5397835223816507,1,-0.8232036680678739,-0.15519408276614166,3,-0.029685833848467895
3.938,0.1721655,-0.34580249999999996,8.768766600000001,-0.5519461590616626,1,-0.7601647925007387,-0.16392792021768818,3,-0.032238809872338535
3.954,0.1287072,-0.34580249999999996,8.7268779,-0.5648510817744263,1,-0.8065576695477354,-0.1728622981443769,3,-0.03493313161923506
3.969,0.1272357,-0.3367773,8.7268779,-0.5774503773114876,1,-0.8399530358041042,-0.18142955908752106,3,-0.037590320548474235
3.985,0.1272357,-0.3487455,8.7178527,-0.58995084563335,1,-0.7812792701163966,-0.19076876887107977,3,-0.04056790717214304
4.0,0.1796211,-0.3817071,8.7837759,-0.6004842980234617,1,-0.7022301593407755,-0.19969703244850592,3,-0.04349640068203996
4.016,0.1212516,-0.3817071,8.780734800000001,-0.6108592886575082,1,-0.6484369146279029,-0.2093877811419537,3,-0.04676907919076364
4.032,0.1272357,-0.3173535,8.780734800000001,-0.6210415915875362,1,-0.6363939331267549,-0.21924298818391405,3,-0.05019812534537058
4.047,0.1272357,-0.3547296,8.7477732,-0.6317438864915523,1,-0.7134863269344209,-0.22863887926950702,3,-0.05355723935127117
4.063,0.1302768,-0.3547296,8.7582699,-0.6419282802828299,1,-0.6365246119548468,-0.23882825660370205,3,-0.05729697643825685
4.079,0.15568469999999998,-0.3248091,8.7582699,-0.6518824519797111,1,-0.6221357310550729,-0.24917874246180244,3,-0.061201032430780886
4.094,0.15568469999999998,-0.3098979,8.7672951,-0.6613870517703226,1,-0.6336399860407479,-0.25902826373992804,3,-0.06501258497729401
4.11,0.15421320000000002,-0.3098979,8.7417891,-0.6712820777166897,1,-0.6184391216479396,-0.26968961677582415,3,-0.06924232802142002
4.125,0.16166880000000003,-0.32932170000000005,8.7417891,-0.6809151723714528,1,-0.6422063103175565,-0.279831096151485,3,-0.07336373336837476
4.141,0.16166880000000003,-0.33530580000000004,8.6924448,-0.6915101937844774,1,-0.6621888383140367,-0.2908104990807324,3,-0.0779288661302325
4.157,0.1272357,-0.31136939999999996,8.707356,-0.7015190269929832,1,-0.6255520755316096,-0.3019547328469521,3,-0.08267098798565399
4.172,0.1332198,-0.3262806,8.725308300000002,-0.7108307514021988,1,-0.6207816272810514,-0.31254735618491575,3,-0.0872797536533929
4.188,0.1332198,-0.3262806,8.725308300000002,-0.719915360581922,1,-0.5677880737326996,-0.3239933250807887,3,-0.09237207910351854
4.204,0.1332198,-0.3547296,8.7537573,-0.7280581123445256,1,-0.5089219851627242,-0.3355771128642003,3,-0.09764864260707845
4.219,0.0928026,-0.3547296,8.7448302,-0.7362325185823817,1,-0.5449604158570558,-0.3465592925961525,3,-0.10276466564803129
4.235,0.0898596,-0.3278502,8.7448302,-0.7442338635527594,1,-0.5000840606486086,-0.3584030236532336,3,-0.10840436417802637
4.25,0.0898596,-0.3427614,8.732862,-0.7523177873917621,1,-0.5389282559335243,-0.3696271610353173,3,-0.11386459056319038
4.266,0.1377324,-0.3427614,8.7582699,-0.7595701874763421,1,-0.45327500528624626,-0.38172226483426214,3,-0.11987538597014702
4.282,0.16765290000000002,-0.32932170000000005,8.7582699,-0.7666455541179609,1,-0.4422104151011737,-0.39393199076701657,3,-0.12608062001495726
4.297,0.16765290000000002,-0.2963601,8.713340100000002,-0.774672060929765,1,-0.5351004541202893,-0.40549187287987426,3,-0.13207629899230883
4.313,0.1631403,-0.3053853,8.7822063,-0.7808189424420906,1,-0.3841800945203474,-0.4179358009068491,3,-0.1386637203826026
4.329,0.15421320000000002,-0.3053853,8.7373746,-0.7879124541374498,1,-0.4433444809599503,-0.43048565207948547,3,-0.14545109200649328
4.344,0.1466595,-0.3487455,8.6999004,-0.7957097142432428,1,-0.5198173403861776,-0.4423628183423411,3,-0.15199745553465724
4.375,0.1122264,-0.3487455,8.6939163,-0.8034751057525327,1,-0.2504965002996766,-0.46715018305227535,3,-0.16609490705627367
4.375,0.1122264,-0.3487455,8.6939163,-0.8110510974689138,1,0.0,-0.46715018305227535,3,-0.16609490705627367
4.391,0.1317483,-0.3817071,8.6939163,-0.8184018945706484,1,-0.4594248188584112,-0.48018580698859187,3,-0.17367359497660062
4.407,0.1317483,-0.3831786,8.7582699,-0.824003916322491,1,-0.3501263594901657,-0.49332505347573696,3,-0.18146168186031525
4.422,0.1287072,-0.3831786,8.7223653,-0.830345192051551,1,-0.4227517152706729,-0.5057326717885425,3,-0.1889546147997972
4.438,0.1377324,-0.3936753,8.7223653,-0.8365170557532249,1,-0.3857414813546175,-0.5190675697709808,3,-0.1971530167322734
4.454,0.1377324,-0.3907323,8.777791800000001,-0.8411912571002489,1,-0.2921375841890003,-0.5324892362738086,3,-0.20556547118063173
4.469,0.18413369999999998,-0.38023560000000006,8.7298209,-0.8469106197947056,1,-0.3812908462971002,-0.5451500003505213,3,-0.2136477654553145
4.485,0.1661814,-0.38023560000000006,8.761311000000001,-0.85173207302058,1,-0.3013408266171466,-0.5587391418930436,3,-0.222478878593263
4.5,0.1661814,-0.38023560000000006,8.761311000000001,-0.8564359298263113,1,-0.3135904537154318,-0.5715504019143951,3,-0.2309560501718186
4.516,0.1272357,-0.35178660000000006,8.761311000000001,-0.8610699062216849,1,-0.2896235247108467,-0.5852904486027791,3,-0.24021077697595603
4.532,0.1272357,-0.35178660000000006,8.740317600000001,-0.8661024257215661,1,-0.3145324687425785,-0.5991078272583251,3,-0.24968596318284486
4.547,0.1062423,-0.35178660000000006,8.672922900000001,-0.8726613445938085,1,-0.4372612581494999,-0.6121485555356901,3,-0.25877038605379976
4.563,0.1257642,-0.3936753,8.672922900000001,-0.8790100643445733,1,-0.3967949844227988,-0.6261619268071972,3,-0.26867686991254286
4.579,0.1257642,-0.33530580000000004,8.7103971,-0.8843504783885656,1,-0.33377587774952006,-0.6402688111490623,3,-0.2788083158161929
4.594,0.1437165,-0.3338343,8.7029415,-0.8897369340493171,1,-0.35909704405008414,-0.653574466742347,3,-0.28851214040037887
4.61,0.1437165,-0.31136939999999996,8.773279200000001,-0.8932980725927138,1,-0.22257115896229232,-0.6678387467954833,3,-0.29908344610868154
4.625,0.1437165,-0.31136939999999996,8.773279200000001,-0.8967723540984665,1,-0.23161876705018397,-0.6812642749956669,3,-0.30920171877211494
4.641,0.1062423,-0.2963601,8.7343335,-0.9011368600587399,1,-0.2727816225170929,-0.6956475487089245,3,-0.3202170133617517
4.657,0.0823059,-0.2963601,8.7388461,-0.9052912167958898,1,-0.259647296071863,-0.7100989733237616,3,-0.3314629855380132
4.672,0.1122264,-0.33226469999999997,8.7388461,-0.909304656073008,1,-0.2675626184745577,-0.723708442370278,3,-0.34221654115571826
4.688,0.1122264,-0.3143124,8.713340100000002,-0.9138580356318986,1,-0.2845862224306603,-0.7382937439039172,3,-0.3539125586459118
4.704,0.1287072,-0.3143124,8.7508143,-0.9173814895706585,1,-0.2202158711724909,-0.7529436601055377,3,-0.36584245787798747
4.719,0.1272357,-0.3278502,8.7508143,-0.9208074242942814,1,-0.22839564824152192,-0.7667300769595253,3,-0.37724001090597586
4.735,0.1272357,-0.36973890000000004,8.7627825,-0.9238174971373674,1,-0.18812955269287263,-0.7814870763309786,3,-0.3896257481322999
4.75,0.1437165,-0.36973890000000004,8.6864607,-0.9286075313168247,1,-0.31933561196382926,-0.7953802640443848,3,-0.40145225318511485
4.766,0.15568469999999998,-0.34580249999999996,8.6864607,-0.9332997314502958,1,-0.2932625083419402,-0.8102755221465218,3,-0.4142974994746421
4.782,0.1032993,-0.30685680000000004,8.650556100000001,-0.9388072866664423,1,-0.34422220100915857,-0.8252523782914557,3,-0.42738172267814595
4.797,0.1032993,-0.3712104,8.7448302,-0.9418219321010799,1,-0.2009763623091767,-0.8393570974322118,3,-0.43986629374607317
4.813,0.1317483,-0.3712104,8.7433587,-0.9447895875368175,1,-0.18547846473360147,-0.854449989589315,3,-0.4534167504422454
4.829,0.10928340000000002,-0.315882,8.7433587,-0.9477453845915846,1,-0.18473731592294468,-0.8695902693663422,3,-0.46720907251389066
4.844,0.10928340000000002,-0.36669779999999996,8.7417891,-0.9506189967843266,1,-0.19157414618279,-0.883828002226662,3,-0.4803597095508387
4.86,0.1721655,-0.36669779999999996,8.7163812,-0.954016895022054,1,-0.21236863985796253,-0.8990650893611131,3,-0.4946228542835409
4.875,0.1631403,-0.36375480000000004,8.7163812,-0.9573391516622802,1,-0.22148377601508665,-0.9134002597112453,3,-0.5082163444015834
4.891,0.1631403,-0.3547296,8.7283494,-0.9602978255165322,1,-0.18491711589074794,-0.9287413555286758,3,-0.5229534773235027
4.907,0.0928026,-0.3547296,8.7223653,-0.9633552906409033,1,-0.19109157027319396,-0.9441305804579353,3,-0.5379364528113957
4.922,0.17069399999999998,-0.34580249999999996,8.7223653,-0.96631824991276,1,-0.1975306181237873,-0.9586031320120875,3,-0.5522069556549205
4.938,0.10477080000000001,-0.3592422,8.735805,-0.968893574999738,1,-0.1609578179361247,-0.9740848266113875,3,-0.5676684593239083
4.954,0.10477080000000001,-0.3503151,8.704413,-0.972179908296134,1,-0.20539583102474593,-0.9896134144777546,3,-0.5833780452526215
4.969,0.1377324,-0.3503151,8.7417891,-0.9744641338362605,1,-0.15228170267509608,-1.004213244793748,3,-0.5983317451971584
4.985,0.10477080000000001,-0.33226469999999997,8.7417891,-0.9767209611729335,1,-0.14105170854206137,-1.0198227255538215,3,-0.614524032959939
5.0,0.10477080000000001,-0.3622833,8.7193242,-0.9794410972664274,1,-0.1813424062329281,-1.0344939409921163,3,-0.6299314079590331
5.016,0.1257642,-0.3622833,8.752285800000001,-0.9812849580934824,1,-0.11524130169093806,-1.0501797494349956,3,-0.64660879748245
5.032,0.15421320000000002,-0.3427614,8.752285800000001,-0.983091918862911,1,-0.1129350480892909,-1.0658947644506467,3,-0.6635373935935351
5.047,0.15421320000000002,-0.3083283,8.7433587,-0.9851035840822444,1,-0.13411101462222824,-1.080656230722735,3,-0.6796365260573352
5.063,0.1362609,-0.3083283,8.704413,-0.9880226389095998,1,-0.18244092670971473,-1.0964412405066697,3,-0.6970533058271704
5.079,0.1377324,-0.3143124,8.704413,-0.9908647166714815,1,-0.17762986011760057,-1.1122723393513183,3,-0.7147230144660344
5.094,0.1078119,-0.315882,8.7657255,-0.9921520396837202,1,-0.08582153414924824,-1.1271449650239829,3,-0.7315186442488497
5.11,0.1078119,-0.3173535,8.7702381,-0.9932966860738173,1,-0.07154039938106475,-1.1430285548300432,3,-0.749680032407682
5.125,0.1107549,-0.3173535,8.792703,-0.9938649970290374,1,-0.03788739701467691,-1.1579322674533143,3,-0.7669372385748068
5.141,0.12272310000000002,-0.3652263,8.792703,-0.9943702910019656,1,-0.031580873308012486,-1.1738381497575623,3,-0.7855914019124938
5.157,0.12272310000000002,-0.3652263,8.792703,-0.9948632607316519,1,-0.030810608105391574,-1.1897520181714312,3,-0.8045001232559257
5.172,0.12272310000000002,-0.347274,8.870594400000002,-0.9934637909243627,1,0.0932979871526168,-1.204664471058851,3,-0.8224582469251525
5.188,0.059841000000000005,-0.347274,8.8465599,-0.9926999680657236,1,0.047738928664942074,-1.2205537811307716,3,-0.8418599929426694
5.204,0.1257642,-0.3202965,8.8465599,-0.9919627280009529,1,0.04607750404816975,-1.236431082699305,3,-0.86151587185331
5.219,0.1257642,-0.3083283,8.8675533,-0.9907421604292779,1,0.08137117144499631,-1.2513013693625323,3,-0.8801738652437745
5.235,0.11978010000000001,-0.3083283,8.9588844,-0.987327326715338,1,0.21342710712124438,-1.2671259252596894,3,-0.9003212836007523
5.25,0.08829,-0.3367773,8.9588844,-0.9839797299878423,1,0.22317311516637992,-1.2819107281849629,3,-0.9194390585015867
5.266,0.1212516,-0.34580249999999996,9.0217665,-0.9791635712434665,1,0.3010099215234871,-1.2976158745948134,3,-0.940075271323825
5.282,0.1212516,-0.36375480000000004,9.0471744,-0.9738285283595953,1,0.3334401802419504,-1.313239811391638,3,-0.9609621168117166
5.297,0.17069399999999998,-0.36375480000000004,9.1265373,-0.9666703790640732,1,0.47720995303482117,-1.327793553197315,3,-0.9807698670461333
5.313,0.1377324,-0.3487455,9.1265373,-0.9597146677059776,1,0.43473195988097363,-1.3432046335714756,3,-1.0021378525402838
5.329,0.1122264,-0.3218661,9.2463174,-0.9500417314844807,1,0.6045585138435555,-1.3584826847649993,3,-1.0237513510869756
5.344,0.1302768,-0.35178660000000006,9.2463174,-0.9405723874335745,1,0.63128960339372,-1.3726622906568853,3,-1.0442349384026406
5.36,0.1302768,-0.35178660000000006,9.2463174,-0.9313340029936654,1,0.577399027494318,-1.3876375417803033,3,-1.0663173370621382
5.375,0.1302768,-0.3427614,9.2911491,-0.9212366044937035,1,0.673159899997477,-1.4015318213364583,3,-1.0872361072855135
5.391,0.1437165,-0.3427614,9.2432763,-0.9125473458180249,1,0.5430786672299122,-1.416202092938952,3,-1.1097779785997168
5.407,0.09878670000000002,-0.3592422,9.3510882,-0.901441682263739,1,0.694103972142867,-1.4307140051636063,3,-1.1325533073845373
5.422,0.1287072,-0.33981839999999996,9.3764961,-0.8899964741552804,1,0.7630138738972573,-1.4441497913367487,3,-1.1541147858582894
5.438,0.1287072,-0.33981839999999996,9.3764961,-0.8788304174641013,1,0.6978785431986927,-1.4583004064697038,3,-1.1773343874407411
5.454,0.09133110000000001,-0.33981839999999996,9.3869928,-0.867691555063157,1,0.6961789000590184,-1.4722725822499219,3,-1.2007789713504982
5.469,0.0928026,-0.2934171,9.3869928,-0.8568621696898191,1,0.721959024889165,-1.4852067351855696,3,-1.2229600662312652
5.485,0.0928026,-0.3427614,9.4647861,-0.8443601060049222,1,0.7813789803060571,-1.4988165133911275,3,-1.2468322522198787
5.5,0.10477080000000001,-0.3427614,9.5366934,-0.8304073362612971,1,0.9301846495750216,-1.511377269208124,3,-1.2694087055893726
5.516,0.1511721,-0.3098979,9.5366934,-0.8168071106797754,1,0.850014098845108,-1.5245549847836526,3,-1.293696163621307
5.547,0.173637,-0.315882,9.699833700000001,-0.7995482479349754,1,0.556737507896781,-1.549608492842181,3,-1.3413456975245068
5.563,0.1466595,-0.34128990000000003,9.6848244,-0.7830660230717381,1,1.0301390539523272,-1.5622694070102348,3,-1.3662407207233263
5.579,0.11673900000000001,-0.2934171,9.6848244,-0.7670339579771941,1,1.0020040684090006,-1.5746702068586262,3,-1.391336237634277
5.594,0.11673900000000001,-0.2948886,9.6354801,-0.7525947007637548,1,0.9626171475625839,-1.5860674217991837,3,-1.4150417698492115
5.61,0.10477080000000001,-0.2948886,9.7297542,-0.7362128058651951,1,1.023868431159979,-1.5979778818522152,3,-1.4405141322784227
5.625,0.11526750000000001,-0.3427614,9.7297542,-0.7201893383757376,1,1.0682311659638553,-1.608900897934022,3,-1.464565723126819
5.641,0.11526750000000001,-0.3532581,9.728282700000001,-0.7045834006448697,1,0.9753711081792451,-1.620299079846187,3,-1.4903993229490606
5.657,0.08829,-0.3532581,9.7372098,-0.6891473926646121,1,0.9647504987660973,-1.6314489261926628,3,-1.5164133069973715
5.672,0.09584369999999999,-0.37572300000000003,9.7821396,-0.6729706520617285,1,1.0784493735256,-1.64166481152811,3,-1.540961660030277
5.688,0.09584369999999999,-0.37572300000000003,9.7821396,-0.6571884661076961,1,0.9863866221270214,-1.6523060844734654,3,-1.5673134271982896
5.704,0.0688662,-0.37572300000000003,9.8046045,-0.6412492386960071,1,0.9962017132305592,-1.662693586111895,3,-1.5938334245629724
5.719,0.12272310000000002,-0.40417200000000003,9.836094600000001,-0.6248910342189085,1,1.0905469651398707,-1.6721896381587573,3,-1.6188450487450032
5.735,0.17069399999999998,-0.3951468000000001,9.836094600000001,-0.6089233112399981,1,0.9979826861818966,-1.6820601529224286,3,-1.6456790470736526
5.75,0.17069399999999998,-0.32932170000000005,9.8046045,-0.5941716250239057,1,0.9834457477395111,-1.6910833649444077,3,-1.6709776234576534
5.766,0.17667810000000003,-0.32932170000000005,9.8794548,-0.577952850042573,1,1.0136734363332947,-1.7004603607449396,3,-1.6981099732631681
5.782,0.1078119,-0.3307932,9.8794548,-0.5621526244645754,1,0.9875140986248523,-1.7095812045409968,3,-1.7253903057854556
5.797,0.1078119,-0.33824879999999996,9.9093753,-0.5460023178585267,1,1.0766871070699335,-1.7178923666084198,3,-1.7510963575690757
5.813,0.1526436,-0.33824879999999996,9.985697100000001,-0.5283713474180338,1,1.1019356525308046,-1.7264873559306324,3,-1.778651395349388
5.829,0.0748503,-0.34580249999999996,9.985697100000001,-0.5111856934126511,1,1.0741033753364206,-1.734803812257278,3,-1.8063417246948914
5.844,0.0748503,-0.3218661,10.005219,-0.4939628239882339,1,1.148191294961103,-1.742342426137785,3,-1.8324203214828554
5.86,0.11673900000000001,-0.3487455,10.0261143,-0.47661899265962404,1,1.083989458038114,-1.7501070806709678,3,-1.8603599175373253
5.875,0.11673900000000001,-0.3487455,10.0261143,-0.45969818160732245,1,1.1280540701534632,-1.7571294594779696,3,-1.886664191588442
5.891,0.0928026,-0.35777070000000005,10.1085183,-0.4411799187687553,1,1.1573914274104469,-1.7643364842809783,3,-1.9148359191385136
5.907,0.0928026,-0.3532581,10.112932800000001,-0.42300958868278826,1,1.1356456303729379,-1.7712500003405907,3,-1.9431206110154862
5.922,0.0239364,-0.3532581,10.157862600000001,-0.40419694516281446,1,1.254176234664947,-1.7774540493444326,3,-1.9697358913881233
5.938,0.0239364,-0.3532581,10.157862600000001,-0.385843146606744,1,1.1471124097544017,-1.783774370078589,3,-1.9982257187435075
5.954,0.0868185,-0.33530580000000004,10.157862600000001,-0.36794347701348507,1,1.1187293495786834,-1.7898046630675508,3,-2.0268143510086767
5.969,0.0868185,-0.33226469999999997,10.193767200000002,-0.3496075969743586,1,1.2223920026083837,-1.7951862961224598,3,-2.053701783202603
5.985,0.145188,-0.33226469999999997,10.3314996,-0.32834551052247996,1,1.328880403242415,-1.8006099209824344,3,-2.082468152939442
6.0,0.1482291,-0.3427614,10.3314996,-0.3075926005915548,1,1.3835273287283731,-1.8053794568157897,3,-2.109513073272928
6.016,0.1482291,-0.3202965,10.379372400000001,-0.28619647904675993,1,1.337257596549678,-1.8101297694528962,3,-2.1384371470830774
6.032,0.1571562,-0.2934171,10.368973800000001,-0.265591878198407,1,1.2877875530220562,-1.8145440763108576,3,-2.1674345378491875
6.047,0.12272310000000002,-0.2934171,10.4438241,-0.24367639235357785,1,1.4610323896553088,-1.8183635883399973,3,-2.194681345334068
6.063,0.0793629,-0.2784078,10.4438241,-0.2223156757221343,1,1.3350447894652218,-1.822091524884603,3,-2.223804986239865
6.079,0.0793629,-0.315882,10.4347989,-0.2016699782390159,1,1.2903560926948987,-1.8254834101162922,3,-2.252985585719872
6.094,0.08534699999999999,-0.315882,10.529073,-0.1792284342409296,1,1.4961029332056959,-1.828340148209892,3,-2.2803892624073194
6.11,0.1392039,-0.3487455,10.529073,-0.1572949616035455,1,1.370842039836505,-1.8310323353766478,3,-2.309664242276012
6.125,0.1392039,-0.37572300000000003,10.620404100000002,-0.13364783973825212,1,1.5764747910195926,-1.8332144063867113,3,-2.3371460928392365
6.141,0.1032993,-0.32932170000000005,10.6338438,-0.11029738639402353,1,1.4594033340142851,-1.8351659681957695,3,-2.3664931358358965
6.157,0.1032993,-0.3338343,10.6937829,-0.08605188126128382,1,1.5153440707962305,-1.8367367623370119,3,-2.395868357680159
6.172,0.0928026,-0.3487455,10.6727895,-0.06290021766344012,2,1.5434442398562802,-1.8378539030789474,3,-2.423427787670778
6.188,0.0928026,-0.3487455,10.6727895,-0.04031322878749499,2,1.411686804746569,-1.8386796106505547,3,-2.452840055780614
6.204,0.10477080000000001,-0.3487455,10.6923114,-0.017798574249178856,2,1.4071659086447572,-1.839144505074848,3,-2.4822626487064174
6.219,0.1317483,-0.3532581,10.6923114,0.00417782644679221,2,1.4650933797313488,-1.839246660683366,3,-2.509850582449605
6.235,0.1317483,-0.2918475,10.7296875,0.02648426221065847,2,1.39415223524164,-1.8390013639741063,3,-2.539276566646865
6.25,0.11821050000000001,-0.2918475,10.7146782,0.047876871461424386,2,1.4261739500510915,-1.8384436554715657,3,-2.566857404292707
6.266,0.1571562,-0.2784078,10.7146782,0.06875119135644958,3,1.3046449934390736,-1.8375106309690228,3,-2.5962650385842316
6.282,0.1571562,-0.3008727,10.7266464,0.08942294714189813,3,1.2919847365905335,-1.836245237861036,3,-2.625655085534872
6.297,0.08829,-0.3008727,10.746168299999999,0.1100472466844451,3,1.3749533028364935,-1.8347492114073385,3,-2.653187543904384
6.313,0.113796,-0.3173535,10.746168299999999,0.1301859186145773,3,1.2586669956332608,-1.8328273460849462,3,-2.6825281563643224
6.329,0.113796,-0.3427614,10.7416557,0.14974242568617946,3,1.2222816919751345,-1.83058791933054,3,-2.711835478487646
6.344,0.0823059,-0.3053853,10.7102637,0.16802212213793055,3,1.2186464301166933,-1.8282046852218592,3,-2.7392764230217903
6.36,0.09584369999999999,-0.3053853,10.753623900000001,0.18691581306038962,3,1.180855682653691,-1.8253651817402727,3,-2.7685049819574874
6.375,0.10477080000000001,-0.3367773,10.753623900000001,0.20537356203125512,3,1.230516598057726,-1.8224230114270854,3,-2.795863393406242
6.391,0.10477080000000001,-0.31284090000000003,10.7057511,0.22219641930229628,3,1.0514285794400715,-1.819002451576417,3,-2.82499479711027
6.407,0.142245,-0.31284090000000003,10.6668054,0.23767009796216065,3,0.9671049162415226,-1.8153235194383013,3,-2.8540694048783877
6.422,0.10477080000000001,-0.34580249999999996,10.6668054,0.25278059954411525,3,1.0073667721303277,-1.8116451392070043,3,-2.881271669818227
6.438,0.10477080000000001,-0.3532581,10.707222600000001,0.26851370745785985,3,0.9833192446090369,-1.8074747847509884,3,-2.910224629209891
6.454,0.10477080000000001,-0.3532581,10.707222600000001,0.283863081032246,3,0.9593358483991334,-1.8030557704430676,3,-2.9391088736514432
6.469,0.1272357,-0.3532581,10.686229200000001,0.2983322933454069,3,0.9646141542106897,-1.798689305135235,3,-2.9661219617182817
6.485,0.145188,-0.3427614,10.686229200000001,0.3124458434142401,3,0.8820968793020737,-1.793803080041158,3,-2.994861900799693
6.5,0.145188,-0.34580249999999996,10.7760888,0.3284079090010472,3,1.0641377057871646,-1.7889966768980434,3,-3.0217328989767362
6.516,0.1317483,-0.2664396,10.707222600000001,0.34224246457496577,3,0.8646597233699086,-1.7836314739094352,3,-3.0503139241831962
6.532,0.10928340000000002,-0.2664396,10.746168299999999,0.35668298004633137,3,0.9025322169603492,-1.7780400703524648,3,-3.0788072965372915
6.547,0.0898596,-0.24544620000000003,10.746168299999999,0.3707547083979392,3,0.938115223440544,-1.772584287689133,3,-3.105436979222603
6.563,0.0898596,-0.3023442,10.734200099999999,0.3842268002244609,3,0.8420057391576022,-1.7665444356201536,3,-3.1337500090090775
6.579,0.0793629,-0.3023442,10.756665000000002,0.39791597997893113,3,0.8555737346543905,-1.7602872933785265,3,-3.161964662841067
6.594,0.1571562,-0.3262806,10.756665000000002,0.41130917789599053,3,0.8928798611372593,-1.7542181046944645,3,-3.1883234533266154
6.61,0.1571562,-0.315882,10.7476398,0.42414813764446,3,0.8024349842793426,-1.747534446170141,3,-3.216337473733532
6.625,0.1511721,-0.315882,10.7416557,0.4365259833923023,3,0.8251897165228367,-1.7410793902623654,3,-3.242502077506775
6.641,0.0898596,-0.34128990000000003,10.7416557,0.4486041080751608,3,0.7548827926786565,-1.7339983495306257,3,-3.270302699425119
6.657,0.08377740000000002,-0.3307932,10.6907418,0.4591372676007506,3,0.658322470349359,-1.7267364185252183,3,-3.297988577569566
6.672,0.08377740000000002,-0.3098979,10.6982955,0.4695824104757378,3,0.6963428583324957,-1.7197710209396448,3,-3.323837383365552
6.688,0.1107549,-0.3098979,10.777560300000001,0.4817111537344232,3,0.7580464536678371,-1.7121606724259635,3,-3.3512928369124766
6.704,0.1107549,-0.3427614,10.777560300000001,0.49356833135217393,3,0.7410736011094203,-1.7043584365452706,3,-3.3786249897842464
6.719,0.1107549,-0.34128990000000003,10.7266464,0.503894059621425,3,0.6883818846167102,-1.6968774686129684,3,-3.404134259072934
6.735,0.11526750000000001,-0.34128990000000003,10.7820729,0.5153202078832511,3,0.7141342663641297,-1.688723754472931,3,-3.4312190688576214
6.75,0.11673900000000001,-0.37425150000000007,10.7820729,0.5264947156427109,3,0.7449671839640044,-1.6809101425464865,3,-3.4564913230852663
6.766,0.11673900000000001,-0.36826739999999997,10.8119934,0.5381209536654055,3,0.7266398764184105,-1.6723932171920215,3,-3.4833177499631742
6.782,0.0898596,-0.36826739999999997,10.7955126,0.5490556416536396,3,0.6834179992646344,-1.6636958044294692,3,-3.510006462136146
6.797,0.1586277,-0.3262806,10.7955126,0.5597099987922487,3,0.7102904759072866,-1.6553800621261252,3,-3.5348995311353124
6.813,0.145188,-0.32333760000000006,10.8509391,0.5714488665804573,3,0.73367923676304,-1.6463307912031435,3,-3.5613132179619464
6.829,0.145188,-0.3143124,10.785114,0.581290287440412,3,0.6150888037471652,-1.6371088779709766,3,-3.5875807353153393
6.844,0.11821050000000001,-0.3143124,10.8134649,0.5915747941390332,3,0.6856337799080569,-1.6283123898591305,3,-3.612071394824066
6.86,0.145188,-0.3173535,10.8134649,0.6016186342721213,3,0.6277400083180001,-1.6187668424318413,3,-3.6380480286823937
6.875,0.145188,-0.36375480000000004,10.7970822,0.6110538083820103,3,0.629011607325949,-1.6096717991119356,3,-3.6622613184939716
6.891,0.1257642,-0.36375480000000004,10.707222600000001,0.6180626210241602,3,0.4380507901343696,-1.5998388676766861,3,-3.687937403828281
6.907,0.1287072,-0.3712104,10.707222600000001,0.6249075763858372,3,0.4278097101048091,-1.5898951060974063,3,-3.7134552756184736
6.922,0.10477080000000001,-0.4027005000000001,10.8030663,0.6339428618370864,3,0.6023523634166268,-1.5804537278107345,3,-3.737232891872784
6.938,0.10477080000000001,-0.4027005000000001,10.8030663,0.6427577744724502,3,0.5509320397102386,-1.5702401227202583,3,-3.7624384426770323
6.954,0.1212516,-0.37268190000000007,10.8030663,0.6513356345309109,3,0.5361162536537951,-1.5598873754482314,3,-3.7874794626623802
6.969,0.11526750000000001,-0.3592422,10.7416557,0.6581946826900076,3,0.45726987727309326,-1.5500658980690742,3,-3.810804112213761
6.985,0.11526750000000001,-0.3278502,10.731159000000002,0.664606080120338,3,0.40071233939564765,-1.5394834919665914,3,-3.8355205073340466
7.0,0.0763218,-0.3278502,10.7715762,0.6718379293619936,3,0.48212328277705374,-1.5294601618954742,3,-3.8585375847380115
7.016,0.0688662,-0.30685680000000004,10.7715762,0.67887708835765,3,0.43994743722852686,-1.518654441753717,3,-3.882922501567205
7.032,0.0688662,-0.2814489,10.7237034,0.6845604389888926,3,0.3552094144526615,-1.5077469415349447,3,-3.9071337126335144
7.047,0.0928026,-0.2814489,10.749111300000001,0.690729039349133,3,0.4112400240160329,-1.4974322704474097,3,-3.9296725567233817
7.063,0.1332198,-0.2769363,10.749111300000001,0.6967546884389204,3,0.3766030681117135,-1.4863324006251053,3,-3.953542674091962
7.079,0.1332198,-0.2948886,10.8179775,0.7043239197021798,3,0.4730769539537101,-1.4751237717599766,3,-3.9772343234710426
7.094,0.1078119,-0.2948886,10.7910981,0.7110463163685328,3,0.4481597777568492,-1.4645084949894458,3,-3.999281565471664
7.11,0.08534699999999999,-0.2843919,10.7910981,0.7175929813115811,3,0.40916655894052095,-1.453079380608005,3,-4.022622268476444
7.125,0.08534699999999999,-0.2843919,10.7910981,0.7239799714999204,3,0.42579934588929746,-1.442267583461919,3,-4.044337370706968
7.141,0.11978010000000001,-0.3053853,10.8179775,0.7308884398965372,3,0.4317792747885459,-1.4306286361707472,3,-4.06732054046403
7.157,0.1437165,-0.3083283,10.774617300000001,0.7365805095936668,3,0.355754356070603,-1.4188888845748255,3,-4.090116680629994
7.188,0.145188,-0.34128990000000003,10.774617300000001,0.7421584514547472,3,0.1799336084219503,-1.3959684306785753,3,-4.133746969016421
7.204,0.1272357,-0.37268190000000007,10.7057511,0.7459416304978586,3,0.23644869019445713,-1.3840636300229545,3,-4.155987225502034
7.219,0.1482291,-0.3652263,10.7057511,0.7496328572061373,3,0.24608178055190436,-1.372846821365174,3,-4.176664053887445
7.235,0.1482291,-0.344331,10.767063600000002,0.7547116918954409,3,0.31742716808147414,-1.3608120649723614,3,-4.198533324978146
7.25,0.1482291,-0.344331,10.767063600000002,0.7596666525679314,3,0.3303307114993785,-1.3494542273888863,3,-4.218860322170855
7.266,0.10928340000000002,-0.344331,10.743127200000002,0.7639059224335423,3,0.26495436660067795,-1.3372656467888746,3,-4.240354081164277
7.282,0.1002582,-0.3907323,10.777560300000001,0.7689175854602119,3,0.31322893916685385,-1.3250030587257247,3,-4.2616522308083935
7.297,0.0434583,-0.3817071,10.777560300000001,0.7737898991005494,3,0.324820909355838,-1.3134327525915193,3,-4.281440499393272
7.313,0.0434583,-0.3622833,10.7266464,0.7772859458306804,3,0.2185029206331899,-1.3010241458320695,3,-4.302356154580661
7.329,0.049442400000000004,-0.3622833,10.7820729,0.782048439970966,3,0.2976558837678442,-1.2885494707456564,3,-4.323072743513283
7.344,0.10928340000000002,-0.33981839999999996,10.7820729,0.786687683079796,3,0.30928287392198933,-1.2767839498227753,3,-4.342312744167547
7.36,0.10928340000000002,-0.3053853,10.7940411,0.7914804340125698,3,0.2995469332983666,-1.2641586048860365,3,-4.3626402846052175
7.375,0.1526436,-0.3053853,10.7701047,0.7955855916923209,3,0.27367717865007646,-1.25225560969325,3,-4.381513391214562
7.391,0.1317483,-0.32932170000000005,10.7701047,0.7996010921626056,3,0.2509687793927904,-1.2394941162224107,3,-4.401447389021888
7.407,0.1317483,-0.31136939999999996,10.728216,0.8024844660041026,3,0.18021086509356615,-1.226677431757077,3,-4.421176761405723
7.422,0.1526436,-0.31136939999999996,10.728216,0.8053042652016504,3,0.18798661316985887,-1.2146190162730341,3,-4.439486484765949
7.438,0.09584369999999999,-0.3503151,10.7177193,0.8078126606472082,3,0.15677471534736295,-1.2017140808662432,3,-4.458817149543063
7.454,0.0898596,-0.3427614,10.7177193,0.8102526583475935,3,0.15249985627407966,-1.1887695583142848,3,-4.477941018656507
7.469,0.0898596,-0.31136939999999996,10.6787736,0.8116603309498398,3,0.09384484014974839,-1.1766052108945535,3,-4.495681329425574
7.485,0.1212516,-0.31136939999999996,10.707222600000001,0.8137347742350123,3,0.12965270532327977,-1.1636020500530746,3,-4.514402987513155
7.5,0.0928026,-0.3008727,10.707222600000001,0.8157443724691689,3,0.13397321561044181,-1.1513809564527935,3,-4.531765360061949
7.516,0.0928026,-0.3278502,10.686229200000001,0.817212490841678,3,0.09175739828182197,-1.1383173015463066,3,-4.550082946125942
7.532,0.1257642,-0.2889045,10.731159000000002,0.8197209952091828,3,0.15678152296905154,-1.1252218336578996,3,-4.568191259207575
7.547,0.1257642,-0.2889045,10.731159000000002,0.8221683165433351,3,0.16315475561015438,-1.112907663819756,3,-4.584977230438657
7.563,0.1257642,-0.3039138,10.7102637,0.8240566524164645,3,0.11802099207058869,-1.0997378640680775,3,-4.602678394661759
7.579,0.142245,-0.3039138,10.8060093,0.8282380816672692,3,0.2613393281752916,-1.0865195061954076,3,-4.620168453623867
7.594,0.1721655,-0.315882,10.7146782,0.8301101591952627,3,0.12480516853289222,-1.074081894388938,3,-4.63637296412825
7.61,0.142245,-0.3218661,10.7146782,0.8319302163285602,3,0.11375357083109873,-1.0607855713847474,3,-4.65345190385444
7.625,0.142245,-0.3338343,10.734200099999999,0.8341906802740802,3,0.15069759636799857,-1.0482896646602278,3,-4.669269968124777
7.641,0.11526750000000001,-0.3338343,10.7387127,0.8364981267202936,3,0.14421540288833676,-1.0349241542042729,3,-4.685935678675692
7.657,0.1107549,-0.37866600000000006,10.7387127,0.8387843891120976,3,0.1428913994877544,-1.0215218940776136,3,-4.702387247061948
7.672,0.1107549,-0.37572300000000003,10.744696800000002,0.8411582261360824,3,0.1582558015989866,-1.0089223244632526,3,-4.717615578701004
7.688,0.1212516,-0.37572300000000003,10.756665000000002,0.8437686375701556,3,0.1631507146295784,-0.9954429095536028,3,-4.733650500573138
7.704,0.1062423,-0.3562992,10.756665000000002,0.8462954019146558,3,0.1579227715312602,-0.9819223972377242,3,-4.749469423027469
7.719,0.1062423,-0.3891627,10.6982955,0.8473656536152436,3,0.07135011337251942,-0.9692199393212495,3,-4.764102990551662
7.735,0.10477080000000001,-0.3891627,10.7251749,0.8490645795097347,3,0.10618286840569081,-0.9556484974562497,3,-4.7795019380458825
7.75,0.0973152,-0.3891627,10.6937829,0.8499552342411256,3,0.0593769820927305,-0.9429058488531185,3,-4.7937410956432025
7.766,0.1032993,-0.33824879999999996,10.6937829,0.8507833253678889,3,0.051755695422706034,-0.9292999403762463,3,-4.808718741957038
7.782,0.1032993,-0.3143124,10.6923114,0.8515375422902238,3,0.047138557645931514,-0.9156813734349813,3,-4.823478592467528
7.797,0.0898596,-0.3143124,10.707222600000001,0.8526339223906572,3,0.07309200669555731,-0.902900087449875,3,-4.837117953424165
7.813,0.0898596,-0.3143124,10.707222600000001,0.8537035615130311,3,0.06685244514836869,-0.8892493875786456,3,-4.8514551492243925
7.829,0.12272310000000002,-0.2814489,10.707222600000001,0.854732775678988,3,0.06432588537230716,-0.8755818968811094,3,-4.865573799500071
7.844,0.1302768,-0.2994012,10.563506100000001,0.8522473045765615,3,-0.1656980734950919,-0.8627795462791923,3,-4.878611510323774
7.86,0.1032993,-0.3202965,10.563506100000001,0.8498301251666636,3,-0.15107371311862114,-0.8491629268412465,3,-4.892307050108737
7.875,0.1032993,-0.3202965,10.563506100000001,0.8474719013521295,3,-0.15721492096894332,-0.8364331616423558,3,-4.9049490207723645
7.891,0.1032993,-0.34128990000000003,10.587442500000002,0.8457707038190314,3,-0.10632484581862824,-0.8228872208009865,3,-4.918223583831911
7.907,0.1377324,-0.34128990000000003,10.5455538,0.843099496590245,3,-0.16695045179915255,-0.8093762591977123,3,-4.9312816916719004
7.922,0.08377740000000002,-0.3053853,10.4812002,0.8388839022182744,3,-0.28103962479804667,-0.7967613837066486,3,-4.943327723993683
7.938,0.10182780000000001,-0.3503151,10.4812002,0.834809283022766,3,-0.2546636997192706,-0.7833718382247202,3,-4.955968789769134
7.954,0.10182780000000001,-0.3338343,10.463247899999999,0.8303833152783451,3,-0.2766229840263088,-0.7700502974383113,3,-4.968396166854438
7.969,0.113796,-0.3338343,10.4243022,0.8251189501358134,3,-0.35095767616876683,-0.7576340304477047,3,-4.979853799313584
7.985,0.1032993,-0.3771945,10.4243022,0.8200163645919023,3,-0.31891159649444195,-0.7444729479298829,3,-4.9918706551406045
8.0,0.1032993,-0.3876912,10.500624,0.8169077582863782,3,-0.20724042036827905,-0.7321960170082961,3,-5.00294567237764
8.016,0.1287072,-0.3876912,10.385356500000002,0.8110725586797347,3,-0.3646999754152166,-0.7191721744725671,3,-5.014556617909487
8.032,0.10477080000000001,-0.34128990000000003,10.3434678,0.8043123598448254,3,-0.4225124271818311,-0.7062490951243706,3,-5.025959988066263
8.047,0.1002582,-0.34128990000000003,10.295595000000002,0.7965490174961616,3,-0.5175561565775688,-0.6942426347943128,3,-5.036463676040653
8.063,0.1002582,-0.34128990000000003,10.295595000000002,0.7889750249608802,3,-0.47337453345508385,-0.6815584424546565,3,-5.047470084658645
8.079,0.1122264,-0.33981839999999996,10.3360122,0.782572780643287,3,-0.40014026984958007,-0.6689860600098231,3,-5.058274440678361
8.094,0.10182780000000001,-0.2934171,10.3360122,0.7762894140022265,3,-0.41889110940406304,-0.6572945935499827,3,-5.068221545580059
8.11,0.10182780000000001,-0.3143124,10.3300281,0.7700283966647596,3,-0.3913135835916789,-0.6449240510646468,3,-5.078639294736976
8.125,0.1287072,-0.3143124,10.2881394,0.7629062770996882,3,-0.4748079710047468,-0.633427041011413,3,-5.088226927927547
8.141,0.1107549,-0.30685680000000004,10.2881394,0.7559472879669862,3,-0.4349368207938738,-0.6212762124908796,3,-5.098264553955565
8.157,0.1107549,-0.2709522,10.244681100000001,0.748073922038671,3,-0.492085370519701,-0.6092440428108343,3,-5.108108715997979
8.172,0.1212516,-0.2709522,10.237225500000001,0.7402137196172021,3,-0.5240134947645734,-0.5980818854984149,3,-5.117163660460299
8.188,0.11978010000000001,-0.2889045,10.237225500000001,0.7325567747603987,3,-0.4785590535502089,-0.586299721543394,3,-5.126638713316633
8.204,0.11978010000000001,-0.3338343,10.171302299999999,0.7235129850014932,3,-0.5652368599315943,-0.5746511634652989,3,-5.1359263203967025
8.219,0.1032993,-0.3503151,10.1877831,0.7151005928001464,3,-0.5608261467564998,-0.5638615616317875,3,-5.14446516583493
8.235,0.10928340000000002,-0.3503151,10.145894400000001,0.7058738919438703,3,-0.5766688035172546,-0.5524937657538354,3,-5.153396008454015
8.25,0.142245,-0.3427614,10.145894400000001,0.6968759027664344,3,-0.5998659451623695,-0.5419731422935077,3,-5.161604510264371
8.266,0.142245,-0.32333760000000006,10.1518785,0.6882277005993966,3,-0.54051263543986,-0.5308923134665811,3,-5.170187433910452
8.297,0.0718092,-0.34580249999999996,10.1204865,0.6790251820943691,3,-0.2968554356460432,-0.5096998937848273,3,-5.186316613122849
8.313,0.0718092,-0.33226469999999997,10.0994931,0.6695243155076405,3,-0.5938041616705408,-0.49891149780401106,3,-5.19438550425556
8.329,0.1392039,-0.33226469999999997,10.0755567,0.6596888963870633,3,-0.6147136950360726,-0.488277792108853,3,-5.202283018574862
8.344,0.1317483,-0.318825,10.0755567,0.6500803371845052,3,-0.6405706135039247,-0.47845452285706713,3,-5.2095335109371055
8.36,0.1317483,-0.3173535,10.0770282,0.6407408700701769,3,-0.5837166946455191,-0.46812795319902967,3,-5.217106170745554
8.375,0.0973152,-0.318825,10.005219,0.6298703077258381,3,-0.7247041562892264,-0.4585983693655592,3,-5.224056618164789
8.391,0.11526750000000001,-0.318825,10.0545633,0.6204723626547572,3,-0.5873715669425511,-0.4485956280025144,3,-5.231314170143733
8.407,0.145188,-0.33981839999999996,10.0545633,0.6113298423856026,3,-0.5714075168221638,-0.4387412103621915,3,-5.238412864850651
8.422,0.145188,-0.3652263,10.0306269,0.6018486541708619,3,-0.6320792143160263,-0.42964237163801766,3,-5.244925741715653
8.438,0.11526750000000001,-0.3652263,9.999234900000001,0.5918241476406134,3,-0.6265316581405272,-0.42009298922352584,3,-5.251723624602545
8.454,0.1078119,-0.3547296,9.999234900000001,0.5820329040582717,3,-0.6119527238963579,-0.41070213280993473,3,-5.258369985578812
8.469,0.1078119,-0.3053853,10.0141461,0.572804266732021,3,-0.6152424884167613,-0.40204085402900824,3,-5.264465557980104
8.485,0.1392039,-0.3053853,10.0066905,0.5636284143449686,3,-0.5734907741907763,-0.3929493925803923,3,-5.27082547995298
8.5,0.1392039,-0.3053853,10.0066905,0.5546763632356484,3,-0.5968034072879894,-0.38456210674853736,3,-5.2766568161979475
8.516,0.1287072,-0.36071369999999997,10.0066905,0.5459841148916365,3,-0.543265521500746,-0.3757568229235191,3,-5.282739367635324
8.532,0.0868185,-0.31136939999999996,9.9707859,0.5365772223322249,3,-0.5879307849632193,-0.3670963322257282,3,-5.288682192876518
8.547,0.1257642,-0.31136939999999996,9.9303687,0.5264246623105588,3,-0.6768373347777137,-0.359123818090907,3,-5.294128844003893
8.563,0.1257642,-0.31136939999999996,9.9303687,0.5165197257040539,3,-0.6190585379065577,-0.3507802629867901,3,-5.299808076652515
8.579,0.09133110000000001,-0.347274,9.9303687,0.5068762223046477,3,-0.6027189624628887,-0.3425930954027205,3,-5.305355063519631
8.594,0.09133110000000001,-0.34580249999999996,9.9258561,0.4973566826008273,3,-0.6346359802547415,-0.33506134861593,3,-5.31043747184977
8.61,0.1212516,-0.34580249999999996,9.901919700000002,0.48749372011950776,3,-0.6164351550824726,-0.3271825453941673,3,-5.315735423001851
8.625,0.17510850000000003,-0.3532581,9.901919700000002,0.47789737488804107,3,-0.6397563487644214,-0.3199421121816104,3,-5.32058885793367
8.641,0.17510850000000003,-0.2858634,9.9033912,0.46851794390084933,3,-0.5862144366994831,-0.3123707896312993,3,-5.325647361148173
8.657,0.15421320000000002,-0.2858634,9.839037600000001,0.45779005958809726,3,-0.6704927695470037,-0.3049603256033877,3,-5.33058601007005
8.672,0.09878670000000002,-0.3098979,9.839037600000001,0.44732419757961495,3,-0.6977241338987948,-0.2981719686746296,3,-5.3351095022771355
8.688,0.09878670000000002,-0.3218661,9.888480000000001,0.43832817717610695,3,-0.5622512752192494,-0.2910867496765838,3,-5.3398235720239455
8.704,0.09427410000000001,-0.34580249999999996,9.8495343,0.42862092621760617,3,-0.6067031849062982,-0.2841511568494341,3,-5.344425475276154
8.719,0.1482291,-0.34580249999999996,9.8285409,0.4186549661823147,3,-0.6643973356861527,-0.2777965876564352,3,-5.348640083359947
8.735,0.0928026,-0.3427614,9.8285409,0.4089129170713086,3,-0.6088780694378787,-0.27117604459040623,3,-5.353031864417922
8.75,0.0928026,-0.33824879999999996,9.8196138,0.3991870727700011,3,-0.6483896200871433,-0.26511529466659617,3,-5.3570540494623495
8.766,0.1212516,-0.33824879999999996,9.7851807,0.38886673401879257,3,-0.6450211719505322,-0.25881086421228583,3,-5.36124545873338
8.782,0.1302768,-0.3083283,9.7851807,0.37877684290395663,3,-0.6306181946772454,-0.2526697155969038,3,-5.365337303371854
8.813,0.1317483,-0.34580249999999996,9.8076456,0.3695115911837945,3,-0.29887908774715977,-0.24107124486854342,3,-5.372990288259069
8.813,0.1317483,-0.34580249999999996,9.8076456,0.36047232121290484,3,0.0,-0.24107124486854342,3,-5.372990288259069
8.829,0.13469129999999999,-0.32333760000000006,9.8076456,0.35163581674955324,3,-0.5522815289594747,-0.23537437976484377,3,-5.3768018532561355
8.844,0.15568469999999998,-0.3173535,9.8091171,0.3430535145997595,3,-0.5721534766529607,-0.23016420977972435,3,-5.38029339267772
8.86,0.15568469999999998,-0.37572300000000003,9.8225568,0.3350583103830509,3,-0.49970026354428887,-0.22473931517986187,3,-5.383932620877396
8.875,0.0868185,-0.37572300000000003,9.8196138,0.3271656686833033,3,-0.5261761133164848,-0.21977263533686403,3,-5.387266460506272
8.891,0.1002582,-0.36375480000000004,9.8196138,0.3194576676455121,3,-0.4817500648619517,-0.21459964864623352,3,-5.390741438778137
8.907,0.1002582,-0.31136939999999996,9.7986204,0.31138202296903295,3,-0.504727792279946,-0.20955293112131715,3,-5.394134659416277
8.922,0.113796,-0.31136939999999996,9.8464932,0.3046739145862425,3,-0.44720722551934683,-0.20493251158965242,3,-5.397243300236609
8.938,0.1870767,-0.3622833,9.8464932,0.29819915541480135,3,-0.40467244821507065,-0.20010952702964407,3,-5.400483636545564
8.954,0.1870767,-0.34128990000000003,9.833053500000002,0.2915364972329204,3,-0.41641613636755853,-0.1953916418084623,3,-5.403647645896269
8.969,0.16912439999999998,-0.34128990000000003,9.854046900000002,0.2855400694953172,3,-0.39976184917358065,-0.19106356755800086,3,-5.406546059966518
8.985,0.1377324,-0.34580249999999996,9.854046900000002,0.2796818178089424,3,-0.3661407303984229,-0.18654179245956679,3,-5.409566902846658
9.0,0.0703377,-0.3202965,9.7866522,0.27228523704494734,3,-0.49310538426631967,-0.18240203954816245,3,-5.412333981586716
9.016,0.0703377,-0.35777070000000005,9.8734707,0.26721677337985916,3,-0.3167789790680106,-0.178086023464764,3,-5.4152178860908196
9.032,0.0928026,-0.35777070000000005,9.8734707,0.2622764543573197,3,-0.3087699389087148,-0.17385007764286656,3,-5.4180333748996805
9.047,0.0373761,-0.36669779999999996,9.8734707,0.25745570774607707,3,-0.32138310741616477,-0.16995208642709092,3,-5.420611891130205
9.063,0.0373761,-0.3039138,9.827069400000001,0.25156937436216253,3,-0.36789583649465796,-0.165879885770225,3,-5.423298546907784
9.079,-0.020993400000000002,-0.3039138,9.803133,0.24524189034665334,3,-0.3954677509693246,-0.16190539565255446,3,-5.425920829159166
9.094,0.08829,-0.2484873,9.803133,0.2390398078722935,3,-0.41347216495735506,-0.15827328291591267,3,-5.428322169248429
9.11,0.08829,-0.30685680000000004,9.8016615,0.2329934310432069,3,-0.377898551817912,-0.15449701700458865,3,-5.430824331647793
9.125,0.142245,-0.30685680000000004,9.827069400000001,0.22772933119670746,3,-0.35093998976661656,-0.15104159628778915,3,-5.433115871247486
9.141,0.1302768,-0.21709530000000002,9.827069400000001,0.22253124146474867,3,-0.324880608247424,-0.1474395117064975,3,-5.43550372011144
9.157,0.1302768,-0.21709530000000002,9.827069400000001,0.2174599344091792,3,-0.31695669097309115,-0.14391958229950608,3,-5.437834592863488
9.172,0.1646118,-0.2529999,9.8285409,0.21258168834000735,3,-0.32521640461144535,-0.14069427012888705,3,-5.4399691967567
9.188,0.1646118,-0.2709522,9.7821396,0.20670294120801636,3,-0.3674216957494366,-0.13733999309250286,3,-5.442193470862471
9.204,0.1856052,-0.2709522,9.842078700000002,0.20243785001972725,3,-0.26656819926806885,-0.1340668667626809,3,-5.444364725741313
9.219,0.2604555,-0.3262806,9.842078700000002,0.19835903976959557,3,-0.271920683342134,-0.13106089008926122,3,-5.446353183917702
9.235,0.2604555,-0.3592422,9.848062800000001,0.19455348971421849,3,-0.23784687846106745,-0.12791758985339072,3,-5.448425011757243
9.25,0.1661814,-0.3592422,9.8136297,0.1899518449597597,3,-0.30677631696390767,-0.12503379984333576,3,-5.4503221471799685
9.266,0.173637,-0.3876912,9.8136297,0.18549196415165525,3,-0.2787425505065275,-0.12203024937044443,3,-5.452298659573679
9.282,0.173637,-0.41908320000000004,9.806076000000001,0.18098826173229554,3,-0.2814814012099817,-0.11909840756337281,3,-5.45422768882915
9.297,0.1437165,-0.41908320000000004,9.830012400000001,0.17716583044674827,3,-0.2548287523698082,-0.11641225187202989,3,-5.455994018774915
9.313,0.1062423,-0.48951900000000004,9.830012400000001,0.17350432632368928,3,-0.22884400769118665,-0.11360689061786639,3,-5.457834171914834
9.329,0.1122264,-0.4460607,9.821085300000002,0.16966587018928792,3,-0.23990350840008534,-0.11086152904576256,3,-5.459629919272143
9.344,0.1122264,-0.42957990000000007,9.7866522,0.16506416240463118,3,-0.30678051897714065,-0.10835105380130837,3,-5.4612740136434965
9.36,0.052385400000000006,-0.42957990000000007,9.8615025,0.1623862772778626,3,-0.16736782042303652,-0.10573145028384842,3,-5.462986673676178
9.375,0.0478728,-0.40417200000000003,9.8615025,0.15974697435276752,3,-0.1759535283396644,-0.1033154508966186,3,-5.464554525435031
9.391,0.0478728,-0.3218661,9.8974071,0.15797344537381264,3,-0.11084556118468027,-0.10077368753880596,3,-5.466187238542514
9.407,0.1078119,-0.3218661,9.8046045,0.15399252921088014,3,-0.24880726018328114,-0.09827795974212841,3,-5.467779651720762
9.422,0.0898596,-0.2634966,9.8046045,0.15006182031955007,3,-0.26204725942199475,-0.0959975521206501,3,-5.469236718059733
9.438,0.0898596,-0.18109260000000002,9.854046900000002,0.14738708527039535,3,-0.16717094057216983,-0.09361796087593054,3,-5.4707536421637055
9.454,0.1032993,-0.18109260000000002,9.7971489,0.14339335590304003,3,-0.24960808545970692,-0.09129171734654305,3,-5.472232919589485
9.469,0.0973152,-0.2065986,9.7986204,0.139543726814102,3,-0.25664193926255696,-0.08916968922616465,3,-5.473586380138781
9.485,0.08083440000000001,-0.24397470000000002,9.7986204,0.13580529114748785,3,-0.23365222916338338,-0.08696689708247193,3,-5.47499547282925
9.5,0.08083440000000001,-0.2754648,9.7656588,0.13137479126304363,3,-0.29536665896293657,-0.08496304646439287,3,-5.476284947405852
9.516,0.0748503,-0.2754648,9.711801900000001,0.1257381704408651,3,-0.3522888013861577,-0.0829061427707616,3,-5.4776279009197335
9.532,0.1392039,-0.2843919,9.711801900000001,0.12026259017699559,3,-0.34222376649184455,-0.0809381366858187,3,-5.478938655155386
9.547,0.1078119,-0.34580249999999996,9.8105886,0.11736717060727031,3,-0.19302797131501115,-0.07915591347993664,3,-5.48013936053163
9.563,0.1078119,-0.34580249999999996,9.8105886,0.11454237102704923,3,-0.17654997376381748,-0.07730063714686208,3,-5.481391012936644
9.579,0.12272310000000002,-0.42957990000000007,9.8105886,0.11187141750896146,3,-0.16693459488048554,-0.075489326838574,3,-5.482613332648528
9.594,0.12272310000000002,-0.4685256,9.7791966,0.10854431487507021,3,-0.2218068422594341,-0.07383620884569389,3,-5.48373327416616
9.61,0.1257642,-0.4685256,9.783611100000002,0.10540684084986118,3,-0.19609212657556424,-0.07212459959989444,3,-5.484900960633724
9.625,0.17069399999999998,-0.46401300000000006,9.860031000000001,0.10421877682680858,3,-0.07920426820350393,-0.07055240746731936,3,-5.485971038186729
9.641,0.1287072,-0.4235958000000001,9.860031000000001,0.10299983909578891,3,-0.07618360818872898,-0.06889465853993858,3,-5.487086614714786
9.657,0.1287072,-0.4116276,9.830012400000001,0.10106682078234108,3,-0.12081364459048938,-0.06726212526091353,3,-5.488175868985193
9.672,0.1437165,-0.4116276,9.827069400000001,0.09911430704125301,3,-0.13016758273919965,-0.06576076680223653,3,-5.489173540675667
9.688,0.16166880000000003,-0.38621970000000005,9.827069400000001,0.09719107986395947,3,-0.12020169858084617,-0.06419032370699482,3,-5.490213149399741
9.704,0.16166880000000003,-0.32333760000000006,9.777627,0.0940543412440995,3,-0.1960461637412479,-0.06266036033813034,3,-5.491227954872103
9.719,0.1721655,-0.32333760000000006,9.749178,0.09030508579868446,3,-0.2499503630276898,-0.06127766463530958,3,-5.4921574900594035
9.735,0.1437165,-0.2484873,9.749178,0.08658253179447506,3,-0.23265962526308728,-0.0598625636945643,3,-5.4931266118860425
9.75,0.1437165,-0.24701580000000004,9.8016615,0.08422939880804492,0,-0.15687553242867003,-0.05808147421504535,3,-5.4940111921703645
9.766,0.08829,-0.24701580000000004,9.8046045,0.08198942096029249,0,-0.13999861548452663,-0.05625172365689865,3,-5.49492585775334
9.782,0.056898,-0.2934171,9.845021700000002,0.08081491767614146,0,-0.07340645525943927,-0.05444928894780718,3,-5.495811465854177
9.797,0.0688662,-0.2754648,9.845021700000002,0.07965827939220738,0,-0.07710921892893614,-0.05274573996979451,3,-5.496615428571059
9.813,0.0688662,-0.2754648,9.845021700000002,0.078529851798125,0,-0.0705267246301488,-0.05098023492027186,3,-5.497445236370179
9.829,0.1078119,-0.2514303,9.836094600000001,0.07720413642308266,0,-0.0828572109401459,-0.049234363014502194,3,-5.498246953153657
9.844,0.1122264,-0.3173535,9.836094600000001,0.0759584255885386,0,-0.08304738896961042,-0.04758564379941513,3,-5.4989731032047615
9.86,0.1122264,-0.3262806,9.845021700000002,0.07496781791608242,0,-0.0619129795285111,-0.04587823385137816,3,-5.4997208142259675
9.875,0.1122264,-0.3262806,9.845021700000002,0.07400137140636787,0,-0.06442976731430143,-0.04426096493145974,3,-5.500396858216839
9.891,0.1257642,-0.3262806,9.831582000000001,0.0727348945340136,0,-0.07915480452214123,-0.04258707480393669,3,-5.501091642534722
9.907,0.1511721,-0.3008727,9.831582000000001,0.07148827661285218,0,-0.07791362007258933,-0.040933289434761766,3,-5.501759805448632
9.922,0.1511721,-0.2858634,9.843550200000001,0.07055289629208872,0,-0.06235868805089477,-0.03936798063797467,3,-5.502362064974178
9.938,0.1062423,-0.3143124,9.7911648,0.06837018754905522,0,-0.13641929643959372,-0.03775659596724552,3,-5.50297906158702
9.954,0.142245,-0.3143124,9.752219100000001,0.06530254803204727,0,-0.19172746981299654,-0.036187214082596696,3,-5.503570612067419
9.969,0.0973152,-0.36669779999999996,9.752219100000001,0.06234085936403311,0,-0.19744591120096003,-0.03472988852712617,3,-5.504102490336992
9.985,0.0973152,-0.40711500000000006,9.8046045,0.06076700760142728,0,-0.09836573516286409,-0.03324502559140249,3,-5.50464628964994
10.0,0.1032993,-0.40711500000000006,9.8615025,0.06061952610576782,0,-0.00983209971063048,-0.03183462658859849,3,-5.50513438704129
10.016,0.1377324,-0.33530580000000004,9.8615025,0.06042002065181684,0,-0.012469090871936029,-0.03036631021453781,3,-5.505631994535714
10.032,0.1377324,-0.3218661,9.871999200000001,0.06047032213218628,0,0.0031438425230900765,-0.02889918747226579,3,-5.506106118517208
10.047,0.0614106,-0.3218661,9.8824959,0.06075650848521441,0,0.0190790902018745,-0.027489986242635246,3,-5.50652903732007
10.063,0.1062423,-0.3876912,9.8824959,0.06110258032348348,0,0.021629489891816768,-0.026015113532165665,3,-5.506957078118268
10.079,0.11978010000000001,-0.4311495000000001,9.889951500000002,0.06166951393219122,0,0.035433350544233876,-0.024532936778120268,3,-5.50736146252075
10.094,0.11978010000000001,-0.4176117,9.907903800000001,0.06264590527912972,0,0.06509275646257183,-0.023100571134035436,3,-5.507718713830092
10.11,0.1002582,-0.4176117,9.9392958,0.06435814252566097,0,0.10701482790820273,-0.02158453875159711,3,-5.508076194709177
10.125,0.1302768,-0.34580249999999996,9.9392958,0.06596989438519962,0,0.10745012396923974,-0.020107078474765616,3,-5.508388881838375
10.141,0.1302768,-0.31284090000000003,9.943808400000002,0.06762571444334853,0,0.10348875363430644,-0.018538313604137227,3,-5.508698044975006
10.157,0.145188,-0.31284090000000003,9.783611100000002,0.06534131836626145,0,-0.1427747548179424,-0.016974577341660343,3,-5.5089821481025725
10.172,0.1721655,-0.3173535,9.783611100000002,0.06312684645074285,0,-0.1476314610345678,-0.015511066105532774,3,-5.5092257904284265
10.188,0.1721655,-0.29783160000000003,9.8495343,0.06255832251383175,0,-0.0355327460569432,-0.014005584753816178,3,-5.5094619236353015
10.204,0.1272357,-0.29783160000000003,9.8704296,0.062496385809142296,0,-0.0038710440430911285,-0.012505147087232382,3,-5.50967400949003
10.219,0.0643536,-0.34128990000000003,9.8704296,0.06245538029459574,0,-0.0027337009697705455,-0.011068008841454417,3,-5.509850808159495
10.235,0.0359046,-0.2889045,9.7851807,0.06029275623753172,0,-0.13516400356650127,-0.009586023749197398,3,-5.51001604042022
10.25,0.0359046,-0.2769363,9.7911648,0.05832033702798256,0,-0.13149461396993894,-0.00819642554970601,3,-5.510149408789962
10.266,0.0793629,-0.2769363,9.6758973,0.0535920903902074,0,-0.29551541486094707,-0.006801126130360491,3,-5.510269389203403
10.282,0.1362609,-0.2604555,9.6758973,0.04898346514284668,0,-0.28803907796004474,-0.005480521686096057,3,-5.510367642385934
10.297,0.1362609,-0.3008727,9.653432400000002,0.04396821997509193,0,-0.3343496778503044,-0.004283384047711489,3,-5.510440871678938
10.313,0.1212516,-0.3008727,9.7208271,0.04071327025656224,0,-0.20343435740810525,-0.003105932125858254,3,-5.510499986208327
10.329,0.1032993,-0.2963601,9.7208271,0.03752927574623044,0,-0.19899965689573734,-0.001979991757835914,3,-5.5105406735993965
10.344,0.1032993,-0.3367773,9.759674700000001,0.03540190725572323,0,-0.14182456603382534,-0.0009330078853213046,3,-5.51056252109672
10.36,0.0973152,-0.3367773,9.771642900000002,0.03361664612742565,0,-0.11157882051859848,0.0,3,-5.510569985159802
10.375,0.1571562,-0.37268190000000007,9.771642900000002,0.031925684800539145,0,-0.11273075512576297,0.0,3,-5.510569985159802
10.391,0.1317483,-0.37866600000000006,9.7058178,0.0286682882915148,0,-0.20358728181402144,9.5459808440074e-05,3,-5.510569221481335
10.407,0.1317483,-0.344331,9.7387794,0.02626253819269131,0,-0.15035938117646794,3.490642031371907e-05,3,-5.510568178551505
10.422,0.21258269999999999,-0.344331,9.6519609,0.021834609214911538,0,-0.2951952651853069,0.0,3,-5.510567916753353
10.438,0.1661814,-0.3173535,9.6519609,0.017469953604068778,0,-0.2727909756776723,0.0002100715284225961,3,-5.510566236181126
10.454,0.1661814,-0.3173535,9.6519609,0.013211753008125271,0,-0.26613753724646894,0.0,3,-5.510564555608899
10.469,0.1661814,-0.3936753,9.7252416,0.010911517711107876,0,-0.153349019801172,0.00013644971171438173,3,-5.510563532236061
10.485,0.1392039,-0.3936753,9.8495343,0.011685838601666276,0,0.048395055659899947,0.0,3,-5.510562440638367
10.5,0.1332198,-0.37866600000000006,9.8495343,0.012424916404022213,0,0.04927185349039389,0.0,3,-5.510562440638367
10.516,0.1332198,-0.39818790000000004,9.831582000000001,0.012727265924445064,0,0.01889684502642817,0.0001992766833869837,3,-5.5105608464249
10.532,0.10182780000000001,-0.39818790000000004,9.831582000000001,0.013013096773576649,0,0.017864428070724064,0.0,3,-5.510559252211433
