timestamps,acc_x,acc_y,acc_z,aAcc,aStages,aJerk,aVelocity,avStages,aHeight
0.047,0.029920500000000003,-0.35777070000000005,9.845021700000002,0.0023933010900396567,0,0.0,0.0,0,0.0
0.063,0.0239364,-0.39220380000000005,9.8405091,0.002314891368229155,0,-0.00490060761315636,0.0,0,0.0
0.078,0.0239364,-0.3907323,9.9153594,0.004061152574573512,0,0.11641741375629049,0.0,0,0.0
0.094,0.0359046,-0.3907323,9.831582000000001,0.0037239626692038286,0,-0.021074369085605227,0.0,0,0.0
0.11,0.0045126,-0.3652263,9.831582000000001,0.0033695252364065453,0,-0.022152339549830202,0.0,0,0.0
0.125,0.0045126,-0.3307932,9.860031000000001,0.003687510332284205,0,0.021199006391843987,0.0,0,0.0
0.141,0.04041720000000001,-0.3307932,9.8240283,0.003122122111740566,0,-0.03533676378397746,0.0,0,0.0
0.157,0.0329616,-0.33981839999999996,9.8240283,0.002577353887966538,0,-0.03404801398587673,0.0,0,0.0
0.172,0.0329616,-0.36669779999999996,9.783611100000002,0.0010843406267557754,0,-0.09953421741405094,0.0,0,0.0
0.188,0.0329616,-0.36669779999999996,9.783611100000002,-0.0003722576768652175,0,-0.09103739397631197,0.0,0,0.0
0.203,0.0628821,-0.3562992,9.8285409,-0.0007040182593218702,0,-0.02211737216377683,0.0,0,0.0
0.219,0.0628821,-0.3562992,9.8285409,-0.0010276871202545834,0,-0.02022930380829459,0.0,0,0.0
0.235,0.0733788,-0.36826739999999997,9.901919700000002,0.00045749575846443236,0,0.09282392991993857,0.0,0,0.0
0.25,0.0733788,-0.36826739999999997,9.901919700000002,0.0019064546645317648,0,0.09659726040448874,0.0,0,0.0
0.266,0.0059841,-0.3278502,9.877983300000002,0.0026953668816158682,0,0.04930701356775642,0.0,0,0.0
0.282,0.0059841,-0.2814489,9.8240283,0.0021147111682715547,0,-0.03629098208401969,0.0,0,0.0
0.297,0.0059841,-0.2814489,9.8240283,0.0015482177893986204,0,-0.03776622525819558,0.0,0,0.0
0.313,0.0194238,-0.2814489,9.8091171,0.0006324273320377216,0,-0.05723690358505613,2.1294108492826746e-06,0,1.703528679426141e-08
0.328,0.0688662,-0.3278502,9.7672284,-0.0012415483134571303,0,-0.12493170969965668,0.0,0,3.300586816388148e-08
0.344,0.0688662,-0.3278502,9.7672284,-0.003069817235891392,0,-0.11426680765214166,0.0,0,3.300586816388148e-08
0.36,0.09427410000000001,-0.3278502,9.8091171,-0.003827266236520188,0,-0.047340562539299705,0.0,0,3.300586816388148e-08
0.375,0.0449298,-0.38621970000000005,9.8091171,-0.0045229923934364535,0,-0.04638174379441765,0.0,0,3.300586816388148e-08
0.391,-0.0059841,-0.3307932,9.854046900000002,-0.004158359288098268,0,0.022789569083636586,0.0,0,3.300586816388148e-08
0.407,-0.0059841,-0.3307932,9.854046900000002,-0.003802619673134444,0,0.02223372593523904,0.0,0,3.300586816388148e-08
0.422,0.0643536,-0.3307932,9.855518400000001,-0.0034146093127276345,0,0.025867357360453955,0.0,0,3.300586816388148e-08
0.438,0.0733788,-0.38621970000000005,9.855518400000001,-0.0029853836647468768,0,0.02682660299879733,0.0,0,3.300586816388148e-08
0.453,0.0733788,-0.34580249999999996,9.806076000000001,-0.0038083437165372658,0,-0.05486400345269255,0.0,0,3.300586816388148e-08
0.469,0.007455600000000001,-0.34580249999999996,9.874942200000001,-0.002939227692547064,0,0.05431975149938775,0.0,0,3.300586816388148e-08
0.485,-0.007455600000000001,-0.37572300000000003,9.874942200000001,-0.0020646666974055705,0,0.05466006219634329,-3.816601651794637e-05,0,-2.723222639796897e-07
0.5,-0.007455600000000001,-0.3427614,9.8689581,-0.001386529519107782,0,0.04520914521985253,0.0,0,-5.585673878642876e-07
0.516,0.0614106,-0.3427614,9.806076000000001,-0.0022530934198794483,0,-0.0541602437982291,0.0,0,-5.585673878642876e-07
0.532,0.0373761,-0.3039138,9.7971489,-0.003350325404403165,0,-0.06857699903273223,0.0,0,-5.585673878642876e-07
0.547,0.0478728,-0.33981839999999996,9.7971489,-0.004390928104646363,0,-0.0693735133495465,0.0,0,-5.585673878642876e-07
0.563,0.0478728,-0.3547296,9.8644455,-0.0037529735239463236,0,0.03987216129375273,0.0,0,-5.585673878642876e-07
0.578,0.0329616,-0.3547296,9.7342668,-0.00630506192733904,0,-0.17013922689284758,0.0,0,-5.585673878642876e-07
0.594,0.0164808,-0.315882,9.7342668,-0.008828542577226983,0,-0.15771754061799634,0.0,0,-5.585673878642876e-07
0.61,0.0164808,-0.3907323,9.855518400000001,-0.008269256391313817,0,0.03495538661957284,-9.449143026406303e-05,0,-1.3144988299767926e-06
0.625,0.08534699999999999,-0.3907323,9.888480000000001,-0.00691165860552978,0,0.09050651905226906,0.0,0,-2.023184556957266e-06
0.641,0.020993400000000002,-0.41466870000000006,9.888480000000001,-0.0055718503018464816,0,0.0837380189802061,0.0,0,-2.023184556957266e-06
0.657,0.020993400000000002,-0.40868460000000006,9.889951500000002,-0.004234931756524674,0,0.08355740908261293,0.0,0,-2.023184556957266e-06
0.672,0.0718092,-0.40868460000000006,9.874942200000001,-0.0032905692196578684,0,0.06295750245778696,0.0,0,-2.023184556957266e-06
0.688,-0.0014715,-0.3547296,9.961760700000001,-0.00031025821654750985,0,0.18626943769439855,0.0,0,-2.023184556957266e-06
0.703,0.0150093,-0.40868460000000006,9.961760700000001,0.002648022561299257,0,0.19721871852311762,0.0,0,-2.023184556957266e-06
0.719,0.0150093,-0.3876912,9.871999200000001,0.0033260684214013736,0,0.042377866256382256,0.0,0,-2.023184556957266e-06
0.735,-0.020993400000000002,-0.3876912,9.7911648,0.0020178073855774414,0,-0.08176631473899569,0.0,0,-2.023184556957266e-06
0.75,-0.020993400000000002,-0.3876912,9.7911648,0.0007414551555058324,0,-0.08509014867144053,0.0,0,-2.023184556957266e-06
0.766,0.0777933,-0.3008727,9.7911648,-0.0005711918141209082,0,-0.08204043560167122,0.0,0,-2.023184556957266e-06
0.782,0.0449298,-0.3562992,9.7417224,-0.003016599951244814,0,-0.15283800857024396,0.0,0,-2.023184556957266e-06
0.797,-0.0030411,-0.3427614,9.7417224,-0.005416717310668062,0,-0.16000782396154975,0.0,0,-2.023184556957266e-06
0.813,-0.0030411,-0.40113090000000007,9.851005800000001,-0.00504076229916528,0,0.023497188218924023,-1.7397005051042426e-05,0,-2.1623605973656048e-06
0.828,0.08377740000000002,-0.40113090000000007,9.8974071,-0.003534541245956646,0,0.1004147368805755,0.0,0,-2.292838135248423e-06
0.844,-0.007455600000000001,-0.347274,9.958817699999999,-0.0006263545068811993,0,0.18176167119221526,0.0,0,-2.292838135248423e-06
0.86,-0.007455600000000001,-0.347274,9.958817699999999,0.0022109008483148784,0,0.1773284596997547,0.0,0,-2.292838135248423e-06
0.875,0.050913900000000005,-0.3891627,9.842078700000002,0.00217475043630877,0,-0.0024100274670738955,0.0,0,-2.292838135248423e-06
0.891,-0.0150093,-0.3891627,9.842078700000002,0.002136551217571281,0,-0.002387451171093067,0.0,0,-2.292838135248423e-06
0.907,-0.0150093,-0.3891627,9.842078700000002,0.0020992836870945553,0,-0.0023292206547953476,0.0,0,-2.292838135248423e-06
0.922,-0.020993400000000002,-0.3831786,9.8689581,0.0027125682326811784,0,0.040885636372441504,0.0,0,-2.292838135248423e-06
0.938,-0.020993400000000002,-0.3831786,9.8689581,0.0033108946186199972,0,0.037395399121176405,0.0,0,-2.292838135248423e-06
0.953,-0.0164808,-0.5239521,9.821085300000002,0.00288607021184184,0,-0.028321627118543777,0.0,0,-2.292838135248423e-06
0.969,-0.0164808,-0.5239521,9.821085300000002,0.0024716073759609714,0,-0.02590392724255428,0.0,0,-2.292838135248423e-06
0.985,-0.0164808,-0.31284090000000003,9.8674866,0.002979272233739394,0,0.03172905361115139,0.0,0,-2.292838135248423e-06
1.0,0.0014715,-0.4027005000000001,9.842078700000002,0.0029344465966492095,0,-0.0029883758060122974,0.0,0,-2.292838135248423e-06
1.016,0.0150093,-0.4027005000000001,9.7911648,0.0016502330623566763,0,-0.08026334589328325,0.0,0,-2.292838135248423e-06
1.032,0.0030411,-0.35777070000000005,9.9184005,0.0034558147872818523,0,0.1128488578078234,0.0,0,-2.292838135248423e-06
1.047,0.0030411,-0.35777070000000005,9.9184005,0.0052173579335494935,0,0.11743620975117684,0.0,0,-2.292838135248423e-06
1.063,0.052385400000000006,-0.35777070000000005,9.8615025,0.005552467675329353,0,0.020944358861241224,0.0,0,-2.292838135248423e-06
1.078,-0.0254079,-0.38621970000000005,9.8615025,0.00590296616470809,0,0.023366565958582247,7.517105156418778e-05,0,-1.7290552485170102e-06
1.094,-0.0254079,-0.2918475,9.7941078,0.004522787023867991,0,-0.08626119630250609,0.0,0,-1.1276868360035075e-06
1.11,-0.0030411,-0.2918475,9.888480000000001,0.005476228213550982,0,0.05959007435518687,0.0,0,-1.1276868360035075e-06
1.125,0.0763218,-0.3083283,9.888480000000001,0.006425776613689038,0,0.06330322667587082,0.0,0,-1.1276868360035075e-06
1.141,0.0763218,-0.41908320000000004,9.8615025,0.0067940744702159606,0,0.023018616032932628,0.0,0,-1.1276868360035075e-06
1.157,0.0688662,-0.33530580000000004,9.877983300000002,0.007475684451357267,0,0.04260062382133164,4.7751115220274034e-05,0,-7.456779142413149e-07
1.172,0.0688662,-0.33530580000000004,9.877983300000002,0.008140669798812894,0,0.044332356497042064,0.0,0,-3.8754455008926195e-07
1.188,0.0868185,-0.2889045,9.877983300000002,0.008757145253818877,0,0.038529715937873875,0.0,0,-3.8754455008926195e-07
1.203,0.0868185,-0.3771945,9.7956774,0.007425236508282751,0,-0.0887939163690743,0.0,0,-3.8754455008926195e-07
1.219,-0.010496700000000001,-0.3771945,9.8794548,0.008158423488014321,0,0.04582418623322311,4.609343570374357e-05,0,-1.8797064459313065e-08
1.235,0.0,-0.3771945,9.8794548,0.00887359195133186,0,0.04469802895734616,0.0,0,3.499504211706358e-07
1.25,0.0,-0.3907323,9.8615025,0.009146622084042377,0,0.018202008847367897,0.0,0,3.499504211706358e-07
1.266,-0.020993400000000002,-0.3907323,9.8615025,0.009413537532505956,0,0.01668221552897363,0.0,0,3.499504211706358e-07
1.282,0.049442400000000004,-0.3951468000000001,9.8615025,0.009680705671383905,0,0.016698008679871798,0.00011873638704732511,0,1.2998415175492375e-06
1.297,0.049442400000000004,-0.318825,9.752219100000001,0.007210009060324651,0,-0.1647131074039513,0.0,0,2.19036442040417e-06
1.313,0.020993400000000002,-0.40417200000000003,9.783611100000002,0.0056391799216140015,0,-0.09817682116941553,0.0,0,2.19036442040417e-06
1.328,0.0777933,-0.40417200000000003,9.836094600000001,0.005392611855276286,0,-0.01643787108918091,0.0,0,2.19036442040417e-06
1.344,0.0658251,-0.41309910000000005,9.836094600000001,0.005158966060653469,0,-0.014602862163926022,1.536132104476345e-05,0,2.3132549887622777e-06
1.36,0.0658251,-0.31136939999999996,9.860031000000001,0.005423218426910736,0,0.01651577289107918,0.0,0,2.4361455571203852e-06
1.375,0.0628821,-0.31136939999999996,9.831582000000001,0.004987040166442469,0,-0.02907855069788468,0.0,0,2.4361455571203852e-06
1.391,0.007455600000000001,-0.37268190000000007,9.831582000000001,0.004608658958725087,0,-0.023648825482336357,0.0,0,2.4361455571203852e-06
1.407,0.007455600000000001,-0.3427614,9.907903800000001,0.006073356804170871,0,0.0915436153403614,0.0,0,2.4361455571203852e-06
1.422,0.0254079,-0.3427614,9.830012400000001,0.005604416890747643,0,-0.031262660894882034,0.0,0,2.4361455571203852e-06
1.438,0.0254079,-0.3173535,9.830012400000001,0.005126118818731484,0,-0.029893629501009905,1.3745043887655566e-05,0,2.54610590822163e-06
1.453,0.0254079,-0.3173535,9.830012400000001,0.004659486553350689,0,-0.03110881769205276,0.0,0,2.6491937373790477e-06
1.469,0.0059841,-0.30685680000000004,9.855518400000001,0.004817150341709819,0,0.009853986772445636,0.0,0,2.6491937373790477e-06
1.485,0.0239364,-0.30685680000000004,9.871999200000001,0.005373408179542238,0,0.03476611486452616,0.0,0,2.6491937373790477e-06
1.5,0.0239364,-0.30685680000000004,9.871999200000001,0.005916098753038668,0,0.03617937156642886,0.0,0,2.6491937373790477e-06
1.516,0.028449,-0.33226469999999997,9.842078700000002,0.005736543348586309,0,-0.01122221277827239,0.0,0,2.6491937373790477e-06
1.532,-0.0059841,-0.33226469999999997,9.9528336,0.008260226993177966,0,0.1577302277869784,3.434124905024377e-05,0,2.923923729780998e-06
1.547,-0.0059841,-0.33226469999999997,9.9528336,0.01072235737814431,0,0.16414202566442396,0.0,0,3.1814830976578244e-06
1.563,0.029920500000000003,-0.39671639999999997,9.8644455,0.011028946638983683,0,0.01916182880246085,0.0,0,3.1814830976578244e-06
1.578,0.029920500000000003,-0.39671639999999997,9.8644455,0.011328058112972883,0,0.019940764932613153,1.8398599611859495e-05,0,3.319472594746772e-06
1.594,0.0344331,-0.3652263,9.851005800000001,0.011263021766893644,0,-0.004064771629952443,0.0,0,3.466661391641648e-06
1.61,-0.049442400000000004,-0.3278502,9.8674866,0.011570824325779938,0,0.019237659930393374,0.0,0,3.466661391641648e-06
1.625,-0.049442400000000004,-0.3278502,9.8674866,0.011871119505181937,0,0.02001967862680008,5.76125861243941e-05,0,3.8987557875746005e-06
1.641,-0.049442400000000004,-0.32333760000000006,9.8405091,0.011502835111006249,0,-0.023017774635980516,0.0,0,4.359656476569753e-06
1.657,0.0254079,-0.32333760000000006,9.7612443,0.009209074956910257,0,-0.14336000963099935,0.0,0,4.359656476569753e-06
1.672,0.0389457,-0.33981839999999996,9.889951500000002,0.01012329404357537,0,0.06094793911100796,5.529227110087284e-05,0,4.774348509826297e-06
1.688,0.0389457,-0.33981839999999996,9.889951500000002,0.011015215103736153,0,0.05574506626004889,0.0,0,5.21668667863328e-06
1.703,-0.04188870000000001,-0.33981839999999996,9.910846800000002,0.012395012127011995,0,0.09198646821838868,0.0,0,5.21668667863328e-06
1.719,-0.0224649,-0.2994012,9.800091900000002,0.011007758651455646,0,-0.08670334222227175,8.719921473771854e-05,0,5.914280396535028e-06
1.735,-0.0224649,-0.2994012,9.800091900000002,0.009654340626523705,0,-0.08458862655824621,0.0,0,6.611874114436777e-06
1.75,0.10182780000000001,-0.2994012,9.839037600000001,0.00929560455095313,0,-0.023915738371371887,0.0,0,6.611874114436777e-06
1.766,0.1272357,-0.36375480000000004,9.839037600000001,0.009005689205856982,0,-0.01811970906850922,4.103094784710902e-05,0,6.94012169721365e-06
1.782,0.0359046,-0.3503151,9.777627,0.0071956485391559966,0,-0.11312754166881146,0.0,0,7.268369279990522e-06
1.797,0.0359046,-0.3023442,9.8584614,0.007361351051105913,0,0.011046834129994519,0.0,0,7.268369279990522e-06
1.813,-0.0449298,-0.3023442,9.845021700000002,0.007196274171645811,0,-0.010317304966256371,0.0,0,7.268369279990522e-06
1.828,0.049442400000000004,-0.34128990000000003,9.845021700000002,0.007066784256677394,0,-0.008632660997894394,3.253086728615545e-06,0,7.2927674304551384e-06
1.844,0.049442400000000004,-0.3771945,9.834525,0.0067165598327232345,0,-0.021889026497134957,0.0,0,7.318792124284063e-06
1.86,0.0449298,-0.3771945,9.845021700000002,0.0066301762896880945,0,-0.005398971439696249,0.0,0,7.318792124284063e-06
1.875,0.0254079,-0.3712104,9.845021700000002,0.006538656441641422,0,-0.006101323203111559,0.0,0,7.318792124284063e-06
1.891,0.0254079,-0.3338343,9.891423,0.007547835847789841,0,0.06307371288427616,0.0,0,7.318792124284063e-06
1.907,0.0224649,-0.3338343,9.8046045,0.006415924247310301,0,-0.07074447502997121,4.346199298433176e-05,0,7.666488068158718e-06
1.922,-0.0090252,-0.2889045,9.8046045,0.005276310408666163,0,-0.07597425590960968,0.0,0,7.992453015541203e-06
1.938,0.0389457,-0.33824879999999996,9.855518400000001,0.005445806284976484,0,0.01059349226939509,0.0,0,7.992453015541203e-06
1.953,0.0389457,-0.3622833,9.845021700000002,0.0053761465607919945,0,-0.004643981612299284,0.0,0,7.992453015541203e-06
1.969,0.050913900000000005,-0.3622833,9.8734707,0.0060029179581757575,0,0.03917321233648515,0.0,0,7.992453015541203e-06
1.985,0.0059841,-0.41309910000000005,9.8734707,0.00665987581784222,0,0.041059866229153884,0.0,0,7.992453015541203e-06
2.0,0.0059841,-0.34128990000000003,9.8136297,0.005775289593126232,0,-0.05897241498106629,8.369393973870973e-05,0,8.620157563581522e-06
2.016,-0.028449,-0.34128990000000003,9.806076000000001,0.004729114895996034,0,-0.0653859185706373,0.0,0,9.2897090814912e-06
2.032,0.0389457,-0.3262806,9.806076000000001,0.0036968823290646213,0,-0.06451453543321323,0.0,0,9.2897090814912e-06
2.047,0.0389457,-0.3307932,9.8854389,0.00462808535150927,0,0.062080201496309405,0.0,0,9.2897090814912e-06
2.063,0.08377740000000002,-0.3307932,9.7986204,0.00342710676725666,0,-0.07506116151578805,0.0,0,9.2897090814912e-06
2.078,0.04188870000000001,-0.3712104,9.7986204,0.0022841621226223907,0,-0.07619630964228626,0.0,0,9.2897090814912e-06
2.094,0.0373761,-0.33981839999999996,9.8196138,0.00165261159481922,0,-0.03947190798769814,0.0,0,9.2897090814912e-06
2.11,0.0373761,-0.33981839999999996,9.8196138,0.0010364647384264458,0,-0.03850917852454835,0.0,0,9.2897090814912e-06
2.125,0.0373761,-0.3951468000000001,9.8076456,0.0001941428748555296,0,-0.05615479090472728,0.0,0,9.2897090814912e-06
2.141,-0.0059841,-0.33530580000000004,9.8464932,0.00026331182420591404,0,0.004323059334399023,0.0,0,9.2897090814912e-06
2.157,-0.0059841,-0.36973890000000004,9.8464932,0.00036084192464258535,0,0.006095631277291952,0.0,0,9.2897090814912e-06
2.172,0.0,-0.36973890000000004,9.8928945,0.0015868946334887113,0,0.08173684725640772,0.0,0,9.2897090814912e-06
2.188,0.0,-0.36973890000000004,9.8928945,0.002783043617728964,0,0.07475931151501573,2.530721996481418e-05,0,9.492166841209713e-06
2.203,-0.0239364,-0.3487455,9.831582000000001,0.002437654443687265,0,-0.023025944936113773,0.0,0,9.681970990945816e-06
2.219,-0.0239364,-0.3487455,9.831582000000001,0.0021006893958421813,0,-0.02106031549031771,0.0,0,9.681970990945816e-06
2.235,0.031392,-0.3547296,9.8615025,0.0025069641561081824,0,0.025392172516625042,0.0,0,9.681970990945816e-06
2.25,0.0194238,-0.3771945,9.8615025,0.002922897701889582,0,0.027728903052093072,0.0,0,9.681970990945816e-06
2.266,0.0194238,-0.3771945,9.8615025,0.0033286865270412136,0,0.025361801571976962,0.0,0,9.681970990945816e-06
2.282,0.0045126,-0.35777070000000005,9.8944641,0.004509909807770995,0,0.07382645504561129,0.0,0,9.681970990945816e-06
2.297,0.0045126,-0.35777070000000005,9.8944641,0.005662322764580452,0,0.07682753045396314,0.0,0,9.681970990945816e-06
2.313,0.0614106,-0.3307932,9.8375661,0.005381417554554346,0,-0.017556575626631585,0.0,0,9.681970990945816e-06
2.328,0.0614106,-0.3307932,9.8375661,0.0051073636911151965,0,-0.01827025756261038,3.4383369190435845e-05,0,9.939846259874079e-06
2.344,0.050913900000000005,-0.3307932,9.836094600000001,0.004802663839104326,0,-0.019043740750679366,0.0,0,1.0214913213397566e-05
2.36,0.0239364,-0.33226469999999997,9.7791966,0.003117146298015072,0,-0.10534484631807829,0.0,0,1.0214913213397566e-05
2.375,0.0239364,-0.33226469999999997,9.7791966,0.0014727389408548675,0,-0.10962715714401274,0.0,0,1.0214913213397566e-05
2.391,0.0269775,-0.35777070000000005,9.788123700000002,0.00010815427861388116,0,-0.08528654139006157,0.0,0,1.0214913213397566e-05
2.407,0.0269775,-0.35777070000000005,9.788123700000002,-0.0012231478308883936,0,-0.0832063818438921,0.0,0,1.0214913213397566e-05
2.422,0.04041720000000001,-0.3847482,9.788123700000002,-0.002495912381993648,0,-0.08485097007368292,0.0,0,1.0214913213397566e-05
2.438,0.0254079,-0.347274,9.7941078,-0.003627156124645481,0,-0.07070273391573949,0.0,0,1.0214913213397566e-05
2.453,0.0254079,-0.347274,9.7941078,-0.004730808556502097,0,-0.07357682879044267,0.0,0,1.0214913213397566e-05
2.469,0.052385400000000006,-0.315882,9.7941078,-0.00583083715113375,0,-0.06875178716447822,0.0,0,1.0214913213397566e-05
2.485,0.052385400000000006,-0.33824879999999996,9.8524773,-0.005463045761739949,0,0.022986961837112553,0.0,0,1.0214913213397566e-05
2.5,0.0059841,-0.33824879999999996,9.8524773,-0.005107575303853196,0,0.023698030525783332,0.0,0,1.0214913213397566e-05
2.516,0.04041720000000001,-0.3547296,9.8524773,-0.004744670852872446,0,0.022681528186296852,0.0,0,1.0214913213397566e-05
2.532,0.04041720000000001,-0.36826739999999997,9.854046900000002,-0.004340255034248841,0,0.02527598866397527,0.0,0,1.0214913213397566e-05
2.547,0.049442400000000004,-0.36826739999999997,9.831582000000001,-0.0044922344344957565,0,-0.010131960016460948,0.0,0,1.0214913213397566e-05
2.563,0.0389457,-0.3847482,9.8151012,-0.005027934273789114,0,-0.033481239955834824,0.0,0,1.0214913213397566e-05
2.578,-0.0134397,-0.36669779999999996,9.8151012,-0.005569067713649289,0,-0.03607556265734579,-5.189262649455892e-05,0,9.825718514688382e-06
2.594,-0.0134397,-0.34128990000000003,9.8375661,-0.005571744953527968,0,-0.00016732749241743492,0.0,0,9.41057750273191e-06
2.61,-0.0090252,-0.34128990000000003,9.830012400000001,-0.0057586054103975215,0,-0.011678778554347059,0.0,0,9.41057750273191e-06
2.625,0.0329616,-0.3503151,9.830012400000001,-0.005931923387512583,0,-0.011554531807670684,0.0,0,9.41057750273191e-06
2.641,0.0329616,-0.4027005000000001,9.806076000000001,-0.006635433272595748,0,-0.04396936781769774,0.0,0,9.41057750273191e-06
2.657,0.0150093,-0.4027005000000001,9.821085300000002,-0.006957082240175438,0,-0.020103060473730654,-2.8619874110744417e-05,0,9.181618509845954e-06
2.672,0.031392,-0.37268190000000007,9.821085300000002,-0.007298822639139502,0,-0.022782693264270695,0.0,0,8.96696945401537e-06
2.688,0.031392,-0.3771945,9.839037600000001,-0.00719049235561009,0,0.006770642720588243,0.0,0,8.96696945401537e-06
2.703,0.0119682,-0.3652263,9.8120601,-0.007754385958939736,0,-0.03759290688864387,0.0,0,8.96696945401537e-06
2.719,0.020993400000000002,-0.3652263,9.851005800000001,-0.0073549183762811055,0,0.02496672391616437,0.0,0,8.96696945401537e-06
2.735,0.029920500000000003,-0.3367773,9.851005800000001,-0.006989339418574048,0,0.022848684856691094,-9.916876506333187e-05,0,8.173619333508714e-06
2.75,0.029920500000000003,-0.3532581,9.8196138,-0.007383768860442785,0,-0.0262952961245823,0.0,0,7.429853595533719e-06
2.766,0.056898,-0.3532581,9.7821396,-0.00867906761187065,0,-0.08095617196424147,0.0,0,7.429853595533719e-06
2.782,0.056898,-0.3532581,9.7821396,-0.009942773710823971,0,-0.0789816311845825,0.0,0,7.429853595533719e-06
2.797,0.0329616,-0.3278502,9.7327953,-0.012402732409977801,0,-0.163997246610254,-0.00015203579542203858,0,6.28958512986842e-06
2.813,0.0269775,-0.3278502,9.889951500000002,-0.01097221602531917,0,0.08940727404116436,0.0,0,5.07329876649211e-06
2.828,0.0269775,-0.3278502,9.889951500000002,-0.009576590284188669,0,0.09304171607536876,0.0,0,5.07329876649211e-06
2.844,0.0119682,-0.3262806,9.783611100000002,-0.010809230653137547,0,-0.07704002305930484,-0.00015623799772432985,0,3.82339478469747e-06
2.86,0.0119682,-0.3262806,9.783611100000002,-0.01201180662284429,0,-0.07516099810667136,0.0,0,2.57349080290283e-06
2.875,0.0194238,-0.36973890000000004,9.8240283,-0.012161997320003337,0,-0.010012713143936397,-2.0109825503543052e-05,0,2.422667111626256e-06
2.891,0.0194238,-0.36973890000000004,9.8240283,-0.012308524829427014,0,-0.009157969338979824,0.0,0,2.2617885075979113e-06
2.907,0.020993400000000002,-0.3831786,9.8240283,-0.012438847778156514,0,-0.008145184295593737,0.0,0,2.2617885075979113e-06
2.922,0.020993400000000002,-0.3278502,9.854046900000002,-0.011883041757247526,0,0.037053734727265614,-9.626715507518721e-05,0,1.5397848445340013e-06
2.938,0.059841000000000005,-0.3278502,9.839037600000001,-0.011702778894111532,0,0.011266428945999597,0.0,0,7.696476039325029e-07
2.953,0.0344331,-0.33981839999999996,9.855518400000001,-0.01111825221976126,0,0.038968444956685624,0.0,0,7.696476039325029e-07
2.969,0.0344331,-0.33981839999999996,9.855518400000001,-0.01054798229356635,0,0.03564187038718188,-0.00012944132974672395,0,-2.658830340412897e-07
2.985,0.031392,-0.33981839999999996,9.845021700000002,-0.010247732506424967,0,0.018765611696336375,0.0,0,-1.3014136720150823e-06
3.0,0.049442400000000004,-0.347274,9.866015100000002,-0.009434947867276833,0,0.05418564260987516,0.0,0,-1.3014136720150823e-06
3.016,0.049442400000000004,-0.347274,9.866015100000002,-0.008641987243716898,0,0.049560038972495904,-8.804263183736886e-05,0,-2.0057547267140338e-06
3.032,0.0748503,-0.3876912,9.7926363,-0.00961605932140941,0,-0.06087950485578192,0.0,0,-2.7100957814129853e-06
3.047,0.0748503,-0.3876912,9.7926363,-0.010566373543548835,0,-0.06335428147596119,0.0,0,-2.7100957814129853e-06
3.063,0.029920500000000003,-0.3367773,9.7926363,-0.011545269987914608,0,-0.061181027772860774,-6.236839909727447e-05,0,-3.2090429741911816e-06
3.078,0.029920500000000003,-0.36973890000000004,9.8165727,-0.011887911430839893,0,-0.022842762861686114,0.0,0,-3.67680596742073e-06
3.094,0.0359046,-0.36973890000000004,9.855518400000001,-0.011272488365474231,0,0.03846394158535379,0.0,0,-3.67680596742073e-06
3.11,0.010496700000000001,-0.37572300000000003,9.855518400000001,-0.010668017470864655,0,0.03777943091309851,-9.89245047991541e-05,0,-4.468202005813963e-06
3.125,0.010496700000000001,-0.3173535,9.818044200000001,-0.011041845708360754,0,-0.024921882499739714,0.0,0,-5.210135791807625e-06
3.141,0.0134397,-0.3173535,9.8091171,-0.011624088912215669,0,-0.03639020024093217,0.0,0,-5.210135791807625e-06
3.157,0.0179523,-0.3547296,9.8091171,-0.01216074336955586,0,-0.03354090358376191,-0.00013335461386213,0,-6.276972702704666e-06
3.172,0.0179523,-0.37425150000000007,9.843550200000001,-0.011827406371063276,0,0.02222246656617207,0.0,0,-7.277132306670649e-06
3.188,0.0389457,-0.33981839999999996,9.8405091,-0.011605290393868373,0,0.013882248574681443,-7.273110362287366e-07,0,-7.282950794960479e-06
3.203,0.0269775,-0.33981839999999996,9.827069400000001,-0.011717169847221598,0,-0.007458630223548509,0.0,0,-7.2884056277321945e-06
3.219,0.029920500000000003,-0.37866600000000006,9.827069400000001,-0.011791498934702105,0,-0.004645567967531679,0.0,0,-7.2884056277321945e-06
3.235,0.029920500000000003,-0.33824879999999996,9.842078700000002,-0.011534086544495281,0,0.01608827438792647,-5.031979693336831e-05,0,-7.690964003199141e-06
3.25,0.050913900000000005,-0.33824879999999996,9.8854389,-0.010223920545497478,0,0.08734439993318616,0.0,0,-8.068362480199407e-06
3.266,0.0373761,-0.37866600000000006,9.8854389,-0.00891146154844158,0,0.0820286873159936,0.0,0,-8.068362480199407e-06
3.282,0.0373761,-0.36669779999999996,9.9932508,-0.0050142586217649665,0,0.24357518291728808,0.0,0,-8.068362480199407e-06
3.297,0.0090252,-0.36669779999999996,10.005219,-0.0009220026076892651,0,0.2728170676050445,-2.251562744238697e-05,0,-8.23722968601731e-06
3.313,0.0239364,-0.33981839999999996,10.005219,0.003047908108321451,0,0.24811941975066953,0.0,0,-8.417354705556406e-06
3.328,0.0150093,-0.35777070000000005,10.283626800000002,0.013722030160980836,0,0.7116081368439742,0.0,0,-8.417354705556406e-06
3.344,0.0150093,-0.41908320000000004,10.1413818,0.020725782710423246,0,0.43773453434015025,0.0,0,-8.417354705556406e-06
3.36,0.04041720000000001,-0.41908320000000004,10.2282003,0.029676121389472954,0,0.5593961674406063,0.0002990638893528379,0,-6.024843590733701e-06
3.375,0.0179523,-0.31136939999999996,10.2282003,0.03831284795286649,0,0.5757817708928977,0.00030898115942038775,0,-1.4645057249344706e-06
3.391,0.0179523,-0.31136939999999996,10.2282003,0.0467389226488617,0,0.5266296684997003,0.0004893953242342138,0,4.922506144302348e-06
3.407,0.0179523,-0.3891627,10.1743434,0.05371179521810987,1,0.4358045355780101,0.0012930010671699872,0,1.918167727553597e-05
3.422,-0.0254079,-0.344331,10.2252573,0.06171668732724456,1,0.5336594739423081,0.002158714686260152,0,4.506954542626223e-05
3.438,-0.0254079,-0.3712104,10.205735400000002,0.06907343422988355,1,0.4597966814149364,0.0032050356587171773,0,8.797954818608091e-05
3.453,0.0478728,-0.3712104,10.0665315,0.0728598094930284,1,0.25242501754299523,0.004269534986638993,0,0.000144038828026251
3.469,0.0134397,-0.35178660000000006,10.0665315,0.07653427643546173,1,0.22965418390208361,0.0054646876740669145,0,0.00022191260931189835
3.485,0.0254079,-0.3532581,10.0291554,0.07920989480769158,1,0.1672261482643654,0.006710641044012143,0,0.0003193152390565309
3.5,0.0254079,-0.3532581,10.0291554,0.08182025419523242,1,0.17402395916938784,0.007918367161534082,0,0.00042903280059812846
3.516,0.0150093,-0.3907323,10.2761712,0.09042062539453077,1,0.5375231999561465,0.009296294198252189,0,0.0005667500914764188
3.532,0.0329616,-0.3338343,10.2761712,0.09876335859948249,1,0.5214208253094816,0.010809766070204296,0,0.0007275985736240708
3.547,0.0329616,-0.3338343,10.2761712,0.10690261050675254,1,0.5426167938179989,0.012352260838501071,0,0.0009013137754393624
3.563,0.0329616,-0.3338343,10.157862600000001,0.11195932261567343,1,0.3160445068075554,0.014103156303480479,0,0.001112957112575215
3.578,0.0703377,-0.3338343,10.1833686,0.11751908084761276,1,0.37065054879596304,0.01582424432945509,0,0.0013374126173222268
3.594,-0.0134397,-0.3592422,10.2881394,0.12551241685014247,1,0.4995835001581068,0.017768496311037132,0,0.0016061545424461649
3.61,-0.0134397,-0.3592422,10.2881394,0.13331079343797647,1,0.4873985367396245,0.019839081993342084,0,0.001907015168881199
3.625,0.010496700000000001,-0.3592422,10.133926200000001,0.13715991244983172,1,0.25660793412368127,0.021867612287500664,0,0.0022198153759875223
3.641,0.0179523,-0.344331,10.2042639,0.14261735660110553,1,0.3410902594546125,0.024105830439908164,0,0.0025876029178067933
3.657,0.0179523,-0.344331,10.2042639,0.14794169235844734,1,0.3327709848338631,0.02643030283158459,0,0.0029918919839787357
3.672,0.0179523,-0.36826739999999997,10.270187100000001,0.1547633797772896,1,0.45477916125614687,0.028700590872602634,0,0.0034053736867601433
3.688,0.0344331,-0.36826739999999997,10.211719500000001,0.15999459925459902,1,0.3269512173318387,0.031218654704857747,0,0.003884727651379827
3.703,0.0119682,-0.347274,10.2581208,0.166210143055455,1,0.414369586723741,0.0336651902721831,0,0.004371356488707623
3.719,0.0119682,-0.347274,10.2581208,0.17227408822702195,1,0.37899657322293356,0.03637306412244292,0,0.004931662523864631
3.735,0.0119682,-0.347274,10.2177036,0.17720491423557228,1,0.3081766255343951,0.03916889614214368,0,0.005535998205981324
3.75,0.0150093,-0.37572300000000003,10.2177036,0.1820401078007965,1,0.32234623768161175,0.04186323380741647,0,0.00614373918060303
3.766,0.0150093,-0.3532581,10.1114613,0.18414812721047014,1,0.1317512131046027,0.044792739687506605,0,0.006836986968562416
3.782,-0.04188870000000001,-0.3532581,10.3644612,0.19237358197997345,1,0.5140909230939568,0.047804913361030155,0,0.0075777681929507104
3.797,-0.0134397,-0.3996594,10.3300281,0.19959843957196277,1,0.481657172799284,0.0507447035226697,0,0.008316890319578465
3.813,-0.0134397,-0.3996594,10.3300281,0.20664708112512287,1,0.4405400970725056,0.05399466768824639,0,0.009154805289265794
3.828,-0.0134397,-0.3592422,10.3329711,0.21355935551774863,1,0.46081829284172726,0.057146215963067855,0,0.009988361916650633
3.844,0.031392,-0.3592422,10.4063499,0.22209263275047952,1,0.5333298270456805,0.06063143186921369,0,0.010930583099308886
3.86,0.0164808,-0.37866600000000006,10.4063499,0.23043373136184542,1,0.5213186632103679,0.06425164278211229,0,0.011929647696519495
3.875,0.0164808,-0.36973890000000004,10.3434678,0.23703082930188302,1,0.4398065293358363,0.06775762698709029,0,0.012919717219788521
3.891,0.0194238,-0.36973890000000004,10.205735400000002,0.24010999918397324,1,0.19244811763063902,0.07157475361497714,0,0.014034376264605061
3.907,-0.0269775,-0.34128990000000003,10.205735400000002,0.24309032959062726,1,0.18627065041587604,0.07544035624517395,0,0.015210497143486271
3.922,-0.0269775,-0.36973890000000004,10.4197896,0.2512395890725845,1,0.5432839654638099,0.07914783063514808,0,0.016369908545088695
3.938,0.0059841,-0.36973890000000004,10.3465089,0.2574030750542473,1,0.3852178738539266,0.08321697194816273,0,0.017668826965755183
3.953,-0.0014715,-0.3712104,10.265674500000001,0.2614471837278689,1,0.269607244908112,0.08710834888902852,0,0.01894626687203409
3.969,0.0329616,-0.3547296,10.265674500000001,0.26537973907566226,1,0.2457847092370844,0.09132296427145677,0,0.020373717377317975
3.985,0.0329616,-0.3503151,10.4512797,0.2737370296385375,1,0.5223306601797035,0.09563589842117037,0,0.021869388278858995
4.0,0.0478728,-0.3503151,10.3090347,0.2784245102522629,1,0.31249870758168874,0.09977710997035141,0,0.02333498584179542
4.016,0.0,-0.39671639999999997,10.3090347,0.2830359305928116,1,0.28821377128429554,0.10426879349711202,0,0.02496735306953513
4.032,0.0,-0.35178660000000006,10.295595000000002,0.28716751404806296,1,0.25822396595320796,0.10883042105423901,0,0.026672146785945938
4.047,-0.0090252,-0.35178660000000006,10.4557923,0.29510342937410705,1,0.5290610217362843,0.1131974531299052,0,0.028337355842326984
4.063,0.0134397,-0.33226469999999997,10.4557923,0.3028303343121568,1,0.48293155862810755,0.11798092323939531,0,0.03018678285328139
4.078,0.0134397,-0.3262806,10.392910200000001,0.3088312263239086,1,0.40005946745010496,0.12256838494416597,0,0.03199090266465816
4.094,0.0389457,-0.3262806,10.324044,0.3130085032709786,1,0.26107980919187734,0.12754310278092507,0,0.03399179456645889
4.11,-0.0134397,-0.37425150000000007,10.428814800000001,0.31967571323148825,1,0.4167006225318511,0.1326045765129448,0,0.03607297600080985
4.125,-0.0134397,-0.33226469999999997,10.428814800000001,0.32614563975168487,1,0.43132843467978405,0.1374482366603185,0,0.038098372099609285
4.141,-0.0134397,-0.33226469999999997,10.428814800000001,0.3324577631860226,1,0.3945077146461081,0.14271706388382016,0,0.040339694503962395
4.157,0.0224649,-0.34580249999999996,10.351021500000002,0.33673069659645805,1,0.2670583381522149,0.14807057156208,0,0.0426659955875296
4.172,-0.0090252,-0.3951468000000001,10.351021500000002,0.34094196139044897,1,0.28075098626606737,0.1531531164969817,0,0.044925173247972516
4.188,-0.0090252,-0.3951468000000001,10.351021500000002,0.3450505124089762,1,0.256784438657953,0.15864105628737712,0,0.047419526630247386
4.203,0.0329616,-0.37866600000000006,10.379372400000001,0.3497360444395099,1,0.3123688020355668,0.16385195546374096,0,0.04983822421838086
4.219,0.0329616,-0.37866600000000006,10.379372400000001,0.35430729520100535,1,0.2857031725934653,0.16948430218086508,0,0.05250491427953771
4.235,0.0658251,-0.3173535,10.5051366,0.3617866961186671,1,0.46746255735385894,0.17521305411142246,0,0.055262493129876016
4.25,0.04188870000000001,-0.36669779999999996,10.4197896,0.367039503843392,1,0.3501871816483353,0.1806792506111378,0,0.05793168541529516
4.266,0.04188870000000001,-0.36669779999999996,10.4197896,0.3721641943065368,1,0.32029315394654895,0.18659288019633724,0,0.060869862461754964
4.282,-0.0164808,-0.3262806,10.352492999999999,0.37548882649443804,1,0.20778951174382757,0.19257410436274505,0,0.06390319833822762
4.297,-0.0164808,-0.3262806,10.352492999999999,0.3787323700923917,1,0.21623623986358104,0.19823076333714615,0,0.06683423484597674
4.313,-0.0045126,-0.3951468000000001,10.4962095,0.38545776045200597,1,0.42033689747589215,0.20434428438150135,0,0.07005483522772592
4.328,-0.0045126,-0.3951468000000001,10.4962095,0.3920191169004088,1,0.43742376322683896,0.21017536096164469,0,0.07316373256779964
4.344,0.0,-0.3652263,10.4962095,0.39839400080157716,1,0.39843024382302217,0.21649866590326058,0,0.07657712478271889
4.36,-0.0373761,-0.39220380000000005,10.3883976,0.402011058266007,1,0.22606609152686621,0.22290190637580126,0,0.08009232936095138
4.375,-0.0373761,-0.39220380000000005,10.3883976,0.40553989481666974,1,0.23525577004418616,0.2289585385239212,0,0.08348128269769924
4.391,0.04188870000000001,-0.37572300000000003,10.4257737,0.40987924619293103,1,0.2712094610163305,0.235481891651998,0,0.08719680613910659
4.407,0.04188870000000001,-0.37572300000000003,10.4257737,0.414112759730747,1,0.26459459611349856,0.24207382769938743,0,0.09101725189391767
4.422,0.0030411,-0.34580249999999996,10.337483700000002,0.4160635186136439,1,0.130050592193127,0.24830014978697024,0,0.09469505672506527
4.438,-0.0030411,-0.34580249999999996,10.4063499,0.41964542858671194,1,0.22386937331675386,0.2549858213645731,0,0.09872134449427762
4.453,-0.0254079,-0.35777070000000005,10.4063499,0.42315058244049375,1,0.2336769235854449,0.26130679144727736,1,0.10259353909036664
4.469,-0.0254079,-0.4056435,10.515633300000001,0.42927648380397265,1,0.3828688352174311,0.2681262079772331,1,0.10682900308576274
4.485,0.0179523,-0.4056435,10.4557923,0.43379415478362127,1,0.2823544362280381,0.2750307730859338,1,0.11117425893426808
4.5,-0.0134397,-0.37572300000000003,10.557522,0.4406538498107846,1,0.4573130018108982,0.28158913312039174,1,0.11534890823081544
4.516,-0.0134397,-0.37572300000000003,10.557522,0.4473462352031383,1,0.4182740870221076,0.28869313380050315,1,0.1199111663661826
4.532,0.0239364,-0.37572300000000003,10.4572638,0.4514320908294813,1,0.25536597664643756,0.2958833604087641,1,0.12458777831985673
4.547,0.0224649,-0.3622833,10.4572638,0.4554066521691631,1,0.26497075597879033,0.3026846509812538,1,0.12907703840528179
4.563,0.0224649,-0.3562992,10.4438241,0.4589516548170014,1,0.2215626654898937,0.3099995174371431,1,0.13397851175262895
4.578,-0.0164808,-0.3652263,10.4647194,0.4629267688500356,1,0.26500760220226915,0.31691360561464615,1,0.13868036017551755
4.594,0.0254079,-0.3652263,10.385356500000002,0.4648708764498881,1,0.12150672499078297,0.32433598677704556,1,0.14381035691465108
4.61,0.0045126,-0.3891627,10.385356500000002,0.46678802316749746,1,0.11982166985058373,0.3317892579739847,1,0.14905935887265934
4.625,0.0045126,-0.3592422,10.4871843,0.4711142669689483,1,0.28841625343006333,0.33882352515000785,1,0.15408895474608916
4.641,0.031392,-0.3592422,10.4393115,0.4741691778137014,1,0.19093192779706653,0.3463857927082691,1,0.15957062928895538
4.657,0.049442400000000004,-0.38621970000000005,10.4393115,0.477174760034881,1,0.18784888882372713,0.35399654421105775,1,0.16517368798431
4.672,0.049442400000000004,-0.37572300000000003,10.551537900000001,0.482833145268172,1,0.3772256822194071,0.3611966035008305,1,0.17053763659214904
4.688,0.0179523,-0.37572300000000003,10.4347989,0.4855056048668036,1,0.16702872491447515,0.3689433135019103,1,0.17637875592817098
4.703,0.0150093,-0.32932170000000005,10.4347989,0.48807455723717297,1,0.17126349135795083,0.3762451647176904,1,0.1819676695148182
4.719,0.0150093,-0.3817071,10.4647194,0.49135363906439977,1,0.20494261420167506,0.384080590288103,1,0.18805027555486453
4.735,0.0239364,-0.40417200000000003,10.6158915,0.4982581146612812,1,0.4315297248050905,0.39199748431790843,1,0.19425890015171263
4.75,-0.007455600000000001,-0.40417200000000003,10.380942000000001,0.4992673628043036,1,0.06728320953482743,0.3994789253989002,1,0.20019497322458857
4.766,-0.007455600000000001,-0.40417200000000003,10.380942000000001,0.5002519951389601,1,0.06153952091603182,0.4074750802624463,1,0.20665060526987936
4.782,-0.0434583,-0.3562992,10.461776400000002,0.5031424270552876,1,0.18065199477046417,0.4155022356400003,1,0.21323442379709892
4.797,0.0150093,-0.3562992,10.5650757,0.5084784697463558,1,0.35573617940455715,0.42308939236601245,1,0.21952386100714388
4.813,0.0329616,-0.35777070000000005,10.5650757,0.5136865707173754,1,0.32550631068872765,0.43126671268972233,1,0.22635870984758977
4.828,0.0329616,-0.3008727,10.4228307,0.5152564607623056,1,0.1046593363286716,0.4389837854258202,1,0.2328855885834566
4.844,-0.0119682,-0.3008727,10.4452956,0.517334654027712,1,0.12988707908789798,0.44724451434414036,1,0.2399754149816163
4.86,-0.0119682,-0.3008727,10.4452956,0.5193621596524984,1,0.12671910154915522,0.45553808885358205,1,0.24719767580719806
4.875,0.020993400000000002,-0.33226469999999997,10.4991525,0.5226766750245115,1,0.22096769146754502,0.46335338011365945,1,0.25408936182445224
4.891,0.020993400000000002,-0.3592422,10.5171048,0.5263696097714412,1,0.23080842168310392,0.4717457503920271,1,0.2615701548684977
4.907,0.020993400000000002,-0.3592422,10.5171048,0.5299724729391784,1,0.22517894798357288,0.48019648705371204,1,0.26918569276806364
4.922,-0.010496700000000001,-0.3876912,10.442254499999999,0.5316873345208855,1,0.11432410544714133,0.48815893560966234,1,0.2764483584380388
4.938,-0.010496700000000001,-0.3876912,10.442254499999999,0.5333603702103566,1,0.10456473059194939,0.4966793172475123,1,0.2843270644608962
4.953,0.0344331,-0.3547296,10.307563200000002,0.5316820773133397,1,-0.11188619313445781,0.5046671356039405,1,0.29183716285728234
4.969,0.0344331,-0.3547296,10.307563200000002,0.530044718389421,1,-0.10233493274491846,0.5131609499695626,1,0.2999797875418704
4.985,-0.0150093,-0.33824879999999996,10.307563200000002,0.5284326548833995,1,-0.10075396912634363,0.5216287689557452,1,0.30825810529327285
5.0,0.0150093,-0.347274,10.6787736,0.5359161730231587,1,0.4989012093172924,0.5296113851650441,1,0.3161424064491786
5.016,0.0150093,-0.347274,10.6787736,0.5432171663302405,1,0.456312081692611,0.5382444518798714,1,0.324685253145538
5.032,-0.0239364,-0.34128990000000003,10.4812002,0.5455194347687318,1,0.14389177740570233,0.5469543446886631,1,0.33336684351808626
5.047,-0.0239364,-0.34128990000000003,10.4812002,0.5477655503184788,1,0.14974103664980815,0.555153982076817,1,0.3416326559688272
5.063,-0.0239364,-0.4027005000000001,10.5171048,0.5508850850787699,1,0.19497092251818932,0.563943187159995,1,0.3505854333227217
5.078,-0.0090252,-0.33530580000000004,10.416846600000001,0.5514262592199355,1,0.036078276077706126,0.5722105222422357,1,0.35910658614323876
5.094,-0.0090252,-0.33530580000000004,10.416846600000001,0.5519542339918058,1,0.032998423241892255,0.5810375661879296,1,0.3683325708506801
5.11,0.0119682,-0.33981839999999996,10.6727895,0.5587122346952444,1,0.42237504396491726,0.589922897937426,1,0.37770025456368295
5.125,0.0119682,-0.33981839999999996,10.6727895,0.5653054061132341,1,0.43954476119931946,0.5983530302434894,1,0.38661232402503964
5.141,0.0464013,-0.34128990000000003,10.463247899999999,0.5666331501871404,1,0.0829840046191465,0.6074085386938924,1,0.3962584165765387
5.157,0.0464013,-0.34128990000000003,10.463247899999999,0.5679285102592431,1,0.08096000450641398,0.6164850319774635,1,0.40604956514190954
5.172,-0.0239364,-0.34128990000000003,10.4452956,0.5687528088130236,1,0.05495323691870267,0.6250101418705053,1,0.4153607789457691
5.188,-0.0090252,-0.3487455,10.4452956,0.5695624321913222,1,0.05060146114366222,0.63411666379854,1,0.4254337933911215
5.203,0.059841000000000005,-0.37866600000000006,10.5171048,0.5721320603119313,1,0.1713085413739351,0.6426793724923148,1,0.43500976366330324
5.219,0.059841000000000005,-0.37268190000000007,10.4003658,0.5717883643236839,1,-0.0214809992654663,0.6518307358893997,1,0.445365844530357
5.235,-0.010496700000000001,-0.37268190000000007,10.4467671,0.5725799998779788,1,0.04947722214343471,0.660985682803013,1,0.4558683758798963
5.25,0.0150093,-0.2858634,10.4467671,0.5732857528416844,1,0.04705019758037192,0.6695796759484103,1,0.46584761607053177
5.266,0.0150093,-0.39671639999999997,10.527601500000001,0.5760327327954897,1,0.17168624711283428,0.6787742238335077,1,0.4766344472687871
5.282,0.0434583,-0.39671639999999997,10.5560505,0.5794080200188283,1,0.2109554514586607,0.6880177498560223,1,0.48756878305830337
5.297,0.0059841,-0.344331,10.5560505,0.5826540241437286,1,0.2164002749933567,0.6967332151872413,1,0.4979544152961276
5.313,0.0059841,-0.3262806,10.4512797,0.5832527272191381,1,0.03741894221309657,0.7060604691981442,1,0.5091767647712107
5.328,-0.04188870000000001,-0.3262806,10.418318099999999,0.5830352901801312,1,-0.014495802600459172,0.7148076293286391,1,0.5198332755101619
5.344,0.0269775,-0.33226469999999997,10.418318099999999,0.582826565643245,1,-0.013045283555390684,0.7241345241752261,1,0.5313448127381928
5.36,0.0763218,-0.37572300000000003,10.5530094,0.5859478486322871,1,0.1950801868151329,0.7334847194894303,1,0.54300576668751
5.375,0.0763218,-0.38023560000000006,10.430286299999999,0.5860057388975743,1,0.0038593510191495158,0.742274371395904,1,0.5540739598691498
5.391,0.0763218,-0.38023560000000006,10.430286299999999,0.5860622172051713,1,0.0035298942248074253,0.751650915044726,1,0.5660253621606748
5.407,-0.020993400000000002,-0.38023560000000006,10.5470253,0.5889564447294529,1,0.18088922026759918,0.7610510643402031,1,0.5781269779957542
5.422,-0.020993400000000002,-0.37425150000000007,10.560563100000001,0.5921048464280201,1,0.20989344657115294,0.769909024023884,1,0.5896091786584846
5.438,0.0389457,-0.37425150000000007,10.473744600000002,0.593061529194447,1,0.05979267290168172,0.7793903550288637,1,0.6020035736909066
5.453,0.0389457,-0.37425150000000007,10.473744600000002,0.5939948782348647,1,0.06222326936118114,0.7882932780845838,1,0.6137612009392579
5.469,0.0179523,-0.37572300000000003,10.6158915,0.5983701506368302,1,0.2734545251228402,0.7978321983155574,1,0.6264502047504591
5.485,0.007455600000000001,-0.37572300000000003,10.4557923,0.59873602608784,1,0.022867215688115984,0.8074090477293547,1,0.6392921347188184
5.5,0.007455600000000001,-0.37572300000000003,10.4557923,0.599092977747361,1,0.02379677730139968,0.8163927652581185,1,0.6514706483162241
5.516,0.0554265,-0.39671639999999997,10.3869261,0.5977852158344152,1,-0.08173511955911199,0.8259677908067727,1,0.6646095327647433
5.532,0.0224649,-0.33981839999999996,10.3898691,0.5965289087943066,1,-0.07851919000678713,0.8355223038038025,1,0.6779014535216279
5.547,-0.0329616,-0.33981839999999996,10.452751200000002,0.5968368132595891,1,0.02052696435216742,0.8444725467192066,1,0.6905014149005502
5.563,-0.0329616,-0.33981839999999996,10.452751200000002,0.5971372078598645,1,0.018774662517206924,0.8540243388881622,1,0.7040893899854092
5.578,-0.0134397,-0.3427614,10.452751200000002,0.5974315619219741,1,0.019623604140642417,0.8629836046615263,1,0.7169669495620323
5.594,-0.0014715,-0.3876912,10.5216174,0.5994353116024733,1,0.12523435503120062,0.872558539649722,1,0.7308512867165223
5.61,0.0134397,-0.3996594,10.5216174,0.6014013103580389,1,0.12287492222284857,0.882165232625406,1,0.7448890768947234
5.625,0.0134397,-0.3996594,10.5216174,0.6033193579244447,1,0.12786983776038868,0.8912006376375244,1,0.7581893209216951
5.641,0.0134397,-0.3891627,10.5934266,0.6069312873870842,1,0.22574559141497177,0.9008826428000167,1,0.7725259871651955
5.657,0.0733788,-0.3891627,10.529073,0.6088926098471408,1,0.12258265375353339,0.9106092339778905,1,0.7870179221794188
5.672,0.0329616,-0.34128990000000003,10.3988943,0.6075872561927014,1,-0.08702357696262857,0.9197328329731891,1,0.8007454876815516
5.688,-0.010496700000000001,-0.33824879999999996,10.3988943,0.6063101739178194,1,-0.07981764218012437,0.9294440124140733,1,0.8155389024446498
5.703,-0.010496700000000001,-0.3367773,10.3360122,0.6035301753224882,1,-0.18533323968873824,0.938517815033376,1,0.8295486161505061
5.719,0.0059841,-0.3039138,10.3001076,0.5999177211334779,1,-0.2257783868131467,0.9481453982050236,1,0.8446419218564133
5.735,0.0059841,-0.3039138,10.3001076,0.596393375583224,1,-0.22027159689086398,0.9577158869787573,1,0.8598888121378836
5.75,0.0059841,-0.31136939999999996,10.207305,0.5906979837783197,1,-0.37969278699362835,0.9666190721739687,1,0.8743213243315288
5.766,-0.0224649,-0.31136939999999996,10.4108625,0.5901046059402315,1,-0.037086114880513464,0.9760654928917171,1,0.8898628008520543
5.782,0.020993400000000002,-0.3847482,10.4108625,0.589585426590622,1,-0.03244870935059649,0.9855030131519639,1,0.9055553489004037
5.797,0.020993400000000002,-0.3996594,10.5620346,0.59277704343247,1,0.21277445612320375,0.9943707316771369,1,0.9204044019866217
5.813,0.0658251,-0.3996594,10.461776400000002,0.5934517980969076,1,0.042172166527354414,1.003860562409372,1,0.9363902523393137
5.828,0.0194238,-0.40113090000000007,10.5440823,0.5961128553192783,1,0.17740381482470288,1.0127822973099936,1,0.9515150737872096
5.844,0.0658251,-0.3771945,10.5440823,0.5986920479750069,1,0.16119954098303677,1.022340736536348,1,0.9677960580579803
5.86,0.0658251,-0.3831786,10.4362704,0.5985858382685176,1,-0.006638106655576508,1.031918959626296,1,0.9842301356272815
5.875,0.0763218,-0.3831786,10.4647194,0.5991773549904842,1,0.03943444813110459,1.0409021835757384,1,0.9997762942012964
5.891,0.0868185,-0.3951468000000001,10.4647194,0.5997672862701897,1,0.03687070498159525,1.0504937407058237,1,1.016507461595549
5.907,0.0868185,-0.39220380000000005,10.4333274,0.5995750372781252,1,-0.012015562004030745,1.0600884792942102,1,1.0333921193555493
5.922,0.0823059,-0.39220380000000005,10.2881394,0.5958480612741912,1,-0.24846506692893947,1.0690541525333523,1,1.0493606890942557
5.938,0.0389457,-0.40417200000000003,10.2881394,0.5922170490856224,1,-0.22693826178554735,1.078558673416231,1,1.0665415917018524
5.953,0.0389457,-0.4056435,10.1997513,0.5865219060491018,1,-0.3796762024346945,1.0873992155797416,1,1.0827862758693227
5.969,0.0777933,-0.4056435,10.148935500000002,0.5797326970491383,1,-0.42432556249771786,1.0967292524045276,1,1.100259303613197
5.985,0.0898596,-0.38023560000000006,10.0904679,0.5716625555614314,1,-0.5043838429816812,1.1059404144254121,1,1.1178806609478364
6.0,0.0718092,-0.3831786,10.0904679,0.5637884358889753,1,-0.5249413114970848,1.11445629686129,1,1.1345336362824863
6.016,0.0718092,-0.42065280000000005,10.012674599999999,0.5542470541279609,1,-0.5963363600633981,1.1234005807814256,1,1.152436491303628
6.032,0.0478728,-0.42065280000000005,9.934881299999999,0.5430392125169075,1,-0.7004901006908419,1.1321788709145846,1,1.1704811269171962
6.047,0.0179523,-0.36669779999999996,9.934881299999999,0.5320502123687518,1,-0.7326000098770573,1.1402420416012269,1,1.1875242837610644
6.063,0.0179523,-0.40711500000000006,10.048579199999999,0.524138413963831,1,-0.49448740030755234,1.1486915506118875,1,1.2058357524987693
6.078,0.0373761,-0.40711500000000006,10.15335,0.5189741842615607,1,-0.34428198015133776,1.1565148950985782,1,1.2231248008415985
6.094,0.0179523,-0.4311495000000001,10.15335,0.5139587997276678,1,-0.31346153336830856,1.164778358970492,1,1.241695146874151
6.11,0.0179523,-0.4311495000000001,10.15335,0.5090657416458217,1,-0.30581613011537695,1.17296255530148,1,1.2603970741883268
6.125,0.0179523,-0.4445892,10.098021600000001,0.5029579776133488,1,-0.40718426883153724,1.1805527331959236,1,1.278048438852057
6.141,-0.0119682,-0.4281084,9.9303687,0.4928962534445258,1,-0.6288577605514373,1.1885195670443867,1,1.2970010172539794
6.157,0.0703377,-0.3831786,9.9303687,0.4830411058801598,1,-0.6159467227728749,1.1963270659189842,1,1.3160797903176864
6.172,0.0703377,-0.3831786,9.9303687,0.47342632776858196,1,-0.6409852074385369,1.2035005716713496,1,1.3340784975996136
6.188,0.0478728,-0.4625415,9.7686999,0.46018639359760094,1,-0.8274958856863127,1.2109694734422791,1,1.3533942579605227
6.203,0.0868185,-0.39220380000000005,9.7686999,0.4472009468434859,1,-0.8656964502743045,1.2177748784955875,1,1.3716098406000574
6.219,0.0868185,-0.39220380000000005,9.7686999,0.4345322183028859,1,-0.7917955337874976,1.2248287438167584,1,1.3911506695785563
6.235,-0.0014715,-0.40417200000000003,9.5621013,0.41714038283671506,1,-1.086989716635677,1.2316421246258753,1,1.4108024365260974
6.25,-0.0014715,-0.40417200000000003,9.5621013,0.4001727384794762,1,-1.1311762904826144,1.2377719730357466,1,1.4293230422585592
6.266,0.059841000000000005,-0.3891627,9.5426775,0.3831349770691741,1,-1.064860088143881,1.2440384347601359,1,1.4491775255209263
6.282,0.0059841,-0.36669779999999996,9.6144867,0.36823672249562556,1,-0.9311409108467831,1.2500494083566542,1,1.4691302282658607
6.297,0.0059841,-0.36669779999999996,9.6144867,0.35370183998484706,1,-0.9689921673852541,1.2554639475752576,1,1.4879215784353497
6.313,0.0119682,-0.3847482,9.5711265,0.33848207900186367,1,-0.9512350614364609,1.2610014189271512,1,1.508053301367369
6.328,0.0119682,-0.3847482,9.5711265,0.3236335317013914,1,-0.989903153364779,1.2659672860074258,1,1.527005566654379
6.344,0.0119682,-0.34580249999999996,9.5995755,0.30980434489436703,1,-0.8643241754390233,1.2710347890201918,1,1.5473015832546
6.36,0.0434583,-0.37425150000000007,9.5666139,0.2955373552901879,1,-0.8916868502611967,1.2758775226216683,1,1.567676881747735
6.375,0.0434583,-0.37425150000000007,9.5666139,0.2816183410422095,1,-0.9279342831985776,1.2802061903441613,1,1.5868475095949781
6.391,0.10928340000000002,-0.3951468000000001,9.488722500000002,0.2661740637380685,1,-0.9652673315088114,1.2845885295824035,1,1.6073658673543907
6.407,0.10928340000000002,-0.3951468000000001,9.488722500000002,0.2511064761242725,1,-0.9417242258622496,1.2887267739013022,1,1.6279523897822603
6.422,0.052385400000000006,-0.3876912,9.488722500000002,0.23638708432728883,1,-0.981292786465599,1.2923829756046887,1,1.647310712903555
6.438,0.052385400000000006,-0.4176117,9.406416600000002,0.2200521694227131,1,-1.020932181535982,1.2960344896346887,1,1.66801805262547
6.453,0.1062423,-0.3547296,9.394448400000002,0.20377214311036873,1,-1.085335087489584,1.299213171978687,1,1.687482410087571
6.469,0.0643536,-0.3907323,9.487251,0.1901762221754293,1,-0.8497450584337144,1.3023647589009735,1,1.7082950335346083
6.485,0.0643536,-0.3907323,9.487251,0.17691190906817056,1,-0.8290195692036698,1.3053014639509222,1,1.7291563633174234
6.5,0.0643536,-0.4056435,9.398961,0.16183498563696652,1,-1.0051282287469572,1.3078420656612106,1,1.748754939789514
6.516,0.0449298,-0.4056435,9.3915054,0.1469413678837519,1,-0.9308511095759134,1.3103122764893764,1,1.7697001745267187
6.532,0.08377740000000002,-0.33824879999999996,9.3915054,0.13235244861112783,1,-0.9118074545390035,1.3125466270213355,1,1.7906830457548044
6.547,0.08377740000000002,-0.3427614,9.2657412,0.11505811690900103,1,-1.1529554468084777,1.3144022062627365,1,1.8103851620044344
6.563,0.050913900000000005,-0.3427614,9.401904,0.10149853392063868,1,-0.8474739367726462,1.3161346594693737,1,1.8314294569302914
6.578,0.0614106,-0.33824879999999996,9.401904,0.08826721731588982,1,-0.8820877736498902,1.3175579026036477,1,1.8511821511458397
6.594,0.0614106,-0.35777070000000005,9.3614868,0.07439117941483886,1,-0.8672523688156845,1.3188591697774936,1,1.8722734877248888
6.61,0.0344331,-0.36669779999999996,9.3614868,0.06085863436724992,1,-0.845784065474308,1.3199411682877504,1,1.8933838904294107
6.625,0.0344331,-0.36669779999999996,9.0980883,0.0412369076667467,1,-1.308115113366909,1.3207068848530055,1,1.913188750827966
6.641,0.0059841,-0.31136939999999996,9.0980883,0.022041967677370877,1,-1.199683749335988,1.3212131158557585,1,1.934324110833636
6.657,0.0059841,-0.3262806,8.9978301,0.0008842009164045095,1,-1.3223604225603969,1.3213965252045088,1,1.9554649879621182
6.672,0.0045126,-0.3262806,9.108585,-0.017057957734296636,1,-1.1961439100467686,1.3212752220283746,1,1.9752850260663644
6.688,0.049442400000000004,-0.3771945,9.108585,-0.03451134231958086,1,-1.0908365365802632,1.3208626676279436,1,1.9964221291836148
6.703,0.049442400000000004,-0.31284090000000003,8.8660818,-0.05750948662064026,1,-1.5332096200705685,1.320172511410892,1,2.0162298930264066
6.719,0.007455600000000001,-0.31284090000000003,8.7417891,-0.08297960045052477,1,-1.5918821143677806,1.3190485987143226,1,2.0373436619074083
6.735,0.058369500000000005,-0.3996594,8.7417891,-0.10773759972980734,1,-1.5473749549551594,1.31752286111288,1,2.058436233586026
6.75,0.058369500000000005,-0.3996594,8.7702381,-0.13119860436641062,1,-1.5640669757735852,1.3157308395821583,1,2.0781856363412383
6.766,0.0449298,-0.315882,8.7941745,-0.15358917268380345,1,-1.3994105198370508,1.3134525373657566,1,2.0992191033568215
6.782,0.0628821,-0.315882,9.0352062,-0.16955595924154565,1,-0.9979241598588864,1.3108673763103538,1,2.1202136626662305
6.797,0.0718092,-0.34580249999999996,9.0352062,-0.1851049869347019,1,-1.0366018462104387,1.308207419214032,1,2.139856723632663
6.813,0.0718092,-0.37268190000000007,9.0531585,-0.19981124890543356,1,-0.919141373170728,1.305128089327311,1,2.160763407700994
6.828,0.029920500000000003,-0.37268190000000007,8.937891,-0.21697353400052677,1,-1.1441523396728372,1.302002203455516,1,2.180316884896866
6.844,0.029920500000000003,-0.37268190000000007,8.937891,-0.23371722677622664,1,-1.046480798481241,1.298396677369302,1,2.2011200759434644
6.86,0.0269775,-0.3562992,8.937891,-0.2500690464058888,1,-1.0219887268538832,1.294526387183845,1,2.2218634604598897
6.875,0.0359046,-0.3143124,8.825664600000001,-0.2687951609544861,1,-1.2484076365731795,1.2906349056286424,1,2.241252170155983
6.891,0.0373761,-0.3173535,8.825664600000001,-0.2870617394766448,1,-1.14166115763492,1.2861880504251932,1,2.2618667538044135
6.907,0.0373761,-0.3173535,8.825664600000001,-0.3048827916933856,1,-1.1138157635462989,1.281452494175833,1,2.2824078781612216
6.922,0.0090252,-0.3891627,8.9618274,-0.31888308645165075,1,-0.9333529838843627,1.2767742500897452,1,2.301594578743213
6.938,0.0090252,-0.3891627,8.9618274,-0.3325419106060554,1,-0.8536765096502911,1.2715628501132836,1,2.3219812755448372
6.953,0.0928026,-0.4027005000000001,9.080136,-0.3429588701329678,1,-0.694463968460797,1.2664965942577409,1,2.3410167213776205
6.969,0.0928026,-0.4027005000000001,9.080136,-0.35312175747629837,1,-0.6351804589581617,1.2609279492368668,1,2.361236117725577
6.985,0.0928026,-0.39818790000000004,9.0846486,-0.3629316664106561,1,-0.613119308397358,1.2551995218457712,1,2.3813651374942384
7.0,0.050913900000000005,-0.39818790000000004,9.0935757,-0.3722928604575557,1,-0.6240796031266541,1.2496853378942598,1,2.400151773942288
7.016,0.0643536,-0.42065280000000005,9.0935757,-0.3813990135789478,1,-0.5691345700870037,1.2436558029019678,1,2.420098503068658
7.032,0.0224649,-0.3771945,8.9469162,-0.3939083176525404,1,-0.7818315045995388,1.2374533442521158,1,2.439947376245891
7.047,0.0224649,-0.3771945,8.9469162,-0.4061125167487276,1,-0.8136132730791638,1.2314531879941064,1,2.4584641752377374
7.063,0.0030411,-0.3487455,8.8929612,-0.41936282497965216,1,-0.8281442644327833,1.2248493852602793,1,2.4781145958237727
7.078,0.0030411,-0.3487455,8.8929612,-0.43228995496104083,1,-0.861808665425879,1.2184619894107238,1,2.496439431133806
7.094,0.0119682,-0.32932170000000005,8.976836700000002,-0.4428752996755332,1,-0.6615840446557714,1.2114606673736312,1,2.515878812388081
7.11,0.0224649,-0.32932170000000005,9.0292221,-0.4519251397979538,1,-0.5656150076512872,1.2043022638578433,1,2.535204915837933
7.125,0.050913900000000005,-0.3427614,9.0292221,-0.460739243463431,1,-0.5876069110318253,1.197457280983383,1,2.5532181124242417
7.141,0.050913900000000005,-0.37866600000000006,9.0890631,-0.4678451725565509,1,-0.4441205683199941,1.1900286056552232,1,2.5723179995173506
7.157,0.0868185,-0.37866600000000006,9.0247095,-0.4763393150554016,1,-0.5308839061781696,1.1824751297543274,1,2.591298029400627
7.172,0.0718092,-0.41309910000000005,9.0247095,-0.4845926938339282,1,-0.5502252519017857,1.1752681396876576,1,2.6089811039214412
7.188,0.0718092,-0.36669779999999996,8.9424036,-0.4946993450998889,1,-0.631665704122541,1.167433803376187,1,2.627722719465952
7.203,0.0134397,-0.36669779999999996,8.915426100000001,-0.5052237056233349,1,-0.701624034896371,1.1599343804957627,1,2.6451779808449922
7.219,0.0464013,-0.32932170000000005,8.915426100000001,-0.5155242354132206,1,-0.6437831118678566,1.1517683969674704,1,2.663671603064698
7.235,0.059841000000000005,-0.3427614,8.7986871,-0.5284043327042891,1,-0.8050060806917829,1.1434169684225304,1,2.6820330859878183
7.25,0.059841000000000005,-0.3278502,8.886977100000001,-0.5388322436405737,1,-0.6951940624189875,1.135412694099944,1,2.6991243084567365
7.266,0.0194238,-0.3278502,9.056199600000001,-0.5448855934038086,1,-0.37833436020218125,1.126742951403589,1,2.7172215536207647
7.282,0.0898596,-0.35178660000000006,9.056199600000001,-0.5507590519559002,1,-0.3670911595057277,1.1179777942407112,1,2.735179319585919
7.297,0.0898596,-0.39220380000000005,9.0457029,-0.5567045636720795,1,-0.3963674477452949,1.1096718171235016,1,2.7518866916711504
7.313,0.059841000000000005,-0.39220380000000005,8.991846,-0.5638234291469946,1,-0.44492909218218873,1.100707593180949,1,2.769569726953586
7.328,0.056898,-0.3547296,8.991846,-0.5708070579316917,1,-0.46557525231312635,1.0921978645278585,1,2.7860165178864027
7.344,0.056898,-0.3547296,8.948387700000001,-0.5786794637217465,1,-0.4920253618784227,1.083001972354631,1,2.8034181165814624
7.36,0.0389457,-0.3547296,9.0097983,-0.5848655646860568,1,-0.38663131026939157,1.0736936121273686,1,2.8206716812573185
7.375,0.052385400000000006,-0.36973890000000004,9.0097983,-0.5908844190859295,1,-0.40125695999152244,1.0648754872490789,1,2.8367109495026415
7.391,0.029920500000000003,-0.3173535,8.9618274,-0.5979769421196863,1,-0.4432826896098026,1.055364596359434,1,2.8536728701715095
7.407,0.029920500000000003,-0.38621970000000005,8.9469162,-0.6051939430063555,1,-0.45106255541682533,1.0457392292784258,1,2.8704817007766126
7.422,0.04041720000000001,-0.38621970000000005,9.051687,-0.6096809045351979,1,-0.29913076858949406,1.0366276679218642,1,2.8860994525056145
7.438,0.0329616,-0.35777070000000005,9.051687,-0.6140876562537212,1,-0.27542198240770843,1.0268375194355528,1,2.9026071740044737
7.453,0.0329616,-0.36375480000000004,9.196875,-0.614842777000689,1,-0.050341383131186024,1.0176205411861443,1,2.917940609459137
7.469,0.0628821,-0.36375480000000004,9.011269799999999,-0.6200989194751347,1,-0.3285089046528575,1.0077410076143376,1,2.934143501849541
7.485,0.0628821,-0.36375480000000004,9.011269799999999,-0.6252268633526423,1,-0.3204964923442241,0.9977784013517155,1,2.9501876571212695
7.5,0.0434583,-0.37268190000000007,9.011269799999999,-0.6302236389043863,1,-0.3331183701162696,0.9883625225847879,1,2.965083714050793
7.516,0.0449298,-0.3307932,8.8929612,-0.6380217854875436,1,-0.48738416144733465,0.9782165591896524,1,2.9808163467049886
7.532,0.0449298,-0.3307932,8.8929612,-0.6456297333735517,1,-0.4754967428755026,0.9679473470387637,1,2.996385657954816
7.547,0.0359046,-0.36669779999999996,8.960355900000001,-0.6513764310728227,1,-0.3831131799514117,0.9582198008054161,1,3.0108319115636473
7.563,0.0359046,-0.37572300000000003,9.0681678,-0.6543465974163283,1,-0.18563539646909694,0.9477740165775029,1,3.0260798621027107
7.578,0.0359046,-0.37572300000000003,9.0681678,-0.6572443206782843,1,-0.19318155079706142,0.9379370846917929,1,3.040222695362231
7.594,0.049442400000000004,-0.3712104,9.0636552,-0.6601843139037147,1,-0.183749576589398,0.927397655615137,1,3.0551453732846863
7.61,0.049442400000000004,-0.3712104,9.0636552,-0.6630525999773038,1,-0.1792678795993206,0.9168117603040888,1,3.06989904861204
7.625,0.049442400000000004,-0.40417200000000003,8.6879322,-0.6749709150973313,1,-0.7945543413351837,0.9067765839410293,1,3.083575961193878
7.641,0.09133110000000001,-0.3083283,8.8046712,-0.6838406700346429,1,-0.5543596835819726,0.8959060912599736,1,3.097997422595486
7.657,0.09133110000000001,-0.3083283,8.8046712,-0.6924940894856793,1,-0.5408387156897727,0.8848954131838109,1,3.112243834631036
7.672,0.0748503,-0.3023442,9.0352062,-0.6953259196890009,1,-0.18878868022144885,0.8744867631150011,1,3.1254392009532768
7.688,0.0748503,-0.3023442,9.0352062,-0.6980886808629734,1,-0.17267257337327796,0.8633394463105852,1,3.1393418106286815
7.703,0.0359046,-0.3338343,9.0352062,-0.7007628535590698,1,-0.17827817973975174,0.8528480598024195,1,3.1522132169245296
7.719,0.0134397,-0.33981839999999996,8.948387700000001,-0.7054838718811371,1,-0.29506364512921185,0.8415980859988978,1,3.1657687860909403
7.735,0.0134397,-0.33981839999999996,8.948387700000001,-0.7100897434148603,1,-0.28786697085769725,0.8302734970765299,1,3.1791437587555436
7.75,0.0464013,-0.33981839999999996,9.195403500000001,-0.708560116609398,1,0.10197512036415644,0.8196336231263481,1,3.1915180621570647
7.766,0.04041720000000001,-0.35777070000000005,9.195403500000001,-0.7070518897310691,1,0.09426417989555338,0.8083087270756244,1,3.2045416009586805
7.782,0.0269775,-0.3367773,9.1923624,-0.7056750959715945,1,0.08604960996716474,0.7970069111900031,1,3.2173841260648053
7.797,0.0269775,-0.3367773,9.1923624,-0.7043318825477165,1,0.08954756159186844,0.7864318588511086,1,3.2292599168401135
7.813,0.059841000000000005,-0.3712104,9.1923624,-0.7029853309887031,1,0.0841594724383387,0.7751733211428172,1,3.241752758280065
7.828,0.059841000000000005,-0.40868460000000006,9.051687,-0.7050604802523583,1,-0.13834328424367892,0.7646129775585089,1,3.2533011555203255
7.844,0.0389457,-0.40868460000000006,9.1414485,-0.7049007156229052,1,0.009985289340819206,0.7533332879915068,1,3.2654447256447257
7.86,0.0359046,-0.3503151,9.1414485,-0.7048042009620001,1,0.006032166306568771,0.7420556486588276,1,3.2774078371379285
7.875,0.052385400000000006,-0.36826739999999997,9.3405915,-0.6998376889655358,1,0.33110079976429785,0.7315208344843712,1,3.2884596607615024
7.891,0.052385400000000006,-0.36826739999999997,9.2791809,-0.6964889367879081,1,0.20929701110172763,0.7203502214783437,1,3.3000746292092042
7.907,0.0030411,-0.36826739999999997,9.2702538,-0.6934430157702227,1,0.1903700636053383,0.7092307658578787,1,3.311511277107894
7.922,0.0554265,-0.3143124,9.2702538,-0.6905157740644885,1,0.19514944704895204,0.6988510749341186,1,3.3220718909138336
7.938,0.0554265,-0.3039138,9.2298366,-0.6886536167169801,1,0.11638483421927405,0.6878177198078668,1,3.3331652412717694
7.953,0.1032993,-0.3039138,8.882562600000002,-0.6952916239718299,1,-0.4425338169899668,0.6774381305027003,1,3.343404660149099
7.969,0.0,-0.318825,8.882562600000002,-0.7017696288330963,1,-0.40487530382915493,0.6662616404802609,1,3.354154258316963
7.985,0.0,-0.3367773,9.0966168,-0.7028563119855349,1,-0.06791769702740863,0.6550246329537118,1,3.3647245485044346
8.0,0.0134397,-0.3367773,9.256716,-0.7000140214836623,1,0.18948603345817527,0.6445031054526931,1,3.3744710065424823
8.016,-0.0164808,-0.3712104,9.2327796,-0.6977921858293801,1,0.1388647283926402,0.6333206557941887,1,3.3846935966324576
8.032,0.0763218,-0.40417200000000003,9.2327796,-0.695583484962258,1,0.1380438041951314,0.6221736504278557,1,3.394737551082234
8.047,0.0763218,-0.3427614,9.231308100000001,-0.693525054176483,1,0.13722871905165782,0.6117553363843147,1,3.4039920184833257
8.063,0.031392,-0.3427614,9.139977,-0.6937492433970043,1,-0.014011826282578342,0.6006571420037268,1,3.41369131831043
8.078,-0.0373761,-0.35777070000000005,9.139977,-0.6939533972296879,1,-0.013610255512239326,0.5902493721990274,1,3.42262311716695
8.094,-0.0373761,-0.3218661,9.1774512,-0.6932716742748397,1,0.04260768467800876,0.5791515716269912,1,3.431978324717558
8.11,0.173637,-0.3218661,9.354031200000001,-0.688264920415012,1,0.31292211623923344,0.5680992788694723,1,3.4411563315215297
8.125,0.0449298,-0.33226469999999997,9.354031200000001,-0.6834080703011924,1,0.3237900075879566,0.5578117314391003,1,3.449600664098844
8.141,0.0449298,-0.4101561,9.433394100000001,-0.6766605325851742,1,0.42172110725113804,0.5469311826160094,1,3.458438607411285
8.157,-0.028449,-0.4101561,9.3241107,-0.6727420221024776,1,0.2449069051685402,0.5361359621785081,1,3.467103144569641
8.172,-0.028449,-0.4101561,9.3241107,-0.6689190850461895,1,0.2548624704191978,0.5260735038748927,1,3.475069715565042
8.188,0.0389457,-0.33981839999999996,9.4408497,-0.6624120010568522,1,0.40669274933358107,0.5154228551860683,1,3.4834016864375297
8.203,0.0389457,-0.36826739999999997,9.4468338,-0.6558917821490784,1,0.43468126051828615,0.5055355768120247,1,3.4910588746775146
8.219,0.0389457,-0.36826739999999997,9.4468338,-0.6495305929707627,1,0.39757432364473344,0.4950921978110657,1,3.499063896874499
8.235,-0.0030411,-0.33530580000000004,9.3241107,-0.6463477539155686,1,0.1989274409496254,0.48472517103597507,1,3.5069024358252756
8.25,-0.0030411,-0.3307932,9.4423212,-0.6403650812209865,1,0.39884484630546435,0.47507482477245055,1,3.514100935793839
8.266,-0.0030411,-0.3307932,9.4423212,-0.6345283273726139,1,0.3647971155232851,0.46487567750370173,1,3.521620539812048
8.282,0.0793629,-0.3307932,9.544149,-0.626343803924156,1,0.5115327155286171,0.4547887004533276,1,3.5289778548357043
8.297,0.053856900000000006,-0.4176117,9.544149,-0.6182802850117461,1,0.5375679274939704,0.44545401978630794,1,3.535729675237502
8.313,0.0164808,-0.3712104,9.702776700000001,-0.6065974348312029,1,0.7301781362839537,0.43565499802756436,1,3.5427785473800126
8.328,0.0164808,-0.3712104,9.702776700000001,-0.5951995322160393,1,0.7598601743443013,0.4266415207747108,1,3.5492457712710292
8.344,-0.0045126,-0.33824879999999996,9.7507476,-0.5829399998886515,1,0.7662207704617334,0.4172164045178733,1,3.55599663467337
8.36,0.031392,-0.3532581,9.8105886,-0.5695067235424478,1,0.8395797716377321,0.4079968307304245,1,3.5625983405553563
8.375,0.031392,-0.3532581,9.8105886,-0.5564010880827368,1,0.8737090306473666,0.3995525221432353,1,3.568654960701909
8.391,0.0329616,-0.3098979,9.7701714,-0.5446359859964112,1,0.7353188803953519,0.39074422555060206,1,3.5749773346834597
8.407,0.0329616,-0.3098979,9.7701714,-0.5331578376195072,1,0.7173842735564977,0.3821218749616747,1,3.581160263487558
8.422,0.0329616,-0.37572300000000003,9.629496000000001,-0.5253318630893897,1,0.5217316353411444,0.3741832022063577,1,3.5868325515663186
8.438,0.08083440000000001,-0.37572300000000003,9.719257500000001,-0.5155022927900372,1,0.6143481437095305,0.3658565289593223,1,3.592752869415644
8.453,0.0359046,-0.3652263,9.719257500000001,-0.5059287958395338,1,0.6382331300336159,0.35819579579460115,1,3.5981832618512977
8.469,0.04188870000000001,-0.36669779999999996,9.669913200000002,-0.4977895129679606,1,0.5087051794733228,0.3501660493241412,1,3.6038501566122476
8.485,0.04188870000000001,-0.36669779999999996,9.669913200000002,-0.48984874919081633,1,0.4962977360715155,0.34226494322687095,1,3.6093896045526557
8.5,0.028449,-0.36071369999999997,9.6264549,-0.4831675535378537,1,0.44541304353082695,0.33496732095640563,1,3.6144688465340304
8.516,0.0059841,-0.3427614,9.6264549,-0.47666628129348787,1,0.4063295152728626,0.3272886502777549,1,3.6197668943039036
8.532,0.0059841,-0.347274,9.6519609,-0.4696979403567134,1,0.43552130854840293,0.31971773650455326,1,3.6249429453981623
8.547,0.08377740000000002,-0.347274,9.7222986,-0.4611763537963345,1,0.5681057706919075,0.31273617929840514,1,3.6296863497666845
8.563,0.0688662,-0.33824879999999996,9.7222986,-0.4528732195150216,1,0.5189458925820563,0.3054237827119143,1,3.634631629462767
8.578,0.0688662,-0.34128990000000003,9.740250900000001,-0.4443324291947448,1,0.5693860213518305,0.2986947403465916,1,3.6391625183857053
8.594,0.0179523,-0.34128990000000003,9.660888,-0.43793996196258966,1,0.399529202009696,0.29163656121733295,1,3.643885168798217
8.61,0.0,-0.40113090000000007,9.660888,-0.4316477754594015,1,0.3932616564492616,0.28467985931795703,1,3.648495700162499
8.625,0.0,-0.3831786,9.660888,-0.4255268159392305,1,0.40806396801138445,0.27825104988246707,1,3.6527176819815024
8.641,0.031392,-0.3831786,9.6967926,-0.41867887323945574,1,0.4279964187359205,0.2714974043690376,1,3.6571156696155143
8.657,0.0718092,-0.37866600000000006,9.695321100000001,-0.4120328940718583,1,0.41537369797484086,0.26485171023054704,2,3.661406462532311
8.672,0.0928026,-0.3039138,9.695321100000001,-0.4056088057534346,1,0.4282725545615618,0.2587193974818571,2,3.6653332458401544
8.688,0.0928026,-0.35777070000000005,9.632439,-0.40082919544383877,1,0.29872564434973964,0.25226789347227896,2,3.6694211441677873
8.703,-0.007455600000000001,-0.35777070000000005,9.6354801,-0.3961028644553899,1,0.31508873256328396,0.24629090302303522,2,3.673160335141502
8.719,0.059841000000000005,-0.3771945,9.6354801,-0.39146929641607286,1,0.2895980024573139,0.23999032573606352,2,3.6770505849715747
8.735,0.059841000000000005,-0.3503151,9.699833700000001,-0.38540493335302983,1,0.3790226914401892,0.2337753318979107,2,3.6808407102326464
8.75,0.059841000000000005,-0.3503151,9.699833700000001,-0.37948848158420745,1,0.3944301179214773,0.2280386312858812,2,3.684304314956525
8.766,0.0119682,-0.3503151,9.8809263,-0.36930658837703056,1,0.6363683254485547,0.2220482707261913,2,3.6879050101726216
8.782,0.0703377,-0.37866600000000006,9.845021700000002,-0.3602166738282122,1,0.5681196593011467,0.21621208462854935,2,3.6914110930154593
8.797,0.0030411,-0.34580249999999996,9.843550200000001,-0.351419916877898,1,0.58645046335426,0.21087481019825333,2,3.6946142447266603
8.813,-0.0014715,-0.34580249999999996,9.774684,-0.34451634436834766,1,0.4314732818468943,0.20530732010828334,2,3.6979437017691126
8.828,-0.0014715,-0.34580249999999996,9.774684,-0.33778115167610245,1,0.4490128461497166,0.20019008888795037,2,3.700984932336584
8.844,0.0030411,-0.318825,9.487251,-0.33823930161866933,1,-0.02863437141042977,0.1947819252615922,2,3.7041447084497805
8.86,0.0030411,-0.318825,9.487251,-0.33868627717239264,1,-0.027935972107706573,0.1893665206312637,2,3.7072178960169233
8.875,0.0973152,-0.318825,9.7208271,-0.3334166476525482,1,0.3513086346562829,0.18432574869507645,2,3.710020588036871
8.891,0.0658251,-0.4176117,9.827069400000001,-0.32560193308609264,1,0.4884196604034714,0.17905360004916732,2,3.712927622826825
8.907,0.1302768,-0.4176117,9.803133,-0.3185453871676138,1,0.44103411990492575,0.17390042148713766,2,3.715751254999115
8.922,-0.0239364,-0.4281084,9.803133,-0.3116703001718051,1,0.45833913305389884,0.16917380383209185,2,3.7183243116890097
8.938,-0.0239364,-0.4281084,9.803133,-0.3049628982246748,1,0.41921262169564116,0.16424073824492,2,3.720991628025626
8.953,0.0014715,-0.3652263,9.7791966,-0.2990652176512878,1,0.39317870489249973,0.15971052737585065,2,3.7234212625177814
8.969,0.058369500000000005,-0.3652263,9.6654006,-0.2960806458458176,1,0.1865357378418862,0.1549493604678738,2,3.7259385416205313
8.985,0.058369500000000005,-0.3652263,9.6654006,-0.293168868474627,1,0.1819860856994147,0.15023536435331025,2,3.7283800194191006
9.0,0.0359046,-0.32333760000000006,9.7986204,-0.2871196996150225,1,0.40327792397361756,0.14588320009263772,2,3.730600908652445
9.016,0.0359046,-0.32333760000000006,9.7986204,-0.2812180714593122,1,0.36885175973189155,0.14133649792404304,2,3.732898666236579
9.032,0.0733788,-0.32333760000000006,9.806076000000001,-0.2752735514271336,1,0.3715325020111623,0.13688456494095147,2,3.735124434739499
9.047,0.0718092,-0.2200383,9.806076000000001,-0.2695440786607044,1,0.3819648510952663,0.13279843271529254,2,3.7371470572219208
9.063,0.0718092,-0.33530580000000004,9.716314500000001,-0.26606273112759027,1,0.21758422081963305,0.12851357823698617,2,3.7392375533095388
9.078,0.0434583,-0.33530580000000004,9.9168309,-0.2577826483642678,1,0.5520055175548766,0.12458473789079755,2,3.741135790680497
9.094,0.113796,-0.3891627,9.9168309,-0.2496429788587058,1,0.5087293440976244,0.12052533287301376,2,3.7430966712466076
9.11,0.113796,-0.44311770000000006,9.8285409,-0.2437977741778461,1,0.3653252925537306,0.11657780684872134,2,3.7449934963643816
9.125,-0.029920500000000003,-0.45802890000000007,9.831582000000001,-0.2380193290213306,1,0.38522967710101796,0.11296417857472738,2,3.7467150612550575
9.141,-0.0703377,-0.45802890000000007,9.7911648,-0.23336148844934712,1,0.2911150357489675,0.10919313203496195,2,3.748492319739935
9.157,-0.029920500000000003,-0.2484873,9.7911648,-0.2290065568200177,1,0.27218322683308904,0.10549418767280702,2,3.750209818297597
9.172,-0.029920500000000003,-0.3218661,9.707289300000001,-0.22675035858169146,1,0.15041321588840995,0.10207601080729407,2,3.751766594786198
9.188,0.1631403,-0.3218661,9.717786,-0.22426105806072982,1,0.15558128256010204,0.0984679194741547,2,3.7533709462284497
9.203,0.08377740000000002,-0.37572300000000003,9.717786,-0.2218099328644243,1,0.16340834642038155,0.09512238704221632,2,3.7548228735273224
9.219,0.08377740000000002,-0.3951468000000001,9.8091171,-0.217174132542425,1,0.28973752012495496,0.09161051451896152,2,3.756316736739812
9.235,0.11526750000000001,-0.3951468000000001,9.821085300000002,-0.21235196370048826,1,0.3013855526210471,0.0881743057490182,2,3.7577550153019557
9.25,0.0164808,-0.31284090000000003,9.821085300000002,-0.2077358659463222,1,0.30773985027772494,0.08502364702666701,2,3.7590539999477732
9.266,0.0164808,-0.31136939999999996,9.8240283,-0.20316175157479677,1,0.2858821482203397,0.08173646608649805,2,3.7603880808526786
9.282,0.0119682,-0.4281084,9.8734707,-0.19738750318053455,1,0.36089052464138816,0.0785320720484554,2,3.761670229157758
9.297,0.031392,-0.4281084,9.8674866,-0.19189886666580236,1,0.3659091009821323,0.07561242427460776,2,3.7628263128801813
9.313,-0.04188870000000001,-0.4056435,9.8674866,-0.1865662771254044,1,0.33328684627487143,0.0725847031242781,2,3.7640118898993724
9.328,-0.04188870000000001,-0.3143124,9.7612443,-0.1840348844010915,1,0.1687595149542075,0.0698051944128296,2,3.7650798141309005
9.344,-0.010496700000000001,-0.3143124,9.7567317,-0.18167729271752897,1,0.14734948022265812,0.06687949699588064,2,3.76617329166217
9.36,0.08083440000000001,-0.2934171,9.7567317,-0.17938504215678464,1,0.14326566004652083,0.06399099831688612,2,3.767220255624672
9.375,0.08083440000000001,-0.36375480000000004,9.7342668,-0.17763848334194066,1,0.11643725432292754,0.06131332187564559,2,3.768160038026116
9.391,0.12272310000000002,-0.36375480000000004,9.681881400000002,-0.17720054407656782,1,0.027371204085802046,0.05847460965629752,2,3.7691183414783715
9.407,0.10182780000000001,-0.287433,9.681881400000002,-0.1768417534090272,1,0.022424416721289454,0.05564227127641276,2,3.7700312765258333
9.422,-0.0045126,-0.3173535,9.8824959,-0.1715914979084836,1,0.35001703336955925,0.05302902189153133,2,3.770846311224593
9.438,-0.0045126,-0.3996594,9.898878600000002,-0.1659972692455831,1,0.34963929143128036,0.0503283117542988,2,3.7716731698937593
9.453,-0.0179523,-0.3996594,9.8225568,-0.1623990906612569,1,0.23987857228843304,0.047865339054997694,2,3.772409622274829
9.469,-0.0179523,-0.3996594,9.8225568,-0.15888867253020678,1,0.21940113319063295,0.04529503694946598,2,3.773154905282865
9.485,-0.0823059,-0.3008727,9.874942200000001,-0.15426467850273262,1,0.28899962671713436,0.042789810141202464,2,3.7738595840595903
9.5,-0.0823059,-0.3008727,9.874942200000001,-0.14975346481739216,1,0.3007475790226863,0.04050967406630144,2,3.7744843301911466
9.516,0.0628821,-0.40868460000000006,9.8151012,-0.1467196043208734,1,0.18961628103242295,0.038137889513195314,2,3.7751135106997826
9.532,0.0628821,-0.2365191,9.7297542,-0.1459786570364887,1,0.0463092052740421,0.03579630342233642,2,3.775704984243267
9.547,0.0628821,-0.2365191,9.7297542,-0.14525578163708985,1,0.04819169329325544,0.033612045132284496,2,3.7762255468574266
9.563,0.08534699999999999,-0.2365191,9.800091900000002,-0.14283137981670002,1,0.15152511377436437,0.03130734784065418,2,3.77674490200121
9.578,0.13469129999999999,-0.261927,9.800091900000002,-0.1404368505309872,1,0.1596352857142009,0.029182836113046694,2,3.7771985783808626
9.594,0.0928026,-0.4654845,9.8674866,-0.13628660410559057,1,0.2593904015872892,0.02696904847595407,2,3.7776477934575747
9.61,0.0928026,-0.4654845,9.8674866,-0.13223758320276424,1,0.2530638064266453,0.02482085497748723,2,3.7780621126852023
9.625,-0.0823059,-0.2634966,9.877983300000002,-0.12821551002333997,1,0.2681382119616077,0.022867456778291374,2,3.778419775023371
9.641,-0.0823059,-0.2634966,9.877983300000002,-0.12429153618975519,1,0.24524836459904864,0.02084740040858661,2,3.778769493880866
9.657,-0.0823059,-0.3008727,9.8120601,-0.12204431503039714,1,0.1404513224598779,0.018876713598825392,2,3.7790872867929255
9.672,0.0673947,-0.3008727,9.7417224,-0.12156937829715808,1,0.03166244888260293,0.01704961089886866,2,3.779356734226658
9.688,0.08534699999999999,-0.3039138,9.7417224,-0.12110029327451066,1,0.029317813915463703,0.015108253526295308,2,3.7796139971420595
9.703,0.08534699999999999,-0.42663690000000004,9.7567317,-0.12016478352494175,1,0.06236731663793222,0.013298765450299559,2,3.7798270497843838
9.719,0.1212516,-0.40417200000000003,9.831582000000001,-0.11744220933087846,1,0.17016088712895602,0.011397909507452997,2,3.7800246231840458
9.735,0.1212516,-0.40417200000000003,9.831582000000001,-0.11478603938545184,1,0.1660106215891631,0.009540083517722354,2,3.780192127128247
9.75,-0.007455600000000001,-0.24544620000000003,9.922913099999999,-0.11011373118951617,1,0.3114872130623662,0.00785333523841003,2,3.780322577768918
9.766,-0.007455600000000001,-0.40417200000000003,9.8615025,-0.1069253019034555,1,0.19927683037879157,0.006117022973666257,2,3.780434340634615
9.782,0.0179523,-0.40417200000000003,9.8046045,-0.10520089261577859,1,0.10777558047980741,0.004420013417512383,2,3.7805186369257444
9.797,0.0269775,-0.39671639999999997,9.8046045,-0.10352545889034914,1,0.11169558169529195,0.0028545657812163653,2,3.780573196269735
9.813,0.0269775,-0.33226469999999997,9.7866522,-0.10238689570176085,1,0.07116019928676824,0.0012072669444794849,2,3.780605690931541
9.828,0.0614106,-0.33226469999999997,9.7387794,-0.10243924265680704,1,-0.0034897970030795936,-0.0003289290932096522,2,3.7806122784654255
9.844,0.113796,-0.44753220000000005,9.7387794,-0.10236637018503103,1,0.004554529486000543,-0.001967373995944358,2,3.780593908040712
9.86,0.113796,-0.2709522,9.7582032,-0.10198048316919461,1,0.024117938489776038,-0.003602148822778163,2,3.7805493518581623
9.875,0.08534699999999999,-0.2709522,9.866015100000002,-0.09898262801854507,1,0.19985701004329523,-0.005109372156686269,2,3.780484015450816
9.891,0.0763218,-0.3307932,9.866015100000002,-0.09601520647338369,1,0.18546384657258647,-0.006669354832621701,2,3.7803897856349016
9.907,0.0030411,-0.44154810000000005,9.9363528,-0.09130784355091848,1,0.2942101826540752,-0.00816793923281612,2,3.780271087282378
9.922,0.0030411,-0.3712104,9.883967400000001,-0.08806219563410345,1,0.21637652778766053,-0.009513214526703836,2,3.7801384786291816
9.938,0.0373761,-0.3712104,9.776155500000002,-0.08752166546460671,1,0.033783135593545816,-0.010917885415493517,2,3.779975029829644
9.953,-0.028449,-0.3338343,9.776155500000002,-0.08702790209649613,1,0.03291755787404118,-0.012227007172201685,2,3.7798014431352365
9.969,-0.028449,-0.3817071,9.783611100000002,-0.0863217749814229,1,0.044132944692076806,-0.013613804588825038,2,3.779594716641148
9.985,-0.0059841,-0.3817071,9.842078700000002,-0.08420887284891876,1,0.13205638328150904,-0.014978049771467772,2,3.779365981806266
10.0,-0.0090252,-0.41466870000000006,9.842078700000002,-0.08211494942034747,1,0.13959489523808052,-0.016225478438487317,2,3.7791319553446914
10.016,-0.0090252,-0.3143124,9.8644455,-0.07961742826839568,1,0.15609507199698655,-0.017519337459997265,2,3.7788619968175037
10.032,0.0928026,-0.3143124,9.7417224,-0.0801618563995028,1,-0.0340267581941944,-0.018797571737340455,2,3.7785714615439248
10.047,0.0928026,-0.3143124,9.7417224,-0.08069300579570537,1,-0.03540995974683728,-0.020003983203804563,2,3.778280449881866
10.063,-0.0254079,-0.3592422,9.8764137,-0.07790036511412524,1,0.1745400425987585,-0.02127273017108321,2,3.777950236174867
10.078,-0.0254079,-0.3622833,9.891423,-0.07480729644560213,1,0.20620457790155677,-0.022418037632781072,2,3.777622555416338
10.094,-0.0254079,-0.3622833,9.891423,-0.07178966847631152,1,0.18860174808066327,-0.023590813352156383,2,3.7772544846084584
10.11,0.0,-0.3847482,9.843550200000001,-0.06999250350385822,1,0.1123228107783313,-0.02472507072799774,2,3.776867957535817
10.125,0.0,-0.3847482,9.843550200000001,-0.0682391718234161,1,0.11688877869613665,-0.025761808292952333,2,3.77648930594316
10.141,-0.0239364,-0.3218661,9.800091900000002,-0.06764229417324508,1,0.03730485313568895,-0.026848860020925625,2,3.776068420596649
10.157,0.0823059,-0.3712104,9.800091900000002,-0.06700973288579881,1,0.039535080465391524,-0.027926076237397977,2,3.7756302211065824
10.172,0.0823059,-0.3712104,9.800091900000002,-0.06639259992243751,1,0.04114219755741843,-0.028926593733459786,2,3.775203826081801
10.188,0.049442400000000004,-0.36071369999999997,9.8524773,-0.06452863990157631,1,0.11649750130382487,-0.029973963652051898,2,3.774732621622717
10.203,0.0119682,-0.3503151,9.818044200000001,-0.06356143351633392,1,0.06448042568283131,-0.030934639202686152,2,3.7742758071013065
10.219,0.0119682,-0.3503151,9.818044200000001,-0.06261781753073059,1,0.058975999100208065,-0.03194407321106267,2,3.7737727774019967
10.235,0.029920500000000003,-0.32932170000000005,9.839037600000001,-0.06120225014132252,2,0.08847296183800415,-0.032934633752439095,2,3.773253747746289
10.25,0.029920500000000003,-0.32932170000000005,9.839037600000001,-0.0598212087858041,2,0.09206942370122449,-0.03384230969439258,2,3.7727529206704378
10.266,0.0703377,-0.32932170000000005,9.851005800000001,-0.058177095052718286,2,0.10275710831786346,-0.03478629612510076,2,3.7722038918238816
10.282,0.0464013,-0.35178660000000006,9.836094600000001,-0.056921060155914915,2,0.0785021810502106,-0.035707081366769824,2,3.7716399448039466
10.297,0.0464013,-0.35178660000000006,9.836094600000001,-0.05569566025659434,2,0.0816933266213688,-0.036551706769863676,2,3.771098003892922
10.313,0.0224649,-0.3532581,9.8375661,-0.05446503809729464,2,0.07691388495623112,-0.03743299235669479,2,3.7705061262999093
10.328,0.0224649,-0.3936753,9.8464932,-0.053009474931904776,2,0.09703754435933191,-0.03823905120441372,2,3.769938585973201
10.344,0.0224649,-0.3936753,9.8464932,-0.05158941330713418,2,0.0887538515481622,-0.03907584231032603,2,3.769320066825083
10.36,0.0777933,-0.3936753,9.855518400000001,-0.04997717826456061,2,0.10076469016084824,-0.03988837504289959,2,3.768688353086257
10.375,0.0434583,-0.3847482,9.8704296,-0.04805459733032258,2,0.1281720622825303,-0.04062361335986124,2,3.7680845131732363
10.391,0.058369500000000005,-0.3143124,9.831582000000001,-0.04718483410767149,2,0.05436020141569293,-0.041385528811365195,2,3.7674284400358666
10.407,0.058369500000000005,-0.3143124,9.831582000000001,-0.046336284622158885,2,0.05303434284453785,-0.04213369776120384,2,3.766760286223286
10.422,0.0733788,-0.36669779999999996,9.8584614,-0.044806633827080944,2,0.1019767196718589,-0.042817269649573164,2,3.766123153967705
10.438,0.0733788,-0.36669779999999996,9.8584614,-0.043314291587980946,2,0.09327138994374976,-0.04352223705289366,2,3.7654324379140856
10.453,0.0733788,-0.40417200000000003,9.8151012,-0.04287928648219008,2,0.02900034038605996,-0.04416868888841989,2,3.7647747559695257
10.469,-0.007455600000000001,-0.40417200000000003,9.871999200000001,-0.041074919225495776,2,0.11277295354339402,-0.04484032253408138,2,3.7640626838781457
10.485,0.0045126,-0.36071369999999997,9.871999200000001,-0.03935563648417606,2,0.10745517133248218,-0.045483766979758755,2,3.763340091162035
10.5,0.0045126,-0.3547296,9.8375661,-0.03852286083936818,2,0.05551837632052333,-0.04606785570968536,2,3.7626534539918643
10.516,-0.0194238,-0.3547296,9.8240283,-0.03803992948087398,2,0.03018320990588738,-0.04668035803224729,2,3.761911468281929
10.532,0.11673900000000001,-0.32932170000000005,9.8285409,-0.037463906043333495,2,0.03600146484628027,-0.04728438871644095,2,3.7611597503079395
10.547,0.08829,-0.34580249999999996,9.8285409,-0.036895367821236036,2,0.037902548139829156,-0.047842083270425245,2,3.760446301768038
10.563,0.08829,-0.3487455,9.8495343,-0.035826469607565414,2,0.06680613835441379,-0.048423857969855655,2,3.7596761742381157
10.578,0.0164808,-0.3487455,9.862974000000001,-0.03446535912561188,2,0.0907406987969094,-0.048951046685354445,2,3.7589458624532015
10.594,-0.0014715,-0.3592422,9.862974000000001,-0.033128596573801516,2,0.08354765948814784,-0.04949179833094975,2,3.758158319693071
10.61,-0.0014715,-0.36071369999999997,9.860031000000001,-0.031894861455221246,2,0.07710844491126682,-0.05001198599518193,2,3.757362289418462
10.625,0.020993400000000002,-0.36071369999999997,9.7791966,-0.0326609127334514,2,-0.05107008521534146,-0.05049615430159699,2,3.7566084783662363
10.641,0.0793629,-0.3218661,9.7791966,-0.03343402620885172,2,-0.04831959221252009,-0.05102491381313542,2,3.7557963098213185
10.657,0.0793629,-0.3278502,9.8524773,-0.03239715791158915,2,0.0648042685789107,-0.051551563286098945,2,3.754975698004525
10.672,0.010496700000000001,-0.3278502,9.854046900000002,-0.0313549726825233,2,0.06947901527105407,-0.0520297042655548,2,3.7541988384978873
10.688,-0.0045126,-0.3503151,9.8584614,-0.030211871739100005,2,0.07144380896395568,-0.05252223902092779,2,3.7533624229515956
10.703,0.007455600000000001,-0.3712104,9.8584614,-0.029077970319626445,2,0.07559342796491007,-0.0529669128363682,2,3.752571254312666
10.719,0.007455600000000001,-0.3503151,9.774684,-0.03003241322404193,2,-0.059652681525967866,-0.05343979590471755,2,3.7517200006427376
10.735,0.007455600000000001,-0.3503151,9.774684,-0.030963577033228162,2,-0.05819773807413937,-0.05392776382677571,2,3.7508610601648855
10.75,0.0688662,-0.3503151,9.874942200000001,-0.029422476795367913,2,0.10274001585734603,-0.054380659230490194,2,3.750048746991956
10.766,0.053856900000000006,-0.34580249999999996,9.874942200000001,-0.02792511457147029,2,0.09358513899360146,-0.0548394399614249,2,3.7491749861984207
10.782,0.0434583,-0.3771945,9.803133,-0.028187653619857755,2,-0.01640869052421666,-0.055288342106955525,2,3.7482939639418738
10.797,0.0119682,-0.3487455,9.803133,-0.02847163275788489,2,-0.01893194253514162,-0.055713286754788614,2,3.747461451725411
10.813,0.0119682,-0.3487455,9.803133,-0.028748685575472166,2,-0.017315801099204706,-0.05617104930145547,2,3.746566377036961
