timestamps,acc_x,acc_y,acc_z,aAcc,aStages,aJerk,aVelocity,avStages,aHeight
0.047,0.1122264,-0.35777070000000005,9.8076456,-0.014748908460653354,0,0.0,0.0,0,0.0
0.063,0.1122264,-0.3083283,9.827069400000001,-0.014316345770623684,0,0.02703516812685436,0.0,0,0.0
0.078,0.1302768,-0.3083283,9.8689581,-0.01286781841229967,0,0.0965684905549343,0.0,0,0.0
0.094,0.1511721,-0.3503151,9.8689581,-0.011413208637508276,0,0.09091311092446208,-0.00013065148162060502,0,-1.0452118529648402e-06
0.11,0.1511721,-0.3503151,9.845021700000002,-0.010577454914127316,0,0.052234607711310055,0.0,0,-2.0904237059296803e-06
0.125,0.0868185,-0.3503151,9.895935600000001,-0.008540070338625583,0,0.1358256383667822,0.0,0,-2.0904237059296803e-06
0.141,0.1257642,-0.3307932,9.895935600000001,-0.006558557099207718,0,0.12384457746361666,-7.074724893200274e-05,0,-2.6564016973857018e-06
0.156,0.1257642,-0.3503151,9.845021700000002,-0.005849919148856131,0,0.0472425300234391,0.0,0,-3.1870060643757228e-06
0.172,0.1482291,-0.3503151,9.8464932,-0.005115082581736985,0,0.04592728544494666,0.0,0,-3.1870060643757228e-06
0.188,0.18864630000000002,-0.347274,9.8464932,-0.004383944138806939,0,0.045696152683127836,0.0,0,-3.1870060643757228e-06
0.203,0.17667810000000003,-0.3951468000000001,9.830012400000001,-0.004033650576259262,0,0.023352904169845087,0.0,0,-3.1870060643757228e-06
0.219,0.17667810000000003,-0.38023560000000006,9.8105886,-0.004179550998118842,0,-0.00911877636622372,0.0,0,-3.1870060643757228e-06
0.235,0.15568469999999998,-0.38023560000000006,9.8016615,-0.004548101730518894,0,-0.023034420775003304,-2.6181843188701056e-05,0,-3.396460809885331e-06
0.25,0.1586277,-0.3592422,9.8016615,-0.004925812254201745,0,-0.02518070157885667,0.0,0,-3.5928246338005893e-06
0.266,0.1586277,-0.3592422,9.8016615,-0.005294310326085849,0,-0.02303112949275652,0.0,0,-3.5928246338005893e-06
0.281,0.15421320000000002,-0.31284090000000003,9.806076000000001,-0.005586707897192511,0,-0.019493171407110765,0.0,0,-3.5928246338005893e-06
0.297,0.1511721,-0.36669779999999996,9.806076000000001,-0.0058276467752200745,0,-0.015058679876722752,0.0,0,-3.5928246338005893e-06
0.313,0.1511721,-0.3487455,9.855518400000001,-0.004873657742381354,0,0.059624314552419955,0.0,0,-3.5928246338005893e-06
0.328,0.1511721,-0.3487455,9.855518400000001,-0.003942936734732783,0,0.06204806717657139,-3.6545474894622565e-06,0,-3.6202337399715563e-06
0.344,0.1466595,-0.3487455,9.839037600000001,-0.0034382524477880594,0,0.031542767934045285,0.0,0,-3.6494701198872544e-06
0.36,0.1272357,-0.3248091,9.8240283,-0.0033382868957190226,0,0.006247847004314794,0.0,0,-3.6494701198872544e-06
0.375,0.16019730000000001,-0.3427614,9.8240283,-0.003214139913364278,0,0.008276465490316309,0.0,0,-3.6494701198872544e-06
0.391,0.16019730000000001,-0.344331,9.7956774,-0.0037826509216660753,0,-0.03553193801886231,0.0,0,-3.6494701198872544e-06
0.406,0.08829,-0.2934171,9.8285409,-0.003598767356489674,0,0.01225890434509342,0.0,0,-3.6494701198872544e-06
0.422,0.08829,-0.3202965,9.8255979,-0.003470650737099845,0,0.008007288711864312,0.0,0,-3.6494701198872544e-06
0.438,0.12272310000000002,-0.3202965,9.8734707,-0.0021697242835987396,0,0.08130790334381903,0.0,0,-3.6494701198872544e-06
0.453,0.12272310000000002,-0.3202965,9.8734707,-0.0009005277435978343,0,0.08461310266672695,0.0,0,-3.6494701198872544e-06
0.469,0.1437165,-0.3487455,9.8734707,0.00036811038910755656,0,0.07928988329408714,0.0,0,-3.6494701198872544e-06
0.485,0.1437165,-0.39671639999999997,9.7732125,-0.0007931301070964736,0,-0.07257753101275181,0.0,0,-3.6494701198872544e-06
0.5,0.1437165,-0.39671639999999997,9.8405091,-0.00028618435060856484,0,0.033796383765860555,0.0,0,-3.6494701198872544e-06
0.516,0.1406754,-0.36071369999999997,9.845021700000002,0.00028353839778816337,0,0.03560767177479548,0.0,0,-3.6494701198872544e-06
0.531,0.1482291,-0.3847482,9.845021700000002,0.0008642418998476842,0,0.03871356680396802,0.0,0,-3.6494701198872544e-06
0.547,0.1482291,-0.36973890000000004,9.8704296,0.0020359657635751205,0,0.0732327414829647,0.0,0,-3.6494701198872544e-06
0.563,0.1497006,-0.36973890000000004,9.8136297,0.001795425247230753,0,-0.015033782271523057,0.0,0,-3.6494701198872544e-06
0.578,0.15568469999999998,-0.4027005000000001,9.8136297,0.0015946315958075274,0,-0.013386243428215027,0.0,0,-3.6494701198872544e-06
0.594,0.15568469999999998,-0.33981839999999996,9.803133,0.0010849312561074242,0,-0.03185627123125642,0.0,0,-3.6494701198872544e-06
0.61,0.12272310000000002,-0.33981839999999996,9.8255979,0.0011238082156310725,0,0.002429809970228012,0.0,0,-3.6494701198872544e-06
0.625,0.1257642,-0.31136939999999996,9.8255979,0.001139695498155291,0,0.001059152168281229,0.0,0,-3.6494701198872544e-06
0.641,0.1257642,-0.34580249999999996,9.8255979,0.001183262761943027,0,0.002722953986733498,0.0,0,-3.6494701198872544e-06
0.656,0.1257642,-0.34580249999999996,9.8105886,0.0008599437490222073,0,-0.021554600861387958,0.0,0,-3.6494701198872544e-06
0.672,0.11978010000000001,-0.3562992,9.8928945,0.0025578411225701814,0,0.10611858584674828,0.0,0,-3.6494701198872544e-06
0.688,0.13469129999999999,-0.344331,9.8928945,0.004208671219982918,0,0.10317688108829666,0.0,0,-3.6494701198872544e-06
0.703,0.13469129999999999,-0.3218661,9.8524773,0.0048156301380846145,0,0.0404639278734464,0.0,0,-3.6494701198872544e-06
0.719,0.1646118,-0.3218661,9.860031000000001,0.005602975378760533,0,0.049209077542244864,0.0,0,-3.6494701198872544e-06
0.735,0.1721655,-0.3202965,9.860031000000001,0.00637301552601599,0,0.04812750920346605,0.0,0,-3.6494701198872544e-06
0.75,0.1721655,-0.33981839999999996,9.7941078,0.005533525234193704,0,-0.05596601945481908,0.0,0,-3.6494701198872544e-06
0.766,0.1287072,-0.33981839999999996,9.834525,0.005683351595083153,0,0.009364147555590554,0.0,0,-3.6494701198872544e-06
0.781,0.1482291,-0.3652263,9.834525,0.005858419767829304,0,0.011671211516410067,0.0,0,-3.6494701198872544e-06
0.797,0.1482291,-0.3562992,9.803133,0.005256169181333092,0,-0.03764066165601317,0.0,0,-3.6494701198872544e-06
0.813,0.13469129999999999,-0.33226469999999997,9.8225568,0.005116709203702996,0,-0.008716248601881079,2.5812184521714155e-05,0,-3.4429726437135425e-06
0.828,0.1482291,-0.33226469999999997,9.831582000000001,0.005205378852542353,0,0.005911309922623781,0.0,0,-3.2493812598006863e-06
0.844,0.1482291,-0.33226469999999997,9.831582000000001,0.005291885827020337,0,0.005406685904874026,0.0,0,-3.2493812598006863e-06
0.86,0.1482291,-0.36375480000000004,9.831582000000001,0.005403449547028316,0,0.0069727325004986735,0.0,0,-3.2493812598006863e-06
0.891,0.16019730000000001,-0.36669779999999996,9.8136297,0.005082033471403236,0,-0.010368260504034848,0.0,0,-3.2493812598006863e-06
0.891,0.15421320000000002,-0.3771945,9.8136297,0.0047758158385384775,0,0.0,0.0,0,-3.2493812598006863e-06
0.906,0.15421320000000002,-0.347274,9.842078700000002,0.005143511894379671,0,0.024513070389412875,9.688590155020873e-06,0,-3.1767168336380297e-06
0.922,0.18266220000000002,-0.347274,9.8375661,0.005404129666800372,0,0.01628861077629383,0.0,0,-3.0992081123978625e-06
0.938,0.18266220000000002,-0.347274,9.8375661,0.005658390908186206,0,0.015891327586614698,0.0,0,-3.0992081123978625e-06
0.953,0.1032993,-0.4027005000000001,9.830012400000001,0.005745755550968568,0,0.005824309518824099,0.0,0,-3.0992081123978625e-06
0.969,0.1032993,-0.4027005000000001,9.830012400000001,0.0058309893488051046,0,0.005327112364783555,0.0,0,-3.0992081123978625e-06
0.985,0.1482291,-0.32333760000000006,9.848062800000001,0.006296691129124454,0,0.029106361269959333,0.0,0,-3.0992081123978625e-06
1.0,0.11821050000000001,-0.32333760000000006,9.8615025,0.007068733984546327,0,0.05146952369479147,5.797707706217117e-05,0,-2.664380034431578e-06
1.016,0.1302768,-0.35777070000000005,9.8615025,0.007854634730096066,0,0.04911879659685865,0.0,0,-2.2005634179342082e-06
1.031,0.1302768,-0.3503151,9.8120601,0.007409800803255706,0,-0.029655595122690864,0.0,0,-2.2005634179342082e-06
1.047,0.1302768,-0.3503151,9.871999200000001,0.008436692735692475,0,0.06418074577729799,0.0,0,-2.2005634179342082e-06
1.063,0.1122264,-0.36375480000000004,9.871999200000001,0.009444981727321888,0,0.06301806197683829,6.167263729514854e-05,0,-1.7071823195730193e-06
1.078,0.1122264,-0.33824879999999996,9.834525,0.00949316723746918,0,0.0032123673431527513,0.0,0,-1.2446375398594016e-06
1.094,0.1032993,-0.33824879999999996,9.843550200000001,0.009757777954391145,0,0.01653816980762278,0.0,0,-1.2446375398594016e-06
1.11,0.16019730000000001,-0.318825,9.843550200000001,0.010018695143751088,0,0.016307324334996473,1.5928100851103633e-05,0,-1.1172127330505723e-06
1.125,0.16019730000000001,-0.32932170000000005,9.8928945,0.011484363125466857,0,0.09771119878105185,0.0,0,-9.977519766672958e-07
1.141,0.1437165,-0.39671639999999997,9.845021700000002,0.01180182024845955,0,0.01984107018704327,0.0,0,-9.977519766672958e-07
1.156,0.18266220000000002,-0.39671639999999997,9.7701714,0.010303455281563956,0,-0.09989099779304021,2.9280071336824053e-05,0,-7.781514416411169e-07
1.172,0.16912439999999998,-0.36826739999999997,9.7701714,0.008808557500493919,0,-0.09343111131687723,0.0,0,-5.439108709465242e-07
1.188,0.16912439999999998,-0.3427614,9.7656588,0.007217523044287688,0,-0.09943965351288933,0.0,1,-5.439108709465242e-07
1.203,0.18266220000000002,-0.3427614,9.839037600000001,0.0074595604403704385,0,0.01613582640551656,0.0,1,-5.439108709465242e-07
1.219,0.18413369999999998,-0.3562992,9.839037600000001,0.007708083462230064,0,0.015532688866226593,4.180409530728105e-05,1,-2.094781084882755e-07
1.235,0.18413369999999998,-0.38023560000000006,9.8016615,0.007061607761963629,0,-0.04040473126665219,0.0,1,1.2495465396997322e-07
1.25,0.1392039,-0.38023560000000006,9.866015100000002,0.007981111986232747,0,0.06130028161794165,0.0,1,1.2495465396997322e-07
1.266,0.1362609,-0.40417200000000003,9.866015100000002,0.008900375890636525,0,0.05745399402523605,0.0,1,1.2495465396997322e-07
1.281,0.1631403,-0.37268190000000007,9.843550200000001,0.009229487960974225,0,0.02194080468918017,4.380790511433665e-05,1,4.5351394232749597e-07
1.297,0.1631403,-0.33226469999999997,9.827069400000001,0.00911361552516432,0,-0.007242027238119058,0.0,1,8.039771832421896e-07
1.313,0.10477080000000001,-0.33226469999999997,9.827069400000001,0.008981176090179233,0,-0.008277464686567974,0.0,1,8.039771832421896e-07
1.328,0.1362609,-0.33824879999999996,9.827069400000001,0.008866355836049777,0,-0.007654683608630282,0.0,1,8.039771832421896e-07
1.344,0.1362609,-0.35777070000000005,9.8240283,0.00869706882111565,0,-0.010580438433382957,0.00010967495263023569,1,1.6813768042840758e-06
1.36,0.1362609,-0.35777070000000005,9.8495343,0.009153537703390668,0,0.02852930514218863,0.0,1,2.5587764253259623e-06
1.375,0.13469129999999999,-0.3173535,9.8495343,0.009564585355322563,0,0.02740317679545985,0.0,1,2.5587764253259623e-06
1.391,0.13469129999999999,-0.3278502,9.8046045,0.008878850816882888,0,-0.04285840865247966,4.041321714427955e-05,1,2.882082162480199e-06
1.406,0.1946304,-0.3278502,9.8136297,0.00845433694681752,0,-0.02830092467102474,0.0,1,3.1851812910622934e-06
1.422,0.1406754,-0.3936753,9.8136297,0.008076685108420634,0,-0.023603239899805374,0.0,1,3.1851812910622934e-06
1.438,0.20355750000000003,-0.33824879999999996,9.8225568,0.007902309073967828,0,-0.010898502153300339,0.0,1,3.1851812910622934e-06
1.453,0.20355750000000003,-0.3622833,9.764187300000001,0.006330705686169225,0,-0.1047735591865727,3.7239865974073375e-05,1,3.464480285867846e-06
1.469,0.1661814,-0.3622833,9.8674866,0.007297609664195903,0,0.06043149862666736,0.0,1,3.762399213660433e-06
1.485,0.1302768,-0.33530580000000004,9.8674866,0.008204544008240333,0,0.056683396502776824,0.0,1,3.762399213660433e-06
1.5,0.1302768,-0.3652263,9.8120601,0.007764426641610811,0,-0.02934115777530167,0.0,1,3.762399213660433e-06
1.516,0.1406754,-0.3652263,9.8255979,0.007668471150466871,0,-0.005997218196496229,1.3514080366988299e-05,1,3.870511856596339e-06
1.531,0.10182780000000001,-0.34580249999999996,9.8255979,0.00754604312590601,0,-0.00816186830405746,0.0,1,3.971867459348751e-06
1.547,0.10182780000000001,-0.3907323,9.8375661,0.007759304323075256,0,0.013328824823077833,0.0,1,3.971867459348751e-06
1.563,0.1002582,-0.3907323,9.833053500000002,0.007857000191188845,0,0.006105991757099355,0.0,1,3.971867459348751e-06
1.578,0.1317483,-0.33981839999999996,9.833053500000002,0.007915272333342216,0,0.003884809476891335,0.0,1,3.971867459348751e-06
1.594,0.1466595,-0.3307932,9.860031000000001,0.00862731110549042,0,0.04450242325926275,0.0001256288645903915,1,4.976898376071884e-06
1.61,0.1466595,-0.33226469999999997,9.842078700000002,0.008885625328932889,0,0.016144638965154265,0.0,1,5.981929292795017e-06
1.625,0.1466595,-0.33226469999999997,9.842078700000002,0.009137639205460957,0,0.01680092510187129,0.0,1,5.981929292795017e-06
1.641,0.1781496,-0.33226469999999997,9.839037600000001,0.009322052298164962,0,0.011525818294000335,4.858437210273833e-05,1,6.3706042696169235e-06
1.656,0.1915893,-0.38621970000000005,9.839037600000001,0.009556129567537042,0,0.015605151291472061,0.0,1,6.734987060387458e-06
1.688,0.1586277,-0.3652263,9.827069400000001,0.009458998406600472,0,-0.0030353487792678076,0.0,1,6.734987060387458e-06
1.703,0.12272310000000002,-0.36375480000000004,9.827069400000001,0.009350380042128847,0,-0.0072412242981082274,0.0001354831220471732,1,7.751110475741266e-06
1.719,0.12272310000000002,-0.3532581,9.8105886,0.008833398453326424,0,-0.03231134930015142,0.0,1,8.834975452118653e-06
1.735,0.1526436,-0.3532581,9.7926363,0.007901736313108643,0,-0.0582288837636113,0.0,1,8.834975452118653e-06
1.75,0.1646118,-0.36826739999999997,9.7926363,0.007010997890212423,0,-0.05938256152641506,2.6679934667202948e-05,1,9.035074962122673e-06
1.766,0.1377324,-0.3592422,9.7806681,0.005832020181841813,0,-0.07368610677316305,0.0,1,9.248514439460296e-06
1.781,0.1377324,-0.3532581,9.834525,0.005989088269025444,0,0.010471205812242177,0.0,1,9.248514439460296e-06
1.797,0.16019730000000001,-0.3532581,9.836094600000001,0.006188871795623996,0,0.012486470412409457,0.0,1,9.248514439460296e-06
1.813,0.1437165,-0.34580249999999996,9.7672284,0.004692681276710076,0,-0.09351190743211993,0.0,1,9.248514439460296e-06
1.828,0.1437165,-0.34580249999999996,9.7672284,0.0032329832094770694,0,-0.09731320448219961,0.0,1,9.248514439460296e-06
1.844,0.15421320000000002,-0.34580249999999996,9.8120601,0.002905428447837366,0,-0.020472172602481447,1.1108274625928893e-05,1,9.337380636467728e-06
1.86,0.1856052,-0.344331,9.8120601,0.002597849852483236,0,-0.0192236622096331,0.0,1,9.426246833475159e-06
1.875,0.1856052,-0.36375480000000004,9.842078700000002,0.003046382704491535,0,0.029902190133886775,0.0,1,9.426246833475159e-06
1.891,0.1392039,-0.36375480000000004,9.8240283,0.0030254074811679743,0,-0.00131095145772253,0.0,1,9.426246833475159e-06
1.906,0.15421320000000002,-0.3547296,9.7956774,0.002311414783518373,0,-0.0475995131766404,0.0,1,9.426246833475159e-06
1.922,0.11673900000000001,-0.33226469999999997,9.7956774,0.0015830047405724912,0,-0.04552562768411757,0.0,1,9.426246833475159e-06
1.938,0.11673900000000001,-0.33226469999999997,9.886910400000001,0.0030961324582001737,0,0.09457048235173007,0.0,1,9.426246833475159e-06
1.953,0.1287072,-0.33226469999999997,9.7851807,0.00209638998811279,0,-0.06664949800582502,0.0,1,9.426246833475159e-06
1.969,0.1406754,-0.3592422,9.7851807,0.001148279520439388,0,-0.05925690422958757,0.0,1,9.426246833475159e-06
1.985,0.1406754,-0.3891627,9.8136297,0.0009444382362993053,0,-0.012740080258755159,0.0,1,9.426246833475159e-06
2.0,0.1497006,-0.3891627,9.7956774,0.00031135688403516326,0,-0.042205423484276416,0.0,1,9.426246833475159e-06
2.016,0.11821050000000001,-0.40711500000000006,9.7956774,-0.0002989966723045967,0,-0.03814709727123496,0.0,1,9.426246833475159e-06
2.031,0.11821050000000001,-0.3173535,9.7986204,-0.0009036221705187586,0,-0.04030836654761046,0.0,1,9.426246833475159e-06
2.047,0.1406754,-0.3173535,9.7895952,-0.0017062555701876647,0,-0.05016458747930659,0.0,1,9.426246833475159e-06
2.063,0.1437165,-0.36973890000000004,9.842078700000002,-0.0011643890384291922,0,0.033866658234904506,0.0,1,9.426246833475159e-06
2.078,0.173637,-0.38023560000000006,9.842078700000002,-0.0006142372994197842,0,0.036676782600627976,0.0,1,9.426246833475159e-06
2.094,0.173637,-0.37268190000000007,9.783611100000002,-0.0015093336314873085,0,-0.05594352075422022,0.0,1,9.426246833475159e-06
2.11,0.2006145,-0.37268190000000007,9.830012400000001,-0.00123933833359402,0,0.016874706118330515,0.0,1,9.426246833475159e-06
2.125,0.18266220000000002,-0.3562992,9.830012400000001,-0.000999260102929611,0,0.016005215377627127,0.0,1,9.426246833475159e-06
2.141,0.18266220000000002,-0.3503151,9.8674866,0.0001429913972277319,0,0.07139071875983387,0.0,1,9.426246833475159e-06
2.156,0.1586277,-0.3503151,9.8375661,0.0005180402900446524,0,0.02500325952112782,0.0,1,9.426246833475159e-06
2.172,0.1437165,-0.3592422,9.8375661,0.0008862034764813842,0,0.02301019915229572,0.0,1,9.426246833475159e-06
2.188,0.1437165,-0.31136939999999996,9.8076456,0.000476292854626692,0,-0.025619413865918237,0.0,1,9.426246833475159e-06
2.203,0.142245,-0.31136939999999996,9.888480000000001,0.0020462378281180804,0,0.10466299823276146,0.0,1,9.426246833475159e-06
2.219,0.11526750000000001,-0.3307932,9.752219100000001,0.0002633784450960519,0,-0.11142871143887668,0.0,1,9.426246833475159e-06
2.235,0.1062423,-0.3712104,9.752219100000001,-0.001443039677289093,0,-0.10665113264907146,0.0,1,9.426246833475159e-06
2.25,0.1062423,-0.3622833,9.842078700000002,-0.0009259477960021911,0,0.03447279208579317,0.0,1,9.426246833475159e-06
2.266,0.1062423,-0.3622833,9.842078700000002,-0.0004214679118206277,0,0.031529992761347686,0.0,1,9.426246833475159e-06
2.281,0.1078119,-0.3622833,9.843550200000001,0.00010698739310122107,0,0.03523035366145629,0.0,1,9.426246833475159e-06
2.297,0.1212516,-0.3307932,9.843550200000001,0.0005993445834793221,0,0.030772324398631284,0.0,1,9.426246833475159e-06
2.313,0.1212516,-0.3367773,9.833053500000002,0.0008287911910702661,0,0.01434041297443399,0.0,1,9.426246833475159e-06
2.328,0.1287072,-0.3367773,9.855518400000001,0.0016025085547983764,0,0.05158115758187512,0.0,1,9.426246833475159e-06
2.344,0.142245,-0.4027005000000001,9.855518400000001,0.002422162761233082,0,0.051228387902169055,0.0,1,9.426246833475159e-06
2.36,0.142245,-0.3847482,9.8225568,0.002401105098392975,0,-0.0013161039275066944,0.0,1,9.426246833475159e-06
2.375,0.1781496,-0.3847482,9.821085300000002,0.002358973583049817,0,-0.002808767689543833,0.0,1,9.426246833475159e-06
2.391,0.1646118,-0.38621970000000005,9.800091900000002,0.001801954546841955,0,-0.034813689762991346,0.0,1,9.426246833475159e-06
2.406,0.1302768,-0.3891627,9.800091900000002,0.0012487702846417648,0,-0.03687895081334572,0.0,1,9.426246833475159e-06
2.422,0.1302768,-0.3817071,9.860031000000001,0.002162632870007286,0,0.057116411585345035,0.0,1,9.426246833475159e-06
2.438,0.16765290000000002,-0.3817071,9.783611100000002,0.001205743678418969,0,-0.05980557447426976,0.0,1,9.426246833475159e-06
2.453,0.1915893,-0.3278502,9.783611100000002,0.00023530848665131998,0,-0.06469567945117798,4.147977326819652e-06,1,9.457356663426306e-06
2.469,0.1915893,-0.3547296,9.7851807,-0.0006503557104000635,0,-0.055354012315711416,0.0,1,9.490540482040863e-06
2.485,0.1631403,-0.3547296,9.834525,-0.00032441778639658025,0,0.020371120250217683,0.0,1,9.490540482040863e-06
2.5,0.1646118,-0.3278502,9.8046045,-0.0007578259147269506,0,-0.02889387522202445,0.0,1,9.490540482040863e-06
2.516,0.1646118,-0.3278502,9.8046045,-0.0011806631130983902,0,-0.026427324898214952,0.0,1,9.490540482040863e-06
2.531,0.1497006,-0.3023442,9.8375661,-0.0008155252710295713,0,0.024342522804587728,0.0,1,9.490540482040863e-06
2.547,0.11978010000000001,-0.3023442,9.8405091,-0.00039754153538140713,0,0.026123983478010235,0.0,1,9.490540482040863e-06
2.563,0.16765290000000002,-0.3338343,9.8405091,5.2100561184431626e-05,0,0.028102631035364898,0.0,1,9.490540482040863e-06
2.578,0.16765290000000002,-0.3487455,9.7986204,-0.000517503440427447,0,-0.037973600107459385,0.0,1,9.490540482040863e-06
2.594,0.1631403,-0.3487455,9.830012400000001,-0.00031000100782918594,0,0.012968902037391304,0.0,1,9.490540482040863e-06
2.61,0.1302768,-0.3173535,9.830012400000001,-0.00014543750453377413,0,0.01028521895596323,0.0,1,9.490540482040863e-06
2.625,0.1302768,-0.3562992,9.7911648,-0.0008991563213225362,0,-0.05024792111925039,0.0,1,9.490540482040863e-06
2.641,0.1287072,-0.3562992,9.866015100000002,0.00018926477705072386,0,0.0680263186483287,0.0,1,9.490540482040863e-06
2.656,0.1287072,-0.33530580000000004,9.8225568,0.0001739510508240727,0,-0.0010209150817767363,0.0,1,9.490540482040863e-06
2.672,0.1287072,-0.33530580000000004,9.8225568,0.00015901083011549133,0,-0.0009337637942863344,0.0,1,9.490540482040863e-06
2.688,0.1317483,-0.3503151,9.8285409,0.0003040330274561853,0,0.009063887333793366,0.0,1,9.490540482040863e-06
2.703,0.1332198,-0.3503151,9.7851807,-0.0006107928477181446,0,-0.06098839167828996,0.0,1,9.490540482040863e-06
2.719,0.16765290000000002,-0.3547296,9.7851807,-0.0014865283416920505,0,-0.05473346837336907,0.0,1,9.490540482040863e-06
2.735,0.16765290000000002,-0.39818790000000004,9.7821396,-0.0023742625246576665,0,-0.05548338643535095,0.0,1,9.490540482040863e-06
2.75,0.1107549,-0.3771945,9.7941078,-0.002988678404118872,0,-0.040961058630746686,0.0,1,9.490540482040863e-06
2.766,0.1107549,-0.3771945,9.7941078,-0.0035881085304225735,0,-0.03746438289398132,0.0,1,9.490540482040863e-06
2.781,0.1107549,-0.3652263,9.7672284,-0.00483907003618711,0,-0.08339743371763506,0.0,1,9.490540482040863e-06
2.797,0.15568469999999998,-0.3652263,9.8375661,-0.004330437145590338,0,0.03178955566229821,0.0,1,9.490540482040863e-06
2.813,0.142245,-0.34580249999999996,9.8375661,-0.0038562772793842015,0,0.029634991637883495,0.0,1,9.490540482040863e-06
2.828,0.142245,-0.37425150000000007,9.830012400000001,-0.0035523920620956773,0,0.020259014485902047,0.0,1,9.490540482040863e-06
2.844,0.142245,-0.37425150000000007,9.830012400000001,-0.003255918679375469,0,0.018529586420012994,-3.1097355891275547e-05,1,9.241761634910658e-06
2.86,0.15568469999999998,-0.33981839999999996,9.831582000000001,-0.002953937247669458,0,0.01887383948162567,0.0,1,8.992982787780452e-06
2.875,0.16912439999999998,-0.34580249999999996,9.831582000000001,-0.0026488250987863893,0,0.020340809925537752,0.0,1,8.992982787780452e-06
2.891,0.16912439999999998,-0.37268190000000007,9.7941078,-0.003240430030700736,0,-0.03697530824464664,0.0,1,8.992982787780452e-06
2.906,0.1332198,-0.37268190000000007,9.821085300000002,-0.003173658236683252,0,0.00445145293449889,0.0,1,8.992982787780452e-06
2.922,0.1332198,-0.37268190000000007,9.821085300000002,-0.0031085150230083514,0,0.004071450854681299,0.0,1,8.992982787780452e-06
2.938,0.1332198,-0.30685680000000004,9.821085300000002,-0.00310046543826914,0,0.0005030990462007163,0.0,1,8.992982787780452e-06
2.953,0.1332198,-0.2948886,9.8105886,-0.003357427936549584,0,-0.017130833218696642,0.0,1,8.992982787780452e-06
2.969,0.1482291,-0.2948886,9.803133,-0.003784615866742058,0,-0.02669924563702961,0.0,1,8.992982787780452e-06
2.985,0.1062423,-0.347274,9.803133,-0.004172845746689191,0,-0.024264367496695784,0.0,1,8.992982787780452e-06
3.0,0.1526436,-0.3338343,9.7791966,-0.00513145755202693,0,-0.06390745368918208,-5.69583721003776e-05,1,8.565794997027617e-06
3.016,0.1526436,-0.3338343,9.7791966,-0.006066688581624291,0,-0.05845193934983501,0.0,1,8.110128020224596e-06
3.031,0.15421320000000002,-0.3338343,9.8136297,-0.006139268247245866,0,-0.004838644374771621,0.0,1,8.110128020224596e-06
3.047,0.1721655,-0.3891627,9.8136297,-0.006153133597820215,0,-0.0008665844108968194,0.0,1,8.110128020224596e-06
3.063,0.1721655,-0.36973890000000004,9.8405091,-0.005529930984888409,0,0.03895016330823783,0.0,1,8.110128020224596e-06
3.078,0.1497006,-0.36973890000000004,9.8255979,-0.005294270667567602,0,0.01571068782138748,-1.1073461201729917e-05,1,8.027077061211624e-06
3.094,0.1870767,-0.37268190000000007,9.8255979,-0.005046039108581368,0,0.0155144724366396,0.0,1,7.938489371597784e-06
3.11,0.1870767,-0.3712104,9.833053500000002,-0.004623537869798966,0,0.02640632742390012,0.0,1,7.938489371597784e-06
3.125,0.1946304,-0.3712104,9.783611100000002,-0.005412581466023525,0,-0.05260290641497016,0.0,1,7.938489371597784e-06
3.141,0.1915893,-0.347274,9.783611100000002,-0.006205261200118883,0,-0.04954248338095986,0.0,1,7.938489371597784e-06
3.156,0.15568469999999998,-0.3891627,9.8615025,-0.005057654327805139,0,0.07650712482091566,0.0,1,7.938489371597784e-06
3.172,0.15568469999999998,-0.33530580000000004,9.834525,-0.004643774582680393,0,0.025867484070296574,-1.449489329088255e-06,1,7.926893456965077e-06
3.188,0.11978010000000001,-0.33530580000000004,9.845021700000002,-0.003996395973739908,0,0.0404611630587803,0.0,1,7.91529754233237e-06
3.203,0.15421320000000002,-0.36375480000000004,9.845021700000002,-0.003328512102104497,0,0.044525591442361664,0.0,1,7.91529754233237e-06
3.219,0.15421320000000002,-0.3143124,9.839037600000001,-0.0028642777345400106,0,0.029014647972780392,0.0,1,7.91529754233237e-06
3.235,0.1362609,-0.3143124,9.8091171,-0.003147150551692235,0,-0.017679551072014004,0.0,1,7.91529754233237e-06
3.25,0.1437165,-0.33981839999999996,9.8091171,-0.0033998016420149213,0,-0.016843406021512287,0.0,1,7.91529754233237e-06
3.266,0.1437165,-0.36826739999999997,9.8105886,-0.0035854040655589614,0,-0.011600151471502496,0.0,1,7.91529754233237e-06
3.281,0.1497006,-0.36826739999999997,9.866015100000002,-0.0024135351655232284,0,0.07812459333571488,0.0,1,7.91529754233237e-06
3.297,0.1796211,-0.3262806,9.866015100000002,-0.0012940968427486155,0,0.06996489517341326,0.0,1,7.91529754233237e-06
3.313,0.13469129999999999,-0.347274,9.8091171,-0.0015887018141569342,0,-0.018412810713019905,0.0,1,7.91529754233237e-06
3.328,0.13469129999999999,-0.36826739999999997,9.8674866,-0.0004349430241958885,0,0.07691725266407136,0.0,1,7.91529754233237e-06
3.344,0.1392039,-0.36826739999999997,9.8285409,-0.0002569353357060322,0,0.011125480530616006,0.0,1,7.91529754233237e-06
3.36,0.1526436,-0.3098979,9.8285409,-0.00012748663322526,0,0.008090543905048257,0.0,1,7.91529754233237e-06
3.375,0.1526436,-0.3367773,9.8464932,0.0004579101720718626,0,0.03902645368647451,0.0,1,7.91529754233237e-06
3.391,0.16765290000000002,-0.3367773,9.8016615,-5.767639525977586e-05,0,-0.032224160458227374,0.0,1,7.91529754233237e-06
3.406,0.45508590000000004,0.0733788,9.8016615,-0.0004724797621484811,0,-0.02765355779258012,0.0,1,7.91529754233237e-06
3.422,0.45508590000000004,-0.0658251,9.8240283,-0.000333539046923903,0,0.008683794701536122,0.0,1,7.91529754233237e-06
3.438,0.32333760000000006,-0.0658251,9.8165727,-0.0005069314994603502,0,-0.01083702828352794,0.0,1,7.91529754233237e-06
3.453,0.17069399999999998,-0.23200650000000003,9.8165727,-0.0007082751426530365,0,-0.013422909546179371,0.0,1,7.91529754233237e-06
3.469,0.0030411,-0.36071369999999997,9.8165727,-0.0008461532842432007,0,-0.008617383849385256,0.0,1,7.91529754233237e-06
3.485,0.0030411,-0.45802890000000007,9.774684,-0.0019023346571707123,0,-0.06601133580796942,-4.633844949239463e-06,1,7.878226782738455e-06
3.5,0.0373761,-0.45802890000000007,9.834525,-0.0014730900675861136,0,0.02861630597230634,0.0,1,7.84347294561916e-06
3.516,0.0373761,-0.45802890000000007,9.834525,-0.0010543148582353723,0,0.026173450584421307,0.0,1,7.84347294561916e-06
3.531,0.053856900000000006,-0.4281084,9.834525,-0.0006767351607805949,0,0.025171979830318283,0.0,1,7.84347294561916e-06
3.547,0.09133110000000001,-0.49550310000000003,9.7911648,-0.0012807001189152345,0,-0.03774780988341494,0.0,1,7.84347294561916e-06
3.563,0.1856052,-0.4235958000000001,9.7911648,-0.0019196720967347147,0,-0.03993574861371748,0.0,1,7.84347294561916e-06
3.578,0.1856052,-0.4235958000000001,9.7911648,-0.0025430593921687006,0,-0.041559153028933274,0.0,1,7.84347294561916e-06
3.594,0.1856052,-0.2544714,9.806076000000001,-0.0029304593239558585,0,-0.02421249573669735,0.0,1,7.84347294561916e-06
3.61,0.21856680000000003,-0.2544714,9.8151012,-0.003071853506016353,0,-0.00883713637878091,0.0,1,7.84347294561916e-06
3.625,0.21856680000000003,-0.2634966,9.7926363,-0.003751584811665154,0,-0.04531542037658635,0.0,1,7.84347294561916e-06
3.641,0.1497006,-0.3218661,9.7926363,-0.004403777634514938,0,-0.04076205142811148,0.0,1,7.84347294561916e-06
3.656,0.04041720000000001,-0.41466870000000006,9.818044200000001,-0.004361715686799883,0,0.0028041298476703252,0.0,1,7.84347294561916e-06
3.672,0.04041720000000001,-0.41466870000000006,9.818044200000001,-0.004320679640249736,0,0.0025647529093841804,0.0,1,7.84347294561916e-06
3.688,0.0703377,-0.47755080000000005,9.818044200000001,-0.004206917701672808,0,0.007110121161058019,-4.9531071646114616e-05,1,7.447224372450242e-06
3.703,0.0703377,-0.4520448,9.8405091,-0.003578015671953594,0,0.04192680198128181,0.0,1,7.0757413351043904e-06
3.719,0.04041720000000001,-0.4520448,9.833053500000002,-0.0031502057553911555,0,0.026738119785152368,0.0,1,7.0757413351043904e-06
3.735,0.0777933,-0.5299362,9.833053500000002,-0.002632616687263223,0,0.032349316757995766,0.0,1,7.0757413351043904e-06
3.75,0.0777933,-0.3532581,9.8240283,-0.0025409458186356204,0,0.006111391241840111,0.0,1,7.0757413351043904e-06
3.766,0.1466595,-0.3532581,9.8105886,-0.0027598857262649545,0,-0.013683744226833371,0.0,1,7.0757413351043904e-06
3.781,0.1511721,-0.36071369999999997,9.7806681,-0.0036943918049701097,0,-0.062300405247009825,0.0,1,7.0757413351043904e-06
3.797,0.1526436,-0.34580249999999996,9.7806681,-0.004618673585131461,0,-0.0577676112600844,0.0,1,7.0757413351043904e-06
3.813,0.1526436,-0.3622833,9.7297542,-0.006746667871720291,0,-0.13299964291180177,0.0,1,7.0757413351043904e-06
3.828,0.1781496,-0.3622833,9.7911648,-0.007315653774577768,0,-0.03793239352383263,-0.00010051654266887309,1,6.321867265087858e-06
3.844,0.1377324,-0.37425150000000007,9.7911648,-0.007875680238761618,0,-0.03500165401149055,0.0,1,5.517734923736872e-06
3.86,0.15421320000000002,-0.3338343,9.7656588,-0.009073335519749648,0,-0.07485345506175183,0.0,1,5.517734923736872e-06
3.875,0.15421320000000002,-0.3338343,9.7656588,-0.01024177969632234,0,-0.0778962784381788,-2.5027049642203925e-06,1,5.498964636505219e-06
3.891,0.1497006,-0.38023560000000006,9.7656588,-0.011342092579360141,0,-0.06876955518986255,0.0,1,5.478942996791456e-06
3.906,0.1497006,-0.3503151,9.7582032,-0.012624548147957881,0,-0.0854970379065153,0.0,1,5.478942996791456e-06
3.922,0.1332198,-0.344331,9.821085300000002,-0.012354118089337618,0,0.016901878663766454,-5.475281852293165e-05,1,5.040920448608002e-06
3.938,0.1406754,-0.3023442,9.821085300000002,-0.01212144341960908,0,0.014542166858033655,0.0,1,4.602897900424548e-06
3.953,0.1406754,-0.3023442,9.821085300000002,-0.01189444374182358,0,0.015133311852366983,0.0,1,4.602897900424548e-06
3.969,0.1406754,-0.34128990000000003,9.9033912,-0.009635818268810326,0,0.14116409206332822,-0.0001029185603903162,1,3.779549417302018e-06
3.985,0.18864630000000002,-0.34128990000000003,9.8704296,-0.008216158749062785,0,0.08872871998422119,0.0,1,2.956200934179488e-06
4.0,0.18266220000000002,-0.37268190000000007,9.8704296,-0.006806199335789742,0,0.09399729421820209,0.0,1,2.956200934179488e-06
4.016,0.18266220000000002,-0.3847482,9.7971489,-0.007205007650009421,0,-0.02492551963872989,0.0,1,2.956200934179488e-06
4.031,0.1287072,-0.3847482,9.7926363,-0.00772495116219396,0,-0.03466290081230339,-8.246640914761315e-05,1,2.3377028655724026e-06
4.047,0.16166880000000003,-0.3278502,9.7926363,-0.008270756413754299,0,-0.034112828222521124,0.0,2,1.6779715923914969e-06
4.063,0.16166880000000003,-0.37572300000000003,9.6639291,-0.011897765580112463,0,-0.22668807289738505,0.0,2,1.6779715923914969e-06
4.078,0.11821050000000001,-0.37572300000000003,9.6474483,-0.015853283432248233,0,-0.2637011901423747,-7.99131132988469e-05,2,1.0786232426501223e-06
4.094,0.1437165,-0.36826739999999997,9.695321100000001,-0.018544238135250524,0,-0.16818466893764303,0.0,2,4.3931833625934655e-07
4.11,0.173637,-0.3503151,9.6235119,-0.02292384985515561,0,-0.2737257324940676,-0.000186837989762087,2,-1.0553855818373507e-06
4.125,0.173637,-0.3503151,9.6235119,-0.02719664177701553,0,-0.2848527947906674,-6.27416770033612e-05,2,-2.927233082578172e-06
4.141,0.1332198,-0.3503151,9.5501331,-0.033169283976745234,0,-0.37329013748310624,-4.566908303344809e-05,2,-3.794519162872647e-06
4.156,0.1466595,-0.36375480000000004,9.5501331,-0.03897920762700835,0,-0.3873282433508826,-8.678277006158794e-05,3,-4.787908061085396e-06
4.172,0.1466595,-0.36669779999999996,9.5591583,-0.04442474402487484,0,-0.3403460248666554,-0.0002540143832766538,3,-7.514285287791332e-06
4.188,0.1646118,-0.36669779999999996,9.4827384,-0.05159258085518914,0,-0.4479898018946434,-0.0005221529823171678,3,-1.3723624212541911e-05
4.203,0.16765290000000002,-0.36669779999999996,9.4827384,-0.05858429409334853,0,-0.4661142158772751,-0.0008484795444312315,3,-2.4003368163155297e-05
4.219,0.16765290000000002,-0.32333760000000006,9.4738113,-0.06566149799195387,0,-0.44232524366283293,-0.001342445881113651,3,-4.153077156751438e-05
4.235,0.11978010000000001,-0.35777070000000005,9.334607400000001,-0.07594610798074264,1,-0.6427881242992978,-0.0024753067288952233,3,-7.20727924475854e-05
4.25,0.1212516,-0.35777070000000005,9.325582200000001,-0.08619935745980101,1,-0.6835499652705724,-0.0036913977196992736,3,-0.00011832307581204314
4.266,0.1212516,-0.35777070000000005,9.325582200000001,-0.0962025276832712,1,-0.6251981389668865,-0.005150612800843852,3,-0.0001890591599763882
4.281,0.1392039,-0.3891627,9.325582200000001,-0.10592497395984246,1,-0.6481630851047646,-0.00666656906316717,3,-0.00027768802395646897
4.297,0.1392039,-0.36973890000000004,9.2927187,-0.11623037379867363,1,-0.6440874899269472,-0.008443811845235301,3,-0.00039857107122368886
4.313,0.3083283,-0.1511721,9.2627001,-0.1270661281356329,1,-0.6772346460599538,-0.010390183860709754,3,-0.0005492430368712494
4.328,0.3083283,-0.1511721,9.2627001,-0.13763759578144708,1,-0.7047645097209186,-0.01237546179008793,3,-0.0007199853792522385
4.344,0.3083283,-0.18864630000000002,9.2103147,-0.14921118437548841,1,-0.7233492871275831,-0.014670252031343416,3,-0.0009363510898236895
4.36,0.2664396,-0.18864630000000002,9.1490022,-0.1620288288181495,1,-0.8011027776663175,-0.01716017213689252,3,-0.0011909944831695772
4.375,0.24397470000000002,-0.2529999,9.1490022,-0.17451126305540043,1,-0.832162282483413,-0.019684222825944092,3,-0.0014673274453908458
4.391,0.24397470000000002,-0.258984,9.0696393,-0.18861937247648797,1,-0.8817568388179701,-0.022589267910199197,3,-0.0018055153712799924
4.406,0.24103170000000002,-0.16912439999999998,8.9737956,-0.20477339996485355,1,-1.076935165891062,-0.025539713703509194,3,-0.0021664827333827976
4.422,0.2709522,-0.16912439999999998,9.002244600000001,-0.21981918082181018,1,-0.9403613035597882,-0.028936454349802507,3,-0.0026022920778092915
4.438,0.13469129999999999,-0.3023442,9.002244600000001,-0.23448778977027374,1,-0.9167880592789716,-0.03257091011453918,3,-0.0030943509935240253
4.453,0.13469129999999999,-0.36826739999999997,8.924451300000001,-0.2506343721368349,1,-1.076438824437372,-0.036209326328842634,3,-0.0036102027668494085
4.469,0.1437165,-0.36826739999999997,8.909442,-0.26674942647579236,1,-1.0071908961848388,-0.04034839671774366,3,-0.004222664551222099
4.485,0.0928026,-0.38023560000000006,8.909442,-0.2824756477681518,1,-0.982888830772465,-0.044742197311695216,3,-0.004903389303457611
4.5,0.0928026,-0.4445892,8.9333784,-0.29716266943299985,1,-0.9791347776565563,-0.04908948469070376,3,-0.005607126918475588
4.516,0.053856900000000006,-0.4445892,8.8121268,-0.314452854419649,1,-1.0806365616655702,-0.053982408881524946,3,-0.0064317020670534185
4.531,0.09427410000000001,-0.47450970000000003,8.8121268,-0.3312750496338097,1,-1.1214796809440726,-0.05882536816192578,3,-0.007277760394879281
4.547,0.09427410000000001,-0.3847482,8.777791800000001,-0.34863014218239385,1,-1.0846932842865078,-0.06426460969645542,3,-0.00826248021774633
4.563,0.16912439999999998,-0.41908320000000004,8.761311000000001,-0.36589771925516246,1,-1.0792235670480368,-0.06998083258795587,3,-0.009336443756021622
4.578,0.08083440000000001,-0.41908320000000004,8.7448302,-0.3831763093275278,1,-1.1519060048243108,-0.07559888780232626,3,-0.01042829165894878
4.594,0.09878670000000002,-0.43556400000000006,8.7448302,-0.4000093609022315,1,-1.0520657234189814,-0.08186437316416434,3,-0.011687997746680705
4.625,0.1287072,-0.37425150000000007,8.7238368,-0.4170030398277369,1,-0.5481831911453411,-0.09452806537547873,3,-0.014422080544045146
4.625,0.0703377,-0.5194394999999999,8.7238368,-0.43341733034140795,1,0.0,-0.09452806537547873,3,-0.014422080544045146
4.641,0.0703377,-0.5194394999999999,8.7238368,-0.449431272305965,1,-1.0008713727848164,-0.10159085419665771,3,-0.01599103190062224
4.656,0.0703377,-0.45802890000000007,8.6969574,-0.46579307715387763,1,-1.0907869898608638,-0.10845503681760639,3,-0.017566376083229186
4.672,0.0703377,-0.45802890000000007,8.684891100000002,-0.48204969613328075,1,-1.0160386862126938,-0.11603777900390366,3,-0.01936231860980127
4.688,0.16019730000000001,-0.48951900000000004,8.684891100000002,-0.49783893790733913,1,-0.986827610878648,-0.12387688807622863,3,-0.021281635946442327
4.703,0.16019730000000001,-0.318825,8.6953878,-0.5131807706357616,1,-1.0227888485614605,-0.13145953589030218,3,-0.02319665912619138
4.719,0.15421320000000002,-0.36973890000000004,8.7508143,-0.5267514853265851,1,-0.8481696681764676,-0.13977899393800097,3,-0.025366567364817807
4.735,0.16166880000000003,-0.36973890000000004,8.7702381,-0.5395146789777279,1,-0.7976996031964216,-0.14830912325243548,3,-0.0276712723023413
4.75,0.17667810000000003,-0.35777070000000005,8.7702381,-0.5519716156035628,1,-0.8304624417223453,-0.15649527046179498,3,-0.02995730525519798
4.766,0.17667810000000003,-0.344331,8.7193242,-0.5653784203663186,1,-0.8379252976722366,-0.16543407074955405,3,-0.03253273998488877
4.781,0.1317483,-0.344331,8.7718077,-0.5771986438470726,1,-0.7880148987169545,-0.1740033987311543,3,-0.03507852100599403
4.797,0.10928340000000002,-0.35777070000000005,8.7718077,-0.5887249835561033,1,-0.7203962318144124,-0.18333078775037973,3,-0.037937194497846306
4.828,0.10928340000000002,-0.3427614,8.785247400000001,-0.5996572755339677,1,-0.3526545799311061,-0.20175071276627618,3,-0.04390595775585458
4.828,0.1586277,-0.3427614,8.8077123,-0.6097571713590835,1,0.0,-0.20175071276627618,3,-0.04390595775585458
4.844,0.1437165,-0.3547296,8.8077123,-0.6196054171949896,1,-0.6155153647441342,-0.21158561347470878,3,-0.04721264836578246
4.86,0.1437165,-0.3547296,8.8077123,-0.629213461912947,1,-0.6005027948723368,-0.22157616450757228,3,-0.050677942589640715
4.891,0.1272357,-0.34580249999999996,8.780734800000001,-0.6392594034058376,1,-0.3240626288029264,-0.24123749392001326,3,-0.05785155429526822
4.906,0.1781496,-0.34580249999999996,8.7597414,-0.6495502789094711,1,-0.6860583669089146,-0.2509035665373779,3,-0.06154261224869857
4.938,0.1482291,-0.36071369999999997,8.821152,-0.6580927394335134,1,-0.26695189137632114,-0.27182585483086563,3,-0.06990628299059047
4.953,0.1856052,-0.36071369999999997,8.7702381,-0.6676500987109382,1,-0.6371572851616251,-0.28176892611694937,3,-0.07405824384769924
4.969,0.1646118,-0.3817071,8.7702381,-0.6769629151508045,1,-0.5820510274916474,-0.29252583022784334,3,-0.07865260189845759
4.985,0.1646118,-0.3592422,8.7433587,-0.6867266392029876,1,-0.610232753261441,-0.3034353466626737,3,-0.08342029131358172
5.0,0.18109260000000002,-0.3592422,8.7433587,-0.6962442851181265,1,-0.634509727675942,-0.3138076285950818,3,-0.08804961362801479
5.016,0.1332198,-0.318825,8.7433587,-0.7055889512615181,1,-0.5840416339619731,-0.32502229448611897,3,-0.0931602530126644
5.031,0.18109260000000002,-0.3307932,8.704413,-0.7156229032355057,1,-0.6689301315991875,-0.33568138339484643,3,-0.09811553059677153
5.047,0.18109260000000002,-0.3712104,8.740317600000001,-0.7244976724688836,1,-0.5546730770861203,-0.34720234800048155,3,-0.10357860044793415
5.063,0.16765290000000002,-0.3712104,8.704413,-0.7340372850913486,1,-0.5962257889040584,-0.35887062766096345,3,-0.10922718425322572
5.078,0.1287072,-0.37425150000000007,8.704413,-0.7433572048564088,1,-0.6213279843373226,-0.36995108633557205,3,-0.11469334710819995
5.094,0.1287072,-0.344331,8.756798400000001,-0.7512033415005579,1,-0.49038354025931996,-0.3819075707064278,3,-0.12070821636453595
5.11,0.1482291,-0.344331,8.8405758,-0.7568090875805549,1,-0.35035912999981067,-0.3939716701390767,3,-0.1269152502913
5.125,0.1586277,-0.3338343,8.8405758,-0.762283521295819,1,-0.36496224768428287,-0.40536486470564925,3,-0.1329102743026353
5.141,0.1586277,-0.3712104,8.7417891,-0.7699950114521368,1,-0.4819681347698608,-0.4176230929676329,3,-0.13949417796402155
5.156,0.15421320000000002,-0.3712104,8.7283494,-0.7778477920700535,1,-0.523518707861126,-0.4292319139940491,3,-0.14584559051623402
5.172,0.1930608,-0.3817071,8.8031997,-0.7836557366560779,1,-0.362996536626525,-0.44172394222385813,3,-0.1528132373659773
5.188,0.1631403,-0.40711500000000006,8.8031997,-0.7893090392332791,1,-0.3533314110750748,-0.454307660430973,3,-0.15998149018721594
5.203,0.1631403,-0.3891627,8.7837759,-0.7953174424165095,1,-0.4005602122153429,-0.4661923590433468,3,-0.1668852403332736
5.219,0.18413369999999998,-0.3891627,8.773279200000001,-0.8014248989653101,1,-0.38171603430003886,-0.4789662977744014,3,-0.17444650958781557
5.235,0.1930608,-0.37866600000000006,8.773279200000001,-0.8073899080162015,1,-0.37281306568071015,-0.4918368162302535,3,-0.18221293449985282
5.25,0.1930608,-0.36669779999999996,8.672922900000001,-0.815666771843139,1,-0.5517909217958442,-0.5040097413291986,3,-0.18968178368154856
5.266,0.1466595,-0.36669779999999996,8.732862,-0.8223034758176446,1,-0.41479399840660364,-0.5171135033104849,3,-0.19785076963866605
5.281,0.17667810000000003,-0.3262806,8.732862,-0.8288038426146684,1,-0.4333577864682636,-0.529496808198727,3,-0.20570034697498496
5.297,0.17667810000000003,-0.3622833,8.761311000000001,-0.8344179368122173,1,-0.35088088734680467,-0.5428025824341421,3,-0.21427874210004794
5.313,0.15568469999999998,-0.3622833,8.740317600000001,-0.840416319021724,1,-0.3748988880941658,-0.5562012564808136,3,-0.22307077281136758
5.328,0.142245,-0.3218661,8.773279200000001,-0.8455092338194277,1,-0.3395276531802328,-0.5688456981271227,3,-0.23150862497092742
5.344,0.1482291,-0.3547296,8.773279200000001,-0.8504446366188372,1,-0.3084626749630945,-0.5824133290906288,3,-0.24071869718866945
5.36,0.1482291,-0.35178660000000006,8.777791800000001,-0.8551525918204561,1,-0.2942472001011828,-0.5960581069181432,3,-0.2501464686767396
5.375,0.1571562,-0.35178660000000006,8.7597414,-0.8601817641771667,1,-0.33527815711404924,-0.6089231145881251,3,-0.25918382783803645
5.391,0.12272310000000002,-0.37572300000000003,8.7597414,-0.8650774577645404,1,-0.3059808492108515,-0.6227251883636588,3,-0.2690370142616507
5.406,0.12272310000000002,-0.3532581,8.7912315,-0.8691091664635078,1,-0.26878057993116616,-0.6357315880453689,3,-0.27847544008471825
5.422,0.1631403,-0.3532581,8.7957441,-0.8729165727331427,1,-0.23796289185218344,-0.6496677939589421,3,-0.28875863514075273
5.438,0.18413369999999998,-0.37572300000000003,8.7957441,-0.8765983362501881,1,-0.230110219815338,-0.6636639132308088,3,-0.29926528879827075
5.453,0.18413369999999998,-0.36071369999999997,8.7537573,-0.8812285884837188,1,-0.30868348223536435,-0.6768476151663135,3,-0.30931912526124955
5.469,0.18413369999999998,-0.36071369999999997,8.756798400000001,-0.8856718137928059,1,-0.277701581817946,-0.6909828183845257,3,-0.3202617687296563
5.485,0.1526436,-0.3278502,8.7553269,-0.8900887658882972,1,-0.2760595059682067,-0.7051889030219746,3,-0.33143114250090827
5.5,0.15568469999999998,-0.33824879999999996,8.7553269,-0.8943870432323777,1,-0.28655182293870635,-0.7185724715903793,3,-0.3421093528105007
5.516,0.15568469999999998,-0.36669779999999996,8.768766600000001,-0.8982251180687761,1,-0.239879677274901,-0.7329133688807885,3,-0.35372123953427004
5.531,0.13469129999999999,-0.36669779999999996,8.7103971,-0.9034002769305651,1,-0.34501059078593976,-0.7464255593432833,3,-0.36481628149595036
5.547,0.1392039,-0.3907323,8.7103971,-0.90842202360591,1,-0.31385916720905155,-0.760920137747575,3,-0.3768750470726772
5.563,0.1392039,-0.3907323,8.7103971,-0.9133212886550268,1,-0.3062040655698037,-0.7754940842456626,3,-0.3891663608486231
5.578,0.1437165,-0.42065280000000005,8.735805,-0.9174464242256555,1,-0.2750090380419001,-0.7892248420922682,3,-0.40090175279615803
5.594,0.1437165,-0.42065280000000005,8.735805,-0.9214709467335851,1,-0.2515326567456009,-0.8039361810599421,3,-0.4136470409813757
5.61,0.11821050000000001,-0.38023560000000006,8.735805,-0.9254517607132122,1,-0.24880087372669535,-0.8187115627195165,3,-0.4266282229316114
5.625,0.1332198,-0.3817071,8.7597414,-0.9287454633517136,1,-0.21958017590009618,-0.8326180419000031,3,-0.4390131949662575
5.641,0.1332198,-0.3817071,8.7597414,-0.9319588317795198,1,-0.20083552673788568,-0.8475036762610529,3,-0.452454168711546
5.656,0.1856052,-0.3817071,8.7747507,-0.9347049472604869,1,-0.1830743653978138,-0.8615036546038527,3,-0.4652717236930325
5.672,0.16019730000000001,-0.3891627,8.7747507,-0.9373883027652443,1,-0.16770971904733742,-0.8764804006040585,3,-0.4791755961346958
5.688,0.16019730000000001,-0.3547296,8.7433587,-0.9408066753351711,1,-0.21364828562042673,-0.8915059604288619,3,-0.4933194870229592
5.703,0.1661814,-0.3547296,8.7553269,-0.9438473363562672,1,-0.2027107347397266,-0.9056408655165482,3,-0.5067980882175502
5.719,0.19011780000000003,-0.36071369999999997,8.7553269,-0.9467960109647144,1,-0.18429216302795465,-0.9207660122951161,3,-0.5214093432400435
5.735,0.19011780000000003,-0.3307932,8.7388461,-0.9501031453190034,1,-0.20669589714306083,-0.9359412055453858,3,-0.5362630009827676
5.75,0.2080701,-0.36375480000000004,8.756798400000001,-0.952850378892034,1,-0.18314890486870575,-0.9502133569769683,3,-0.550409160201685
5.766,0.2080701,-0.36375480000000004,8.756798400000001,-0.9555306067681624,1,-0.16751424225802655,-0.9654804048622498,3,-0.5657347102963988
5.781,0.2080701,-0.3532581,8.7792633,-0.9576086065506377,1,-0.13853331883169356,-0.9798289489621406,3,-0.5803245304500814
5.797,0.1571562,-0.3218661,8.7208938,-0.9611135950440541,1,-0.21906178083852515,-0.9951787265748981,3,-0.5961245918543777
5.813,0.1406754,-0.3218661,8.7283494,-0.9643582575944762,1,-0.20279140940138146,-1.0105825013960064,3,-0.6121706816781449
5.828,0.173637,-0.2784078,8.7283494,-0.9675457384292745,1,-0.21249872231987535,-1.025071781366185,3,-0.627438088798862
5.844,0.173637,-0.290376,8.7597414,-0.9698808856364671,1,-0.14594670044953947,-1.0405711943587108,3,-0.6439632326046612
5.86,0.10477080000000001,-0.315882,8.7718077,-0.9718701506498828,1,-0.1243290633384796,-1.0561052026490017,3,-0.6607366437807228
5.875,0.10477080000000001,-0.3562992,8.764254,-0.9739572287952125,1,-0.1391385430219838,-1.0706989079948395,3,-0.6766876746105513
5.891,0.10477080000000001,-0.3562992,8.764254,-0.9759934025955346,1,-0.1272608625201287,-1.0862985130459655,3,-0.6939436539788778
5.906,0.1122264,-0.3562992,8.8331202,-0.9762995128433634,1,-0.020407349855252676,-1.100940709911757,3,-0.7103479481510604
5.922,0.145188,-0.4101561,8.8331202,-0.9765295248507808,1,-0.014375750463591063,-1.11656334221331,3,-0.7280879805680609
5.938,0.145188,-0.39818790000000004,8.8436169,-0.9765115444648682,1,0.0011237741195380113,-1.1321876707678353,3,-0.7460779886719101
5.953,0.15421320000000002,-0.36826739999999997,8.903457900000001,-0.9750638084337577,1,0.09651573540736169,-1.1468244859145755,3,-0.7631705798470289
5.969,0.1856052,-0.36826739999999997,8.8690248,-0.9744757155216082,1,0.03675580700934763,-1.1624208021062186,3,-0.7816445421511953
5.985,0.2080701,-0.38023560000000006,8.8690248,-0.9738775158105781,1,0.0373874819393771,-1.178007627956876,3,-0.8003679695917001
6.0,0.2080701,-0.39818790000000004,8.934948,-0.9716688757566398,1,0.14724267026255528,-1.19259922589363,3,-0.8181475209955785
6.016,0.19757340000000004,-0.39818790000000004,8.9902764,-0.9681720927405362,1,0.21854893850647963,-1.2081179536416073,3,-0.8373532584318605
6.031,0.18109260000000002,-0.37572300000000003,8.9902764,-0.9647926092669632,1,0.22529889823820315,-1.2226151889066632,3,-0.8555837570009721
6.047,0.18109260000000002,-0.4101561,9.0906327,-0.9590141781664361,1,0.36115194378294435,-1.2380056432061304,3,-0.8752687236578744
6.063,0.15568469999999998,-0.4101561,9.0591426,-0.9541553050520974,1,0.30367956964616444,-1.2533109990718787,3,-0.8951992567960986
6.078,0.17069399999999998,-0.3652263,9.0591426,-0.9494552005107337,1,0.3133403027575691,-1.2675880778636004,3,-0.9141059998731154
6.094,0.13469129999999999,-0.33530580000000004,9.1280088,-0.943234372164353,1,0.38880177164879426,-1.282729594445001,3,-0.9345085412515842
6.11,0.1511721,-0.33530580000000004,9.171467100000001,-0.9360998789083119,1,0.44590582850256816,-1.2977642684535824,3,-0.9551524921547729
6.125,0.1511721,-0.33530580000000004,9.171467100000001,-0.9291393976829063,1,0.4640320816937167,-1.3117535630280162,3,-0.9747238758908845
6.141,0.10928340000000002,-0.3427614,9.171467100000001,-0.9223564631149213,1,0.42393341049906624,-1.3265655299143988,3,-0.9958304286344238
6.156,0.10928340000000002,-0.37572300000000003,9.2432763,-0.91395763795874,1,0.5599216770787645,-1.340337885672451,3,-1.0158322042513248
6.172,0.0928026,-0.37572300000000003,9.3001743,-0.9043815037637479,1,0.5985083871870017,-1.354884598806231,3,-1.0373939841271542
6.188,0.1482291,-0.35777070000000005,9.3001743,-0.8950386827353842,1,0.5839263142727308,-1.3692799602982242,3,-1.05918730059999
6.203,0.1482291,-0.347274,9.377967600000002,-0.8840375828570775,1,0.7334066585537572,-1.3826230322901683,3,-1.0798265730444037
6.219,0.1526436,-0.347274,9.4603716,-0.8712948510148735,1,0.7964207401377481,-1.396665691761144,3,-1.1020608828368141
6.235,0.1661814,-0.3562992,9.4603716,-0.8588491795919868,1,0.7778544639304157,-1.410506844005999,3,-1.1245182631229513
6.25,0.1661814,-0.3831786,9.4573305,-0.846755563045047,1,0.8062411031293409,-1.4232988795757764,3,-1.145771806049814
6.266,0.1661814,-0.3831786,9.4573305,-0.8349569127553504,1,0.7374156431060312,-1.4367525793821796,3,-1.1686522177214778
6.281,0.2394621,-0.3622833,9.601047000000001,-0.8199261617556974,1,1.0020500666435552,-1.4491642024410123,3,-1.1902965935851513
6.297,0.2394621,-0.3622833,9.601047000000001,-0.8052620144389628,1,0.9165092072959117,-1.4621657078505697,3,-1.213587232867484
6.313,0.23347800000000002,-0.33824879999999996,9.601047000000001,-0.7909804859024323,1,0.8925955335331573,-1.474935647853301,3,-1.237084043713115
6.328,0.23347800000000002,-0.315882,9.5980059,-0.7771399660769998,1,0.9227013216954685,-1.4866965512431471,3,-1.2592962852063392
6.344,0.11978010000000001,-0.3307932,9.708858900000001,-0.7609738336828276,1,1.0103832746357613,-1.4990014616412257,3,-1.2831818693094141
6.375,0.11978010000000001,-0.3532581,9.7806681,-0.743432546092345,1,0.5658479867897659,-1.5223197605277408,3,-1.3300123482530326
6.375,0.1272357,-0.3532581,9.851005800000001,-0.724602500263396,1,0.0,-1.5223197605277408,3,-1.3300123482530326
6.391,0.1272357,-0.3532581,9.851005800000001,-0.7062317238449101,1,1.1481735261553705,-1.5337664343206072,3,-1.3544610378118194
6.406,0.145188,-0.3562992,9.851005800000001,-0.6883002959344164,1,1.195428527366267,-1.544225424468952,3,-1.3775459767527405
6.422,0.10928340000000002,-0.3936753,9.774684,-0.6726427443052483,1,0.9785969768230087,-1.5551129687908694,3,-1.402340683898819
6.438,0.10928340000000002,-0.37425150000000007,9.843550200000001,-0.6557073400893856,1,1.058462763491418,-1.5657397694660264,3,-1.4273075058048743
6.453,0.0718092,-0.37425150000000007,9.7851807,-0.6406159699388407,1,1.0060913433696184,-1.5754621942912386,3,-1.4508665205330546
6.469,0.1287072,-0.3039138,9.7851807,-0.6259378816796666,1,0.9173805161983842,-1.5855946251041866,3,-1.4761549750882181
6.485,0.1287072,-0.3652263,9.8495343,-0.6099983188450722,1,0.9962226771621499,-1.5954821147083844,3,-1.5016035890067188
6.5,0.16912439999999998,-0.3652263,9.8584614,-0.5942150808932354,1,1.0522158634558079,-1.6045137152064215,3,-1.5256035577310794
6.516,0.1870767,-0.36973890000000004,9.8584614,-0.5788047972656454,1,0.9631427267243744,-1.6138978742316925,3,-1.5513508504465843
6.531,0.1870767,-0.37572300000000003,9.830012400000001,-0.5644581091214231,1,0.9564458762815031,-1.6224723460295953,3,-1.5756236270985433
6.547,0.1915893,-0.37572300000000003,9.777627,-0.5517357342771554,1,0.7951484277667336,-1.631401896776784,3,-1.6016546210409943
6.563,0.21552570000000001,-0.33226469999999997,9.777627,-0.5393498593163777,1,0.7741171850486055,-1.6401305815255323,3,-1.6278268808674128
6.578,0.16765290000000002,-0.3547296,9.7582032,-0.5277430756262707,1,0.7737855793404398,-1.6481337785376025,3,-1.6524888635678872
6.594,0.16765290000000002,-0.29783160000000003,9.7911648,-0.5156623025725597,1,0.7550483158569314,-1.656481021563193,3,-1.6789257819686936
6.61,0.1437165,-0.29783160000000003,9.8824959,-0.5016591299348256,1,0.8751982898583802,-1.6646195930232521,3,-1.7054945868853852
6.625,0.142245,-0.3503151,9.8824959,-0.4879560666995797,1,0.913537549016416,-1.67204170699801,3,-1.730519546635544
6.641,0.142245,-0.37425150000000007,9.889951500000002,-0.4743841440346923,1,0.8482451665554606,-1.6797404286838842,3,-1.7573338037209993
6.656,0.11673900000000001,-0.37425150000000007,9.9693144,-0.45921720907499974,1,1.0111289973128594,-1.6867424388322068,3,-1.7825824252273694
6.672,0.1122264,-0.3278502,9.9693144,-0.4444612870702329,1,0.9222451252979261,-1.6939718668013686,3,-1.809628139672438
6.688,0.1122264,-0.3307932,9.975298500000001,-0.429917031681498,1,0.9090159617959329,-1.7009668933513824,3,-1.8367876497536602
6.703,0.08083440000000001,-0.3307932,10.0516203,-0.41387448719037145,1,1.0695029660750608,-1.7072953297429216,3,-1.8623496164268685
6.719,0.1482291,-0.31284090000000003,10.0710441,-0.3977450449841573,1,1.0080901378883835,-1.713788286000318,3,-1.8897182853528145
6.735,0.1526436,-0.347274,10.0710441,-0.38197989066285487,1,0.9853221450814011,-1.720026085485494,3,-1.917188800324701
6.75,0.1526436,-0.347274,10.1444229,-0.3648107845564841,1,1.1446070737580771,-1.725627015549639,3,-1.943031198582464
6.766,0.19610190000000002,-0.347274,10.1518785,-0.3478605272346762,1,1.0593910826129918,-1.7313283860439683,3,-1.9706868417952128
6.781,0.1631403,-0.3307932,10.1518785,-0.33135131977157606,1,1.1006138308733662,-1.7364224748965151,3,-1.9966949732522659
6.797,0.1631403,-0.3338343,10.2297699,-0.31334382080718015,1,1.125468685274743,-1.741580036021145,3,-2.024518993339607
6.813,0.1631403,-0.3338343,10.340524799999999,-0.29307595120993746,1,1.2667418498276672,-1.746431394197282,3,-2.0524230847813545
6.828,0.1870767,-0.3562992,10.340524799999999,-0.27327426878273364,1,1.3201121618135376,-1.7506790208472272,3,-2.0786514128941893
6.844,0.1870767,-0.344331,10.351021500000002,-0.2537096025162935,1,1.2227916416525086,-1.7548948918176193,3,-2.1066960041955083
6.86,0.1796211,-0.344331,10.4318559,-0.2326551467477742,1,1.3159034855324536,-1.7587858098117317,3,-2.134805449808543
6.875,0.21101310000000004,-0.3547296,10.4228307,-0.21231135221803044,1,1.3562529686496139,-1.762123058553975,3,-2.161212266321285
6.891,0.21101310000000004,-0.3547296,10.4228307,-0.19246374779876874,1,1.2404752762038551,-1.7653612593541095,3,-2.18943214086455
6.906,0.1482291,-0.35178660000000006,10.4228307,-0.17312903302773108,1,1.288980984735871,-1.768103205210308,3,-2.2159331243487825
6.922,0.1482291,-0.3427614,10.4886558,-0.15266875898086596,1,1.278767127929069,-1.7707095875463768,3,-2.244243626690836
6.938,0.09133110000000001,-0.3218661,10.5216174,-0.13193595888338727,1,1.2958000060924169,-1.7729864252892908,3,-2.2725931947935214
6.953,0.09133110000000001,-0.3218661,10.5216174,-0.11170883683706734,1,1.3484748030879445,-1.7748137612571944,3,-2.299201696192621
6.969,0.09133110000000001,-0.318825,10.6818147,-0.0880719757064874,1,1.4773038206612452,-1.7764120077575427,3,-2.327611502344739
6.985,0.1272357,-0.318825,10.687798800000001,-0.0648567901338577,2,1.4509490982893545,-1.7776354378842654,3,-2.3560438819098732
7.0,0.142245,-0.35178660000000006,10.687798800000001,-0.04217800866397958,2,1.5119187646585734,-1.7784381988752491,3,-2.382714434185569
7.016,0.142245,-0.318825,10.743127200000002,-0.018728817908277406,2,1.4655744222313847,-1.7789254534878272,3,-2.4111733434044735
7.031,0.1332198,-0.318825,10.731159000000002,0.003853864423994935,2,1.505512155484855,-1.7790370156389592,3,-2.437858061922924
7.047,0.1466595,-0.3652263,10.7042796,0.025270917739678822,2,1.3385658322302418,-1.7788040173816497,3,-2.4663207901870887
7.063,0.1466595,-0.40868460000000006,10.731159000000002,0.046858950079046835,2,1.3492520212104997,-1.7782269784390998,3,-2.494777038153655
7.078,0.1466595,-0.40868460000000006,10.731159000000002,0.06792044504428318,3,1.4040996643490367,-1.777366132975675,3,-2.521443986489267
7.094,0.1526436,-0.40868460000000006,10.7955126,0.09003859100382172,3,1.3823841224711573,-1.7761024606872902,3,-2.5498717352385705
7.11,0.1781496,-0.4311495000000001,10.7955126,0.11164808692358896,3,1.3505934949854514,-1.7744889672638708,3,-2.57827646666218
7.125,0.21709530000000002,-0.41309910000000005,10.798553700000001,0.13280479982771887,3,1.4104475269420236,-1.772655570613236,3,-2.6048800506962575
7.141,0.21709530000000002,-0.41309910000000005,10.798553700000001,0.15344549534394325,3,1.2900434697640228,-1.7703655682518629,3,-2.6332242198071785
7.156,0.18864630000000002,-0.37268190000000007,10.798553700000001,0.1735338981110086,3,1.3392268511377192,-1.7679132228009509,3,-2.659761310740074
7.172,0.18864630000000002,-0.2994012,10.7387127,0.19161800612010893,3,1.1302567505687688,-1.764992007567102,3,-2.6880245525830184
7.188,0.18266220000000002,-0.2994012,10.686229200000001,0.20797911652861956,3,1.0225694005319133,-1.7617952305859121,3,-2.7162388504882427
7.203,0.10182780000000001,-0.34128990000000003,10.744696800000002,0.22537080854289826,3,1.159446134285203,-1.7585451061478756,3,-2.742641403013747
7.219,0.16019730000000001,-0.287433,10.744696800000002,0.24231725054749909,3,1.0591526252875507,-1.7548036016751525,3,-2.7707481926763315
7.235,0.16019730000000001,-0.3023442,10.674261000000001,0.25714327106810053,3,0.9266262825375896,-1.7508079175022278,3,-2.7987930848297506
7.25,0.1631403,-0.3023442,10.6818147,0.2717929092393856,3,0.9766425447523583,-1.7468408961499218,3,-2.825025450932141
7.266,0.1466595,-0.3173535,10.6818147,0.28609002650275883,3,0.8935698289608266,-1.7423778326639847,3,-2.8529392007626524
7.281,0.1466595,-0.32333760000000006,10.731159000000002,0.30124566663650576,3,1.0103760089164835,-1.7379728149654403,3,-2.8790418306198724
7.297,0.1661814,-0.32333760000000006,10.7296875,0.3160027238698824,3,0.9223160770860376,-1.7330348278413892,3,-2.906809891762327
7.313,0.1721655,-0.3143124,10.7296875,0.33039561559421315,3,0.899555732770673,-1.7278636411256765,3,-2.9344970795140637
7.328,0.1721655,-0.35777070000000005,10.707222600000001,0.34392308840912555,3,0.9018315209941259,-1.7228062508456512,3,-2.9603771037038498
7.344,0.1062423,-0.40417200000000003,10.8060093,0.3595475883768824,3,0.9765312479848012,-1.7171784854313632,3,-2.9878969815940657
7.36,0.145188,-0.4235958000000001,10.8060093,0.37482017573924864,3,0.9545367101478899,-1.711303543318434,3,-3.015324837824064
7.375,0.145188,-0.4235958000000001,10.8060093,0.3897202609708259,3,0.9933390154385054,-1.7055694900431086,3,-3.040951385574275
7.391,0.145188,-0.42506730000000004,10.7701047,0.4033833737664505,3,0.8539445497265367,-1.6992246609652104,3,-3.0681897387823414
7.406,0.13469129999999999,-0.3771945,10.7641206,0.4165206089355955,3,0.8758156779430187,-1.6930753810949453,3,-3.093631989097792
7.422,0.13469129999999999,-0.3562992,10.7506809,0.4289924787980439,3,0.7794918664030253,-1.686311276393076,3,-3.1206670823576963
7.438,0.13469129999999999,-0.3562992,10.7506809,0.44116015671262687,3,0.7604798696614339,-1.6793500553089906,3,-3.147592373011313
7.453,0.17069399999999998,-0.3562992,10.7387127,0.45275181561123645,3,0.7727772599072761,-1.6726457155165615,3,-3.1727323412925057
7.469,0.1526436,-0.3532581,10.7387127,0.46405167870182495,3,0.7062414431617807,-1.665311287562057,3,-3.1994359973171345
7.485,0.1526436,-0.2918475,10.732728600000002,0.47488508617439606,3,0.6770879670356938,-1.6577997934430473,3,-3.226020885965175
7.5,0.16912439999999998,-0.2918475,10.734200099999999,0.4854961593827607,3,0.707404880557657,-1.6505969341013689,3,-3.2508338614217576
7.516,0.10928340000000002,-0.2829204,10.759608,0.49644313822573594,3,0.684186177685952,-1.6427414197205008,3,-3.2771805682523327
7.531,0.1781496,-0.2604555,10.759608,0.5071317138681,3,0.7125717094909504,-1.6352146083297971,3,-3.3017652384627096
7.547,0.1781496,-0.34580249999999996,10.731159000000002,0.5169247825723282,3,0.6120667940142649,-1.6270221563582736,3,-3.327863132580214
7.563,0.1272357,-0.34580249999999996,10.758136499999999,0.5271189386969457,3,0.6371347577885927,-1.6186698065881195,3,-3.3538286682837852
7.578,0.1272357,-0.34580249999999996,10.758136499999999,0.5370644568673058,3,0.6630345446906446,-1.6106884311213874,3,-3.3780488550666075
7.594,0.1571562,-0.3503151,10.758136499999999,0.5467805999740545,3,0.6072589441717952,-1.6020176706666565,3,-3.4037505038809117
7.61,0.1571562,-0.3083283,10.8030663,0.5573237184711868,3,0.658944906070768,-1.5931848361190946,3,-3.4293121239351976
7.625,0.173637,-0.3083283,10.767063600000002,0.5667381963750362,3,0.6276318602566412,-1.5847543717577481,3,-3.4531466679942735
7.641,0.1526436,-0.3547296,10.767063600000002,0.5759501260268856,3,0.5757456032405844,-1.5756128651785328,3,-3.478429605889764
7.656,0.1526436,-0.38621970000000005,10.777560300000001,0.585219610409407,3,0.6179656255014397,-1.5669040921552608,3,-3.501998483069767
7.672,0.1272357,-0.38621970000000005,10.8538821,0.5961151622290117,3,0.680971988725298,-1.5574534139741534,3,-3.5269933431188023
7.688,0.1466595,-0.4400766,10.8599643,0.6069491133021163,3,0.6771219420690361,-1.5478288997699043,3,-3.551835601628755
7.703,0.15421320000000002,-0.37572300000000003,10.8599643,0.617462465063447,3,0.7008901174220218,-1.5386458129321623,3,-3.5749841619740215
7.719,0.15421320000000002,-0.42065280000000005,10.810521900000001,0.6265546599374012,3,0.568262179622136,-1.5286936759321554,3,-3.599522877884936
7.735,0.1511721,-0.42065280000000005,10.822490100000001,0.635715705585012,3,0.572565352975673,-1.518595513007976,3,-3.6239011913964574
7.75,0.1377324,-0.37572300000000003,10.822490100000001,0.6446086509817626,3,0.5928630264500501,-1.5089930803337255,3,-3.6466081058465196
7.766,0.1377324,-0.3592422,10.785114,0.6523600204437052,3,0.4844605913714157,-1.4986173309623216,3,-3.670668989136888
7.781,0.1661814,-0.3592422,10.7132067,0.6581794533826759,3,0.38796219593138775,-1.488788284908624,3,-3.6930745312559194
7.797,0.1466595,-0.3338343,10.7132067,0.6638299684215809,3,0.353157189931563,-1.4782122095341899,3,-3.716810535211462
7.813,0.1466595,-0.30685680000000004,10.7057511,0.6691412492870583,3,0.33195505409233633,-1.4675484397925207,3,-3.7403766204060758
7.828,0.1482291,-0.2963601,10.722231899999999,0.6747180832126976,3,0.3717889283759349,-1.457469494798772,3,-3.7623142549155113
7.844,0.1392039,-0.2963601,10.7476398,0.6807753645202013,3,0.37858008171898183,-1.446625547216909,3,-3.7855470152516366
7.86,0.1571562,-0.2738952,10.7476398,0.6866764118822815,3,0.36881546013001165,-1.435685933005689,3,-3.8086055070934175
7.875,0.1571562,-0.3083283,10.719190800000002,0.691762750572499,3,0.3390892460145121,-1.4253476392872784,3,-3.8300632588856143
7.891,0.1661814,-0.3083283,10.765592100000001,0.6978594883801161,3,0.3810461129760686,-1.4142306613756574,3,-3.852779885290918
7.906,0.173637,-0.3652263,10.765592100000001,0.7038537795131674,3,0.3996194088700937,-1.403717811866458,3,-3.873914498840233
7.922,0.173637,-0.34580249999999996,10.7626491,0.7096145000457454,3,0.3600450332861268,-1.3924100656299867,3,-3.8962835218602048
7.938,0.1482291,-0.34580249999999996,10.7701047,0.7154071875940744,3,0.36204297177055944,-1.381009892128868,3,-3.9184708815222757
7.953,0.1870767,-0.37572300000000003,10.7701047,0.7210977573865964,3,0.3793713195014541,-1.3702361050415126,3,-3.9391052265010544
7.969,0.1870767,-0.36973890000000004,10.8030663,0.7274478343319668,3,0.3968798090856481,-1.3586477403077641,3,-3.960936297263849
7.985,0.21552570000000001,-0.40711500000000006,10.755095400000002,0.732519745569391,3,0.3169944523390142,-1.3469679996685533,3,-3.9825812231836593
8.0,0.17510850000000003,-0.40711500000000006,10.7791299,0.7380357765432866,3,0.3677353982597095,-1.3359388332527085,3,-4.002703024430568
8.016,0.1497006,-0.36071369999999997,10.7791299,0.7433676620505949,3,0.33324284420677114,-1.3240876057439575,3,-4.023983235942541
8.031,0.1497006,-0.2948886,10.7476398,0.747753016004868,3,0.2923569302848613,-1.312904200658541,3,-4.043760674490561
8.047,0.1661814,-0.2948886,10.7206623,0.7513796534712487,3,0.22666484164879355,-1.300911139302732,3,-4.064671197210251
8.063,0.1437165,-0.3592422,10.7206623,0.7549577793683238,3,0.22363286856719158,-1.2888604398400154,3,-4.085389369843393
8.078,0.1437165,-0.3622833,10.761079500000001,0.7594362652880768,3,0.29856572798356296,-1.2775024845050933,3,-4.10463709177598
8.094,0.08534699999999999,-0.3622833,10.7835444,0.7643379748812524,3,0.3063568495734745,-1.2653122905837386,3,-4.124979609976691
8.11,0.13469129999999999,-0.3367773,10.789528500000001,0.7692581210423644,3,0.30750913506949445,-1.2530435218163496,3,-4.145126456475892
8.125,0.13469129999999999,-0.3367773,10.789528500000001,0.7740582636385707,3,0.32000950641374215,-1.241468648931242,3,-4.1638352977565
8.141,0.16019730000000001,-0.3367773,10.6967259,0.7764877104859416,3,0.15184042796068095,-1.229064281138246,3,-4.183599561197056
8.156,0.142245,-0.3307932,10.786585500000001,0.7810376314859031,3,0.3033280666640914,-1.2173828410734566,3,-4.201947914613644
8.172,0.1796211,-0.34128990000000003,10.786585500000001,0.7854981427914645,3,0.2787819565975844,-1.2048505548792376,3,-4.221325781781266
8.188,0.1796211,-0.3039138,10.7162478,0.7881079833464337,3,0.16311503468557906,-1.1922617058701344,3,-4.2405026798672605
8.203,0.19011780000000003,-0.3039138,10.7806014,0.7922273112018559,3,0.274621857028164,-1.180409191161023,3,-4.2582977115949925
8.219,0.17069399999999998,-0.3338343,10.7806014,0.7962598173025555,3,0.2520316312937252,-1.1677012941329878,3,-4.277082595477345
8.235,0.17069399999999998,-0.3338343,10.7806014,0.8001939695959219,3,0.24588451833540392,-1.1549296638378,3,-4.295663643141111
8.25,0.1661814,-0.34580249999999996,10.7387127,0.8030186172516469,3,0.18830984371499204,-1.1429055694364427,3,-4.312897407390669
8.266,0.16912439999999998,-0.3487455,10.7387127,0.8057778107569895,3,0.17244959408391197,-1.1300351980123737,3,-4.331080933530259
8.281,0.16912439999999998,-0.3503151,10.7162478,0.8079233876062943,3,0.14303845662031664,-1.1179324390246486,3,-4.347940690808038
8.297,0.16912439999999998,-0.3503151,10.7162478,0.8100166333129337,3,0.1308278566649611,-1.1049889188572948,3,-4.365724061671093
8.313,0.11526750000000001,-0.3248091,10.6818147,0.8111824234368967,3,0.07286188274768783,-1.092019326403296,3,-4.383300127633178
8.328,0.10182780000000001,-0.3248091,10.6982955,0.8127182174171992,3,0.10238626535350544,-1.0798400715968912,3,-4.399589073118178
8.344,0.145188,-0.344331,10.6982955,0.8142436376543607,3,0.09533876482259443,-1.0668243767563188,3,-4.416762388705004
8.36,0.1122264,-0.33226469999999997,10.695254400000001,0.8156387518866737,3,0.087194639519561,-1.0537853176399905,3,-4.433727266260174
8.375,0.1122264,-0.33226469999999997,10.695254400000001,0.8169998389425892,3,0.0907391370610321,-1.0415405282087706,3,-4.44944221010404
8.391,0.1032993,-0.3307932,10.695254400000001,0.8183244241535181,3,0.08278657568305807,-1.0284579341040017,3,-4.466002197802543
8.406,0.1032993,-0.36826739999999997,10.719190800000002,0.8202299980174299,3,0.12703825759411314,-1.0161687759377191,3,-4.481336898127856
8.422,0.1362609,-0.36826739999999997,10.701238500000002,0.821660505141999,3,0.08940669528556536,-1.0030336519124436,3,-4.497490517550657
8.438,0.15421320000000002,-0.3891627,10.701238500000002,0.8230800833924707,3,0.0887236406544866,-0.9898757272041678,3,-4.51343379258359
8.453,0.15421320000000002,-0.37572300000000003,10.7206623,0.8249267425923819,3,0.12311061332741764,-0.9775156760092825,3,-4.528189228107689
8.469,0.16166880000000003,-0.3876912,10.70271,0.8263038992227223,3,0.08607228939627723,-0.9643058308747616,3,-4.543723800162762
8.485,0.16019730000000001,-0.3876912,10.732728600000002,0.8283785282343796,3,0.1296643132285834,-0.9510683714551048,3,-4.559046793781401
8.5,0.17667810000000003,-0.36826739999999997,10.732728600000002,0.8303921884042804,3,0.13424401132671412,-0.9386275910803143,3,-4.573219513500417
8.516,0.17667810000000003,-0.347274,10.743127200000002,0.8325931358613357,3,0.13755921606595212,-0.9253237084861894,3,-4.588131123896949
8.531,0.1362609,-0.347274,10.6802451,0.8331932726413527,3,0.0400091186678001,-0.9128303104224188,3,-4.601917279038765
8.547,0.1586277,-0.33530580000000004,10.6802451,0.8337769763013743,3,0.03648147875134896,-0.899494548430877,3,-4.616415877909591
8.563,0.1586277,-0.3532581,10.626388200000001,0.8330478330351045,3,-0.04557145414185722,-0.8861599499561851,3,-4.630701113896688
8.578,0.16166880000000003,-0.3532581,10.695254400000001,0.8340161400966792,3,0.06455380410498462,-0.8736569701576977,3,-4.643899740797541
8.594,0.1406754,-0.3503151,10.695254400000001,0.8349512377222741,3,0.05844360159967805,-0.8603052311351461,3,-4.657771438407884
8.61,0.1406754,-0.31136939999999996,10.6459101,0.8346312580826467,3,-0.019998727476711036,-0.8469485711687067,3,-4.6714294688263145
8.625,0.1586277,-0.34580249999999996,10.662292800000001,0.8347504643643493,3,0.007947085446838933,-0.8344282082503538,3,-4.684039794671958
8.641,0.1586277,-0.34580249999999996,10.662292800000001,0.834866763175766,3,0.007268675713545386,-0.8210712704300329,3,-4.697283790501401
8.656,0.12272310000000002,-0.318825,10.662292800000001,0.8349481821771434,3,0.005427933425157773,-0.8085476583398856,3,-4.7095059324671755
8.672,0.12272310000000002,-0.3891627,10.5949962,0.8334443650516015,3,-0.09398857034637045,-0.7952005179620556,3,-4.722335917877591
8.688,0.1377324,-0.3891627,10.5949962,0.8319817226759447,3,-0.09141514847854629,-0.7818771092602352,3,-4.734952538895369
8.703,0.1661814,-0.3173535,10.5949962,0.8305063419311818,3,-0.09835871631753752,-0.7694084487756828,3,-4.746587180580637
8.719,0.1661814,-0.3278502,10.560563100000001,0.8282354117186514,3,-0.14193313828314555,-0.7561385147464842,3,-4.758791556288815
8.735,0.18413369999999998,-0.3278502,10.529073,0.8252595645505458,3,-0.18599044800660086,-0.7429105549363306,3,-4.770783948846277
8.75,0.1377324,-0.36826739999999997,10.529073,0.8223715776421106,3,-0.19253246056234474,-0.7305533213698853,3,-4.781834927918574
8.766,0.1377324,-0.3562992,10.472175,0.8181571535792784,3,-0.26340150392700745,-0.7174290915201141,3,-4.793418787221694
8.781,0.16765290000000002,-0.33226469999999997,10.452751200000002,0.8135634426839466,3,-0.3062473930221072,-0.7051911870481394,3,-4.804088439310957
8.797,0.17667810000000003,-0.33226469999999997,10.3914387,0.8075909439371003,3,-0.3732811716778969,-0.692221951955171,3,-4.815267744422983
8.813,0.173637,-0.3487455,10.3914387,0.801776029259317,3,-0.36343216736145456,-0.6793470161695997,3,-4.826240296167981
8.828,0.173637,-0.3503151,10.4063499,0.796467659569279,3,-0.3538913126692289,-0.6673601885033862,3,-4.836340600203028
8.844,0.16765290000000002,-0.3503151,10.3180599,0.7891344668494433,3,-0.4583245449897296,-0.6546753714920364,3,-4.846916884682991
8.86,0.13469129999999999,-0.36071369999999997,10.3180599,0.7819770946704239,3,-0.44733576118871593,-0.6421064789998774,3,-4.857291139486926
8.875,0.13469129999999999,-0.36071369999999997,10.3180599,0.7749942925445499,3,-0.4655201417249149,-0.6304291935957647,3,-4.866835157031394
8.891,0.13469129999999999,-0.3652263,10.3584771,0.769170759059584,3,-0.36397084281036796,-0.6180758731829316,3,-4.876823197565623
8.906,0.16166880000000003,-0.38621970000000005,10.267146,0.7612914726740048,3,-0.5252857590385948,-0.6065974064449292,3,-4.886008247162833
8.922,0.13469129999999999,-0.3712104,10.283626800000002,0.7539830566125936,3,-0.4567760038381992,-0.5944752102106364,3,-4.8956168280960775
8.938,0.13469129999999999,-0.3487455,10.2252573,0.7454110267692542,3,-0.5357518652087108,-0.5824800575435817,3,-4.905032470238111
8.953,0.13469129999999999,-0.3487455,10.2252573,0.7370480708245317,3,-0.5575303963148763,-0.5713616143116291,3,-4.913686282777024
8.969,0.16765290000000002,-0.3487455,10.232712900000001,0.72908268074654,3,-0.4978368798744799,-0.5596325682990605,3,-4.922734236237909
8.985,0.18413369999999998,-0.33530580000000004,10.232712900000001,0.7213075243890827,3,-0.48594727234108026,-0.5480294466579755,3,-4.931595532357566
9.0,0.18413369999999998,-0.3307932,10.205735400000002,0.7130608894367647,3,-0.549775663487848,-0.5372716835542812,3,-4.939735290834158
9.016,0.1571562,-0.3307932,10.148935500000002,0.7036199300277826,3,-0.590059963061384,-0.5259382369985648,3,-4.948240970198581
9.031,0.18266220000000002,-0.3712104,10.148935500000002,0.6944537133447035,3,-0.6110811122052463,-0.5154526846732708,3,-4.95605140211112
9.047,0.18266220000000002,-0.3487455,10.142951400000001,0.685345799762441,3,-0.5692445988914047,-0.5044142885684136,3,-4.964210337897053
9.063,0.1571562,-0.3487455,10.088996400000001,0.6751345812139711,3,-0.6382011592793718,-0.49353044552060193,3,-4.972193895769765
9.078,0.1406754,-0.36669779999999996,10.088996400000001,0.665182001594463,3,-0.663505307967262,-0.48347807114953956,3,-4.979521459644791
9.094,0.1377324,-0.36826739999999997,10.1683593,0.6574067952277538,3,-0.48595039791932093,-0.4728973607749618,3,-4.987172463100187
9.11,0.1377324,-0.3712104,10.1189169,0.6486188415590011,3,-0.5492471042970455,-0.46244915568066775,3,-4.994655235231832
9.125,0.1466595,-0.3712104,10.109989800000001,0.6398307207564997,3,-0.5858747201667347,-0.4527857839633011,3,-5.001519497279162
9.141,0.1497006,-0.3367773,10.109989800000001,0.6312286458363161,3,-0.5376296825114752,-0.44261730903055857,3,-5.008682722023113
9.156,0.1497006,-0.38023560000000006,10.06506,0.6217789858798497,3,-0.6299773304310698,-0.43321975179268696,3,-5.015251499979287
9.172,0.1392039,-0.38023560000000006,10.0425951,0.612008653565864,3,-0.6106457696241069,-0.42334945067712126,3,-5.022104053599046
9.188,0.1781496,-0.3338343,10.0425951,0.6024514142675557,3,-0.5973274561442693,-0.4136337701344539,3,-5.028799919365539
9.203,0.1781496,-0.33226469999999997,10.024642799999999,0.5926884574580527,3,-0.6508637873002531,-0.4046702210965126,3,-5.034937199299771
9.235,0.1586277,-0.39818790000000004,9.951264,0.5814260812345946,3,-0.3519492569830637,-0.3858843884774302,3,-5.047586073052954
9.235,0.1586277,-0.39818790000000004,9.951264,0.5704383971141471,3,0.0,-0.3858843884774302,3,-5.047586073052954
9.25,0.15421320000000002,-0.33530580000000004,10.012674599999999,0.5611573327762382,3,-0.6187376225272347,-0.377397420503252,3,-5.053310686620309
9.266,0.15421320000000002,-0.33981839999999996,10.005219,0.5519246262915836,3,-0.5770441552909172,-0.3684927648307094,3,-5.059277808102981
9.281,0.1317483,-0.33981839999999996,10.0545633,0.5441120086161035,3,-0.5208411783653154,-0.36027249006890144,3,-5.064743547514728
9.297,0.1781496,-0.3622833,10.0545633,0.53652648742999,3,-0.4740950741320966,-0.3516273821005327,3,-5.0704387464920835
9.313,0.1781496,-0.3503151,10.0171872,0.5282047288822742,3,-0.5201099092322354,-0.34310953237003455,3,-5.075996641807848
9.328,0.1661814,-0.3503151,9.9528336,0.5185125089114777,3,-0.646147998053152,-0.33525915308658205,3,-5.081084406948772
9.344,0.17667810000000003,-0.3248091,9.9528336,0.5090400071473997,3,-0.5920313602548738,-0.32703873295811103,3,-5.0863827900371295
9.36,0.17667810000000003,-0.3487455,9.978241500000001,0.5004375108909151,3,-0.5376560160302852,-0.3189629128138045,3,-5.0915508032033046
9.375,0.1317483,-0.3487455,9.951264,0.49137037991961385,3,-0.6044753980867301,-0.31152435363272524,3,-5.0962794577016535
9.391,0.1362609,-0.35178660000000006,9.951264,0.4825284884624974,3,-0.5526182160697775,-0.30373316268566836,3,-5.101201517832201
9.406,0.1586277,-0.3532581,9.9243846,0.4732565023832276,3,-0.6181324052846314,-0.2965647752543251,3,-5.105703752366751
9.422,0.1586277,-0.33226469999999997,9.922913099999999,0.4641571252667678,3,-0.5687110697787373,-0.2890654662331251,3,-5.110388794298651
9.438,0.1796211,-0.33226469999999997,9.907903800000001,0.4549225898698328,3,-0.5771584623084353,-0.28171282851203233,3,-5.114955020656613
9.453,0.1586277,-0.3712104,9.907903800000001,0.4459382493257902,3,-0.5989560362695565,-0.2749563722180657,3,-5.119130039662088
9.469,0.1586277,-0.34128990000000003,9.9288972,0.4376584856320296,3,-0.5174852308600371,-0.26788759833840314,3,-5.12347279142654
9.485,0.1257642,-0.34128990000000003,9.8674866,0.4280723867741898,3,-0.5991311786149861,-0.2609617513591534,3,-5.12770358622412
9.5,0.1212516,-0.2994012,9.8674866,0.4186855701008696,3,-0.6257877782213228,-0.2546110666825902,3,-5.131570382359434
9.516,0.1212516,-0.2994012,9.8674866,0.40952770017567985,3,-0.5723668703243584,-0.24798536052037778,3,-5.1355911537770575
9.531,0.1212516,-0.3307932,9.8165727,0.39937662072051516,3,-0.676738630344287,-0.24191857811365608,3,-5.139265433316813
9.547,0.16912439999999998,-0.3307932,9.7971489,0.3890169745520069,3,-0.6474778855317659,-0.2356114293514759,3,-5.143085673376533
9.563,0.1721655,-0.3831786,9.777627,0.3784821057565573,3,-0.658429299715601,-0.22947143670900738,3,-5.146806336305017
9.578,0.1721655,-0.3831786,9.777627,0.36820418498050955,3,-0.6851947184032366,-0.22387128952847984,3,-5.150206406751798
9.594,0.29783160000000003,-0.09878670000000002,9.866015100000002,0.3602344323089497,3,-0.4981095419724908,-0.21804378059016416,3,-5.153741727312747
9.61,0.2559429,-0.19011780000000003,9.866015100000002,0.3524630037523693,3,-0.48571428478627565,-0.2123422011016736,3,-5.157184815166282
9.625,0.2559429,-0.3831786,9.8584614,0.3448337861824804,3,-0.5086145046592394,-0.20711247517716203,3,-5.160330725238373
9.641,0.2559429,-0.3831786,9.8584614,0.3373906470899062,3,-0.46519619328588796,-0.20165467971098291,3,-5.1636008624774785
9.656,0.09584369999999999,-0.3831786,9.856989900000002,0.3300235824804627,3,-0.49113764062954635,-0.19664907298920495,3,-5.16658814062273
9.672,0.0150093,-0.4654845,9.856989900000002,0.3229114627017875,3,-0.4445074861672001,-0.19142559262774694,3,-5.169692737947666
9.688,0.0150093,-0.6301944,9.888480000000001,0.31696222503758165,3,-0.3718273540128655,-0.186306603125832,3,-5.172714595513694
9.703,-0.0658251,-0.6301944,9.8674866,0.31065216227445447,3,-0.4206708508751791,-0.1815994952209921,3,-5.175473891251295
9.719,0.18109260000000002,-0.36669779999999996,9.8674866,0.3042069599942838,3,-0.40282514251066515,-0.1766806222428422,3,-5.178340132191006
9.735,0.16166880000000003,-0.36669779999999996,9.8405091,0.29725329214440066,3,-0.43460424061769715,-0.1718689402257327,3,-5.1811285286907545
9.75,0.16166880000000003,-0.3053853,9.834525,0.2902723320891507,3,-0.4653973370166458,-0.16746249804398092,3,-5.1836735144777775
9.766,0.1257642,-0.3053853,9.856989900000002,0.2839964659543863,3,-0.39224163342277374,-0.16286834765963262,3,-5.186316161243407
9.781,0.23347800000000002,-0.2694807,9.856989900000002,0.27789599391703135,3,-0.40669813582364966,-0.15865415421059684,3,-5.188727580007433
9.797,0.23347800000000002,-0.21258269999999999,9.8944641,0.27282393709686303,3,-0.3170035512605193,-0.15424839476248567,3,-5.191230800399218
9.813,0.2694807,-0.21258269999999999,9.8495343,0.2668027078890187,3,-0.3763268254902693,-0.1499313816025986,3,-5.193664238610139
9.828,0.2365191,-0.24544620000000003,9.8495343,0.2609263257629788,3,-0.3917588084026925,-0.14597341385020896,3,-5.195883524576034
9.844,0.2365191,-0.40113090000000007,9.7866522,0.25378580970905595,3,-0.44628225337017785,-0.14185571676643266,3,-5.198186157620968
9.86,0.0614106,-0.40113090000000007,9.831582000000001,0.24784942050669656,3,-0.37102432514746175,-0.13784263492470664,3,-5.200423744434497
9.875,0.0045126,-0.5433759,9.848062800000001,0.24262098530004117,3,-0.34856234711034617,-0.13416410688115596,3,-5.202463794998041
9.891,0.1631403,-0.5972328,9.848062800000001,0.2376288852854227,3,-0.31200625091365425,-0.13032210791647225,3,-5.204579684716421
9.906,0.1631403,-0.3712104,9.8764137,0.23317877010561006,3,-0.29667434532083153,-0.12679105050103937,3,-5.206508033404552
9.922,0.1856052,-0.3712104,9.891423,0.22921261803251802,3,-0.24788450456825184,-0.12309191939593433,3,-5.208507097163728
9.938,0.1482291,-0.42065280000000005,9.891423,0.22537605680667738,3,-0.23978507661503978,-0.11945520999722076,3,-5.210447474198873
9.953,0.1482291,-0.3891627,9.8689581,0.22105422141435582,3,-0.2881223594881272,-0.11610698291056329,3,-5.212214190645682
9.969,0.1721655,-0.3891627,9.7986204,0.2151333151653656,3,-0.3700566405618885,-0.11261748261792551,3,-5.2140439863699095
9.985,0.1571562,-0.3367773,9.7986204,0.2093033843307719,3,-0.3643706771621066,-0.1092219890219564,3,-5.215818702143029
10.0,0.1571562,-0.347274,9.821085300000002,0.20417208796212272,3,-0.34208642457659866,-0.10612092297975957,3,-5.217433773983042
10.016,0.1661814,-0.347274,9.8136297,0.19898786176313266,3,-0.3240141374368785,-0.10289564338195753,3,-5.219105906513936
10.031,0.1511721,-0.35777070000000005,9.8255979,0.19422503421888315,3,-0.31752183628328823,-0.0999465466620923,3,-5.2206272229392665
10.047,0.1482291,-0.315882,9.8255979,0.18954228149300967,3,-0.2926720453670925,-0.09687640813639715,3,-5.2222018065776545
10.063,0.1482291,-0.2948886,9.8196138,0.18481196609070594,3,-0.2956447126439829,-0.09388157415572743,3,-5.223727870435992
10.078,0.1032993,-0.2948886,9.830012400000001,0.18043649294423503,3,-0.2916982097647508,-0.09114221071296559,3,-5.225115548822507
10.094,0.11821050000000001,-0.3173535,9.8196138,0.17593541403409318,3,-0.2813174318838649,-0.08829123545713896,3,-5.226551016391868
10.11,0.11821050000000001,-0.3173535,9.8196138,0.17154411753639387,3,-0.274456031106207,-0.08551139920457507,3,-5.227941437469162
10.125,0.1406754,-0.3173535,9.7986204,0.166755430399812,3,-0.3192458091054459,-0.08297415259505343,3,-5.229205079107659
10.141,0.11673900000000001,-0.33824879999999996,9.7986204,0.1620929153487527,3,-0.2914071906912061,-0.08034336582906491,3,-5.2305116192550525
10.156,0.11673900000000001,-0.3996594,9.8375661,0.15854951651158267,3,-0.23622658914465977,-0.0779385475901123,3,-5.231698733605696
10.172,0.173637,-0.3996594,9.7956774,0.15409233353606488,3,-0.27857393596986113,-0.07543741278973112,3,-5.232925741288735
10.188,0.17510850000000003,-0.37572300000000003,9.8105886,0.15008477937642262,3,-0.25047213497764154,-0.07300399588643122,3,-5.234113272558145
10.203,0.17510850000000003,-0.37572300000000003,9.8105886,0.14617497044018535,3,-0.26065392908250556,-0.07078204776280685,3,-5.235191667885514
10.219,0.17667810000000003,-0.4176117,9.860031000000001,0.1436071095257354,3,-0.16049130715312096,-0.06846379112307947,3,-5.236305634596602
10.235,0.1497006,-0.4176117,9.886910400000001,0.1417459348719241,3,-0.1163234158632064,-0.0661809667678982,3,-5.237382792659729
10.25,0.1781496,-0.3652263,9.886910400000001,0.1398911119877706,3,-0.1236548589435624,-0.0640686889164504,3,-5.238359665077362
10.266,0.1781496,-0.3652263,9.886910400000001,0.13808152868615586,3,-0.11309895635092095,-0.06184490779105899,3,-5.2393669738510225
10.281,0.1511721,-0.3592422,9.8091171,0.13440387563528944,3,-0.24517687005775238,-0.059801267258648066,3,-5.2402793201638955
10.297,0.16912439999999998,-0.3262806,9.8091171,0.13079499351851354,3,-0.2255551322984937,-0.057679676305417635,3,-5.2412191677124085
10.313,0.16912439999999998,-0.33824879999999996,9.839037600000001,0.1280132417657569,3,-0.17385948454728944,-0.05560921042314347,3,-5.242125478806237
10.328,0.16912439999999998,-0.33824879999999996,9.839037600000001,0.12529933761672574,3,-0.18092694326875894,-0.053709366077775,3,-5.242945368129994
10.344,0.1287072,-0.33824879999999996,9.8046045,0.12179745458641023,3,-0.21886768939471926,-0.05173259174014992,3,-5.243788903792537
10.36,0.15568469999999998,-0.3307932,9.774684,0.11765505960677558,3,-0.2588996862271651,-0.04981697162660444,3,-5.244601300299471
10.375,0.1332198,-0.31136939999999996,9.774684,0.1135900547738018,3,-0.271000322198242,-0.04808263326875004,3,-5.245335547336186
10.391,0.1332198,-0.32932170000000005,9.8240283,0.11084126681984685,3,-0.17179924712218395,-0.04628718269600085,3,-5.246090505863904
10.406,0.0868185,-0.32932170000000005,9.8255979,0.10818511603603653,3,-0.17707671892068116,-0.044644484824581665,3,-5.246772493370309
10.422,0.2080701,-0.2769363,9.8255979,0.10559870686035389,3,-0.1616505734801653,-0.04293421424141054,3,-5.247473122962837
10.438,0.2080701,-0.1646118,9.842078700000002,0.10341567835958543,3,-0.13643928129802851,-0.041262099159651025,3,-5.248146693470045
10.453,0.2724237,-0.1646118,9.7851807,0.09993716497271699,3,-0.23190089245791484,-0.03973695283465888,3,-5.248754186360002
10.469,0.2858634,-0.16019730000000001,9.7851807,0.09655105338539016,3,-0.21163197420792626,-0.03816504708779402,3,-5.249377402359381
10.485,0.2858634,-0.1796211,9.866015100000002,0.09522615920422517,3,-0.08280588632281198,-0.036630829387077096,3,-5.24997576937118
10.5,0.2858634,-0.1796211,9.8151012,0.09269250726915423,3,-0.1689101290047226,-0.0352214393885267,3,-5.2505146613869975
10.516,0.2575125,-0.24701580000000004,9.8016615,0.08990964503259313,3,-0.17392888978506865,-0.03376062217011272,3,-5.251066517879466
10.531,0.20208600000000002,-0.3143124,9.8016615,0.08720995231110962,3,-0.17997951476556087,-0.0324322251900349,3,-5.251562964234667
10.547,0.20208600000000002,-0.2934171,9.800091900000002,0.08452205946972668,3,-0.16799330258643316,-0.031058369095788206,3,-5.252070888988953
10.563,0.23053500000000002,-0.2934171,9.8704296,0.08362935012934081,3,-0.055794333774117306,-0.029713157818995667,3,-5.252557061204271
10.578,0.21552570000000001,-0.29783160000000003,9.8704296,0.08275337064518595,0,-0.058398632276994974,-0.027965287413186816,3,-5.252989649543513
10.594,0.21552570000000001,-0.5792805,9.831582000000001,0.08125771310953311,0,-0.09347859597830235,-0.02615319874314906,3,-5.253422597432763
10.61,0.0733788,-0.5792805,9.7686999,0.07821669590547842,0,-0.19006357525341838,-0.024377403471028965,3,-5.253826842250477
10.625,0.142245,-0.37425150000000007,9.7686999,0.07502462106410412,0,-0.21280498942494477,-0.022728093593757055,3,-5.254180133478463
10.641,0.142245,-0.2784078,9.843550200000001,0.07365705363033115,0,-0.08547296461081093,-0.021038640196201573,3,-5.254530267348782
10.656,0.17510850000000003,-0.2784078,9.842078700000002,0.07229988527896225,0,-0.09047789009125645,-0.01944396315438183,3,-5.254833886873912
10.672,0.21552570000000001,-0.34128990000000003,9.803133,0.07009452442421527,0,-0.13783505342168645,-0.01780480787675641,3,-5.255131877042161
10.688,0.0344331,-0.5119839,9.7866522,0.06766627111654344,0,-0.15176583172948885,-0.016202721512430338,3,-5.255403937277275
10.703,0.0344331,-0.5119839,9.7866522,0.06529724349930355,0,-0.1579351744826723,-0.014705495152811564,3,-5.255635748902264
10.719,0.059841000000000005,-0.5119839,9.866015100000002,0.06492200030854534,0,-0.023452699422388236,-0.013163741202348773,3,-5.2558587027931045
10.735,-0.0389457,-0.5478885,9.866015100000002,0.06460033113935815,0,-0.020104323074199276,-0.011627562550765545,3,-5.256057033223129
10.75,-0.0389457,-0.45351630000000004,9.8165727,0.06296522072267408,0,-0.10900736111226729,-0.010170820911800268,3,-5.256220521099099
10.766,0.053856900000000006,-0.45351630000000004,9.8046045,0.06108011675313918,0,-0.11781899809593088,-0.00867845821199376,3,-5.256371315332089
10.781,0.0059841,-0.6062580000000001,9.8046045,0.0594384706493436,0,-0.10944307358636784,-0.007274568806475104,3,-5.256490963034728
10.797,0.0059841,-0.3503151,9.843550200000001,0.05848202276564507,0,-0.05977799273115808,-0.0058312048591551945,3,-5.256595809224053
10.813,0.1497006,-0.3503151,9.8091171,0.05673740208321121,0,-0.10903879265211626,-0.004409449460364343,3,-5.256677734458609
10.828,0.15568469999999998,-0.35777070000000005,9.8240283,0.055407562484091955,0,-0.08865597327462404,-0.003068362226109637,3,-5.256733818046258
10.844,0.13469129999999999,-0.3622833,9.8240283,0.054106627030087395,0,-0.08130846587528488,-0.0016922487099961998,3,-5.256771902933747
10.86,0.13469129999999999,-0.32333760000000006,9.7926363,0.052039127583835665,0,-0.12921871539073304,-0.0003430826730848151,3,-5.256788185584812
10.875,0.1466595,-0.32333760000000006,9.836094600000001,0.05108551123970706,0,-0.06357442294190459,0.0,3,-5.2567907587048595
10.891,0.11821050000000001,-0.36375480000000004,9.836094600000001,0.0501802243091749,0,-0.05658043315825973,0.0007404780024828387,3,-5.25678483488084
10.906,0.11821050000000001,-0.3503151,9.7821396,0.04797008587764395,0,-0.14734256210205776,0.0009766053288840079,3,-5.256771956755855
10.922,0.1915893,-0.3503151,9.7941078,0.046133836381839544,0,-0.1147655934877755,0.0012294367069598752,3,-5.256754308419568
10.938,0.1915893,-0.3503151,9.7941078,0.04434237345910397,0,-0.1119664326709734,0.0014532463856874235,3,-5.256732846954827
10.953,0.18413369999999998,-0.38621970000000005,9.7941078,0.04262401849445574,0,-0.1145569976432244,0.0016054943253390676,3,-5.256709906399494
10.969,0.1482291,-0.3532581,9.889951500000002,0.043238287190693114,0,0.03839179351483587,0.001792392770820259,3,-5.256682723302725
10.985,0.1437165,-0.3532581,9.874942200000001,0.04347014223531076,0,0.01449094028860286,0.001986060206228289,3,-5.2566524956789085
11.0,0.1302768,-0.36375480000000004,9.874942200000001,0.043701085721647104,0,0.015396232422422319,0.0021398444159054977,3,-5.256621551394242
11.016,0.1302768,-0.36375480000000004,9.874942200000001,0.04392639644002472,0,0.014081919898600847,0.002340864273198873,3,-5.25658570572473
11.031,0.1302768,-0.3547296,9.8165727,0.04271561086323672,0,-0.08071903845253016,0.0024906793279733572,3,-5.256549469147721
11.047,0.11526750000000001,-0.3547296,9.8689581,0.042806557837407055,0,0.005684185885646004,0.0026748566775785083,3,-5.256508144859676
11.063,0.15568469999999998,-0.34128990000000003,9.8689581,0.042897258395257154,0,0.005668784865631155,0.002860487207439822,3,-5.256463862108596
11.078,0.15568469999999998,-0.33530580000000004,9.8136297,0.041632225118986455,0,-0.08433555175138675,0.0029944583337965973,3,-5.256419950017037
11.094,0.09878670000000002,-0.33530580000000004,9.771642900000002,0.03935664936466132,0,-0.1422234846453206,0.0031423693296657807,3,-5.256370855395729
11.11,0.1302768,-0.35777070000000005,9.771642900000002,0.03716498919252409,0,-0.13697876075857696,0.003254542438123265,3,-5.256319680101587
11.125,0.1302768,-0.34580249999999996,9.7536906,0.03457873535043454,0,-0.1724169228059633,0.0032926203721954745,0,-5.256270576380509
11.141,0.1571562,-0.347274,9.8105886,0.03345319153257087,0,-0.07034648861647945,0.0033368757872595184,0,-5.2562175404112335
11.156,0.1631403,-0.347274,9.7821396,0.03166413428310122,0,-0.11927048329797214,0.0033252557308770777,0,-5.256167574424848
11.172,0.1721655,-0.3771945,9.7821396,0.02994948305458145,0,-0.10716570178248554,0.0033181646695785395,0,-5.256114427061644
