timestamps,acc_x,acc_y,acc_z,aAcc,aStages,aJerk,aVelocity,avStages,aHeight
0.063,0.1272357,-0.32932170000000005,9.8285409,0.01554876094721891,0,0.0,0.0,0,0.0
0.079,0.1287072,-0.3173535,9.8076456,0.015030299133018232,0,-0.03240386338754231,0.0,0,0.0
0.094,0.13469129999999999,-0.3173535,9.8046045,0.014452314051714765,0,-0.038532338753564474,0.0,0,0.0
0.11,0.1317483,-0.3039138,9.8046045,0.013877072177619354,0,-0.035952617130963205,0.00019238716936206758,0,1.5390973548965407e-06
0.125,0.1317483,-0.290376,9.8076456,0.013379993111710675,0,-0.03313860439391192,0.0,0,2.9820011251120474e-06
0.141,0.1257642,-0.290376,9.8165727,0.013110743833770755,0,-0.01682807987124503,0.00010874105459589408,0,3.851929561879199e-06
0.172,0.16166880000000003,-0.3218661,9.8120601,0.01277482206293179,0,-0.010836186156095646,9.967325994783517e-06,0,5.691909461034702e-06
0.188,0.113796,-0.3218661,9.8136297,0.012468973684574891,0,-0.01911552364730616,0.0,0,5.77164806899297e-06
0.204,0.16019730000000001,-0.315882,9.8136297,0.012181634504850436,0,-0.017958698732778458,0.0,0,5.77164806899297e-06
0.219,0.16019730000000001,-0.315882,9.8196138,0.01204716235132075,0,-0.008964810235312362,9.08385339115237e-05,0,6.452937073329398e-06
0.235,0.0973152,-0.3262806,9.833053500000002,0.012231761117124762,0,0.011537422862750734,0.0,0,7.1796453446215875e-06
0.25,0.1122264,-0.3262806,9.7701714,0.010882969873817316,0,-0.08991941622049629,0.0,0,7.1796453446215875e-06
0.266,0.1078119,-0.3202965,9.7701714,0.009561037705289266,0,-0.08262076053300309,0.00012198246472400632,0,8.155505062413638e-06
0.282,0.1078119,-0.2918475,9.8524773,0.010256074935437454,0,0.043439826884261845,0.0,0,9.131364780205687e-06
0.297,0.1287072,-0.2918475,9.7941078,0.009517377726943721,0,-0.0492464805662488,0.0,0,9.131364780205687e-06
0.313,0.1661814,-0.3008727,9.7941078,0.008817106437630784,0,-0.04376695558205852,7.549613413427485e-05,0,9.735333853279886e-06
0.329,0.1661814,-0.2784078,9.806076000000001,0.008409468326140868,0,-0.025477381968119748,0.0,0,1.0339302926354086e-05
0.344,0.1721655,-0.2784078,9.821085300000002,0.008380166201368056,0,-0.0019534749848541403,0.0,0,1.0339302926354086e-05
0.36,0.1482291,-0.3278502,9.821085300000002,0.008379259487456991,0,-5.666961944150723e-05,0.0,0,1.0339302926354086e-05
0.375,0.1482291,-0.3143124,9.8120601,0.008147597926443595,0,-0.015444104067559755,9.725782731561956e-05,0,1.1068736631221234e-05
0.391,0.11821050000000001,-0.3338343,9.800091900000002,0.007635651267744237,0,-0.03199666616870986,0.0,0,1.1846799249746191e-05
0.407,0.1272357,-0.3338343,9.7791966,0.006629643433994303,0,-0.062875489609371,0.0,0,1.1846799249746191e-05
0.438,0.1317483,-0.30685680000000004,9.7791966,0.0056280880703365455,0,-0.032308237537347,2.764101680015861e-05,0,1.227523501014865e-05
0.454,0.1317483,-0.2814489,9.7851807,0.004778210702836461,0,-0.05311733546875525,0.0,0,1.249636314454992e-05
0.469,0.13469129999999999,-0.2814489,9.788123700000002,0.004021782843183885,0,-0.050428523976838495,0.0,0,1.249636314454992e-05
0.485,0.1437165,-0.2889045,9.788123700000002,0.0032922286135654844,0,-0.04559713935115002,0.0,0,1.249636314454992e-05
0.5,0.1437165,-0.2843919,9.8375661,0.0037825237949267176,0,0.03268634542408219,0.0,0,1.249636314454992e-05
0.516,0.1332198,-0.2843919,9.7732125,0.002688463302106925,0,-0.068378780801237,0.0,0,1.249636314454992e-05
0.532,0.11526750000000001,-0.32333760000000006,9.7732125,0.0016450410140276261,0,-0.06521389300495611,0.0,0,1.249636314454992e-05
0.547,0.15568469999999998,-0.3173535,9.764187300000001,0.00041596043884339906,0,-0.08193870501228173,0.0,0,1.249636314454992e-05
0.563,0.15568469999999998,-0.2754648,9.9168309,0.0029069523520419693,0,0.15568699457491159,0.0,0,1.249636314454992e-05
0.579,0.1362609,-0.2664396,9.8240283,0.0030617683344846824,0,0.00967599890266956,0.0,0,1.249636314454992e-05
0.594,0.1362609,-0.2754648,9.7672284,0.001834194541855183,0,-0.08183825284196655,1.410324892104839e-06,0,1.2506940581240707e-05
0.61,0.11673900000000001,-0.2754648,9.8120601,0.0017233436070132058,0,-0.006928183427623574,0.0,0,1.2518223180377546e-05
0.625,0.1302768,-0.290376,9.8120601,0.0016298318806846623,0,-0.006234115088569556,0.0,0,1.2518223180377546e-05
0.641,0.1302768,-0.32932170000000005,9.7806681,0.0008034207304827845,0,-0.051650696887617316,0.0,0,1.2518223180377546e-05
0.672,0.1122264,-0.32932170000000005,9.7612443,-0.00048173956434460763,0,-0.041456783704109386,0.0,0,1.2518223180377546e-05
0.688,0.10477080000000001,-0.2963601,9.7612443,-0.001763325459242182,0,-0.08009911843109889,0.0,0,1.2518223180377546e-05
0.704,0.1062423,-0.2754648,9.855518400000001,-0.0007298585586728024,0,0.06459168128558618,0.0,0,1.2518223180377546e-05
0.719,0.1062423,-0.2829204,9.848062800000001,0.00010179243695240814,0,0.055443399708347316,0.0,0,1.2518223180377546e-05
0.735,0.145188,-0.2829204,9.7971489,-0.00031587307675273735,0,-0.02610409460657157,0.0,0,1.2518223180377546e-05
0.75,0.1406754,-0.315882,9.7971489,-0.0007004020640533071,0,-0.02563526582003796,0.0,0,1.2518223180377546e-05
0.766,0.1406754,-0.31136939999999996,9.891423,0.0012189110972489203,0,0.1199570725813891,0.0,0,1.2518223180377546e-05
0.782,0.10928340000000002,-0.31136939999999996,9.7971489,0.0007836656234108119,0,-0.02720284211488175,0.0,0,1.2518223180377546e-05
0.797,0.1032993,-0.2738952,9.7971489,0.0003301665089292527,0,-0.03023327429877059,0.0,0,1.2518223180377546e-05
0.813,0.1032993,-0.3202965,9.818044200000001,0.0004313719349653411,0,0.006325339127255563,0.0,0,1.2518223180377546e-05
0.829,0.1511721,-0.3202965,9.752219100000001,-0.0010592082477920428,0,-0.09316126142233641,0.0,0,1.2518223180377546e-05
0.844,0.1122264,-0.3143124,9.752219100000001,-0.0025309986243691185,0,-0.09811935843847162,0.0,0,1.2518223180377546e-05
0.86,0.1122264,-0.3053853,9.7866522,-0.0031344392442651525,0,-0.03771503874350209,0.0,0,1.2518223180377546e-05
0.875,0.1122264,-0.3173535,9.907903800000001,-0.0007582501549219245,0,0.15841260595621506,0.0,0,1.2518223180377546e-05
0.891,0.11978010000000001,-0.3173535,9.7342668,-0.00267038590766866,0,-0.11950848454667085,0.0,0,1.2518223180377546e-05
0.907,0.16912439999999998,-0.2994012,9.7342668,-0.004531898199894968,0,-0.11634451826414417,0.0,0,1.2518223180377546e-05
0.922,0.16912439999999998,-0.3083283,9.888480000000001,-0.0025823316378286165,0,0.12997110413775667,0.0,0,1.2518223180377546e-05
0.938,0.18413369999999998,-0.3083283,9.860031000000001,-0.0013672003130302812,0,0.07594570779989641,0.0,0,1.2518223180377546e-05
0.954,0.0688662,-0.2514303,9.860031000000001,-0.0002571290192676656,0,0.06937945586016342,0.0,0,1.2518223180377546e-05
0.969,0.0688662,-0.3338343,9.842078700000002,0.0004478897707507201,0,0.04700125266789234,0.0,0,1.2518223180377546e-05
1.0,0.10477080000000001,-0.3338343,9.7342668,-0.0014844469846693187,0,-0.062333443723227,0.0,0,1.2518223180377546e-05
1.016,0.1377324,-0.2065986,9.7342668,-0.0034457483167162906,0,-0.12258133325293563,0.0,0,1.2518223180377546e-05
1.032,0.17667810000000003,-0.36973890000000004,9.9064323,-0.0010306524781498183,0,0.15094348991040438,0.0,0,1.2518223180377546e-05
1.047,0.17667810000000003,-0.2769363,9.7956774,-0.001448125905119113,0,-0.027831561797953167,0.0,0,1.2518223180377546e-05
1.063,0.08377740000000002,-0.3487455,9.8584614,-0.00029932299806922913,0,0.07180018169061768,0.0,0,1.2518223180377546e-05
1.079,0.08377740000000002,-0.3023442,9.7911648,-0.0008564342469536967,0,-0.0348194530552792,0.0,0,1.2518223180377546e-05
1.094,0.1497006,-0.3023442,9.8046045,-0.001053194000308011,0,-0.013117316890287502,0.0,0,1.2518223180377546e-05
1.11,0.17510850000000003,-0.37572300000000003,9.8046045,-0.0011730564179952552,0,-0.007491401105452759,0.0,0,1.2518223180377546e-05
1.125,0.17510850000000003,-0.2948886,9.831582000000001,-0.0006997833074091631,0,0.03155154070573968,0.0,0,1.2518223180377546e-05
1.141,0.1497006,-0.2948886,9.7686999,-0.0017811213617964228,0,-0.06758362839920368,0.0,0,1.2518223180377546e-05
1.157,0.1107549,-0.3023442,9.7941078,-0.0022238164142702743,0,-0.027668440779615697,0.0,0,1.2518223180377546e-05
1.172,0.1377324,-0.2365191,9.7941078,-0.002691516767663771,0,-0.031180023559566634,0.0,0,1.2518223180377546e-05
1.188,0.1377324,-0.3622833,9.7582032,-0.003929129754375538,0,-0.07735081166948536,-4.692843879001724e-05,0,1.2142795670057408e-05
1.204,0.1646118,-0.3622833,9.8794548,-0.0021714785705242434,0,0.1098531989907058,0.0,0,1.176736815973727e-05
1.235,0.11821050000000001,-0.2843919,9.833053500000002,-0.0016662092634778247,0,0.016299009904723112,0.0,0,1.176736815973727e-05
1.25,0.0733788,-0.2843919,9.771642900000002,-0.002681058787212365,0,-0.06765663491563645,0.0,0,1.176736815973727e-05
1.266,0.17069399999999998,-0.2798793,9.771642900000002,-0.003644704387335551,0,-0.06022785000769909,0.0,0,1.176736815973727e-05
1.282,0.17069399999999998,-0.3338343,9.752219100000001,-0.005016950110711349,0,-0.0857653577109873,0.0,0,1.176736815973727e-05
1.297,0.18864630000000002,-0.3338343,9.9303687,-0.0020058481320130994,0,0.20074013191321793,0.0,0,1.176736815973727e-05
1.313,0.16166880000000003,-0.34128990000000003,9.7536906,-0.0033796612016168126,0,-0.085863316850232,0.0,0,1.176736815973727e-05
1.329,0.11526750000000001,-0.2499588,9.7536906,-0.004803501330911786,0,-0.08899000808093574,0.0,0,1.176736815973727e-05
1.344,0.11526750000000001,-0.3262806,9.800091900000002,-0.005006622977038688,0,-0.013541443075126723,-4.251761263651243e-05,0,1.1448486064963425e-05
1.36,0.1107549,-0.3262806,9.8689581,-0.003527425444087129,0,0.09244984580947238,0.0,0,1.1108345163871325e-05
1.391,0.1002582,-0.3307932,9.8689581,-0.0020833794770762637,0,0.04658212796809255,0.0,0,1.1108345163871325e-05
1.407,0.1002582,-0.2709522,9.874942200000001,-0.0005731363484873242,0,0.09439019553680864,0.0,0,1.1108345163871325e-05
1.422,0.13469129999999999,-0.2709522,9.7956774,-0.001022115575855409,0,-0.02993194849120585,0.0,0,1.1108345163871325e-05
1.438,0.1526436,-0.2829204,9.7956774,-0.0014454770939948958,0,-0.026460094883717897,0.0,0,1.1108345163871325e-05
1.454,0.1526436,-0.36071369999999997,9.800091900000002,-0.0016886344412849752,0,-0.01519733420562995,0.0,0,1.1108345163871325e-05
1.469,0.1930608,-0.36071369999999997,9.7986204,-0.0019443475277967082,0,-0.017047539100782057,0.0,0,1.1108345163871325e-05
1.485,0.1302768,-0.3278502,9.842078700000002,-0.0011879363521352104,0,0.04727569847884357,0.0,0,1.1108345163871325e-05
1.5,0.1302768,-0.3427614,9.842078700000002,-0.00043759216801397827,0,0.05002294560808247,0.0,0,1.1108345163871325e-05
1.516,0.1302768,-0.3427614,9.7866522,-0.0010564723465495973,0,-0.038680011158476156,0.0,0,1.1108345163871325e-05
1.532,0.15421320000000002,-0.3427614,9.862974000000001,0.00020836815370728345,0,0.07905253126605498,0.0,0,1.1108345163871325e-05
1.547,0.0673947,-0.290376,9.862974000000001,0.0013775985059734097,0,0.0779486901510756,0.0,0,1.1108345163871325e-05
1.563,0.0673947,-0.2664396,9.7866522,0.000641058912798087,0,-0.04603372457345763,0.0,0,1.1108345163871325e-05
1.579,0.1511721,-0.2664396,9.743193900000001,-0.0011141464789599098,0,-0.1097003369848747,0.0,0,1.1108345163871325e-05
1.594,0.13469129999999999,-0.2290635,9.743193900000001,-0.0028556068953040636,0,-0.11609736108960929,0.0,0,1.1108345163871325e-05
1.61,0.13469129999999999,-0.344331,9.7672284,-0.0038861244723040755,0,-0.06440734856250069,0.0,0,1.1108345163871325e-05
1.625,0.13469129999999999,-0.344331,9.8495343,-0.0028854712981836173,0,0.06671021160803099,0.0,0,1.1108345163871325e-05
1.641,0.15421320000000002,-0.2709522,9.8225568,-0.0026157698497790705,0,0.01685634052528416,-1.3266665271327669e-05,0,1.1002211841700703e-05
1.657,0.0777933,-0.290376,9.8225568,-0.0023611181153242455,0,0.015915733403426544,0.0,0,1.0896078519530081e-05
1.672,0.0777933,-0.2843919,9.7956774,-0.0027722448522879972,0,-0.027408449130916956,0.0,0,1.0896078519530081e-05
1.688,0.12272310000000002,-0.2843919,9.7851807,-0.0034180225422488775,0,-0.04036110562255498,0.0,0,1.0896078519530081e-05
1.704,0.1377324,-0.35178660000000006,9.7851807,-0.0039897792767256135,0,-0.03573479590479597,0.0,0,1.0896078519530081e-05
1.735,0.113796,-0.290376,9.8225568,-0.00369305545018328,0,0.009571736340075226,0.0,0,1.0896078519530081e-05
1.75,0.1646118,-0.3307932,9.8225568,-0.003354863477090575,0,0.022546131539513826,0.0,0,1.0896078519530081e-05
1.766,0.1646118,-0.2994012,9.747706500000001,-0.004873970666134042,0,-0.09494419931521661,0.0,0,1.0896078519530081e-05
1.782,0.1437165,-0.2934171,9.871999200000001,-0.0033386682720877303,0,0.0959563996278944,-3.841659830550528e-06,0,1.0865345240885676e-05
1.797,0.08377740000000002,-0.2934171,9.7971489,-0.0036823871844919864,0,-0.02291459416028389,0.0,0,1.0836532792156547e-05
1.813,0.11526750000000001,-0.258984,9.7971489,-0.0040335899187695645,0,-0.02195017089234861,0.0,0,1.0836532792156547e-05
1.844,0.11526750000000001,-0.36071369999999997,9.834525,-0.0033868659782587685,0,0.02086206259712236,0.0,0,1.0836532792156547e-05
1.86,0.0718092,-0.36071369999999997,9.8165727,-0.003203544577702999,0,0.01145758753473557,0.0,0,1.0836532792156547e-05
1.875,0.1392039,-0.3278502,9.8165727,-0.003035131911303779,0,0.011227511093281423,0.0,0,1.0836532792156547e-05
1.891,0.1392039,-0.315882,9.862974000000001,-0.0017493485954407362,0,0.0803614572414401,0.0,0,1.0836532792156547e-05
1.907,0.1482291,-0.315882,9.7656588,-0.002863763017199261,0,-0.06965090135990776,0.0,0,1.0836532792156547e-05
1.922,0.16912439999999998,-0.2200383,9.7656588,-0.004006829503174103,0,-0.07620443239832328,0.0,0,1.0836532792156547e-05
1.938,0.16912439999999998,-0.32932170000000005,9.774684,-0.0048271179479613124,0,-0.05126802779920054,-3.0139577567134517e-05,0,1.059541617161947e-05
1.954,0.17510850000000003,-0.287433,9.856989900000002,-0.0036507604519417924,0,0.07352234350121993,0.0,0,1.0354299551082394e-05
1.969,0.0673947,-0.287433,9.8285409,-0.0032289610483537956,0,0.028119960239199555,0.0,0,1.0354299551082394e-05
1.985,0.0673947,-0.2724237,9.8285409,-0.0028278713618146156,0,0.025068105408698728,0.0,0,1.0354299551082394e-05
2.0,0.0673947,-0.2754648,9.7612443,-0.004075190780767457,0,-0.08315462793018996,0.0,0,1.0354299551082394e-05
2.016,0.1526436,-0.2889045,9.8495343,-0.003106972603049485,0,0.0605136361073732,0.0,0,1.0354299551082394e-05
2.032,0.1526436,-0.24397470000000002,9.740250900000001,-0.0048562977839701205,0,-0.10933282380753963,0.0,0,1.0354299551082394e-05
2.047,0.1946304,-0.24397470000000002,9.7656588,-0.005925321526637717,0,-0.0712682495111725,0.0,0,1.0354299551082394e-05
2.079,0.1721655,-0.2425032,9.7656588,-0.006979449970954121,0,-0.03294151388488761,-0.00015829010032701075,0,7.821657945850219e-06
2.094,0.1721655,-0.3039138,9.7806681,-0.007600140478595918,0,-0.04137936717612067,0.0,0,6.634482193397664e-06
2.11,0.16019730000000001,-0.30685680000000004,9.8136297,-0.0074049688678634595,0,0.012198225670778651,0.0,0,6.634482193397664e-06
2.125,0.08083440000000001,-0.30685680000000004,9.7701714,-0.00829771736766638,0,-0.05951656665352751,-5.448050236783394e-06,0,6.5936218166217885e-06
2.141,0.0868185,-0.36826739999999997,9.7701714,-0.00911572299829011,0,-0.051125351913983104,0.0,0,6.550037414727521e-06
2.157,0.0868185,-0.347274,9.7956774,-0.009310832447997797,0,-0.012194340606730403,0.0,0,6.550037414727521e-06
2.172,0.08534699999999999,-0.347274,9.8076456,-0.009209785087753275,0,0.006736490682968055,0.0,0,6.550037414727521e-06
2.188,0.1796211,-0.3532581,9.8076456,-0.009074956180052496,0,0.00842680673129869,-7.735057839531982e-05,0,5.931232787564962e-06
2.204,0.1796211,-0.3143124,9.833053500000002,-0.008356435309917032,0,0.044907554383466455,0.0,0,5.312428160402403e-06
2.219,0.1571562,-0.3143124,9.8105886,-0.00821239026454279,0,0.009603003024949635,0.0,0,5.312428160402403e-06
2.235,0.173637,-0.2889045,9.8105886,-0.008084125823607735,0,0.008016527558440949,0.0,0,5.312428160402403e-06
2.25,0.173637,-0.344331,9.7866522,-0.008498753654077262,0,-0.02764185536463492,-9.58116269113643e-05,0,4.593840958567165e-06
2.266,0.18266220000000002,-0.29783160000000003,9.8105886,-0.008353002954899935,0,0.00910941869858294,0.0,0,3.82734794327625e-06
2.282,0.08829,-0.29783160000000003,9.7956774,-0.008606079879255546,0,-0.01581730777222566,0.0,0,3.82734794327625e-06
2.297,0.0478728,-0.3847482,9.7956774,-0.008786018847446897,0,-0.011995931212756635,0.0,0,3.82734794327625e-06
2.313,0.0478728,-0.3053853,9.855518400000001,-0.007570897704281876,0,0.07594507144781375,-0.0001275944153205262,0,2.80659262071204e-06
2.329,0.1078119,-0.3053853,9.8524773,-0.006448005927206069,0,0.0701807360672379,0.0,0,1.7858372981478294e-06
2.344,0.1287072,-0.29783160000000003,9.8524773,-0.005352024705288727,0,0.073065414794491,0.0,0,1.7858372981478294e-06
2.36,0.1287072,-0.287433,9.8016615,-0.0055290775425387295,0,-0.011065802328125141,0.0,0,1.7858372981478294e-06
2.375,0.10928340000000002,-0.287433,9.806076000000001,-0.005599942804986213,0,-0.004724350829832208,0.0,0,1.7858372981478294e-06
2.391,0.20355750000000003,-0.2784078,9.806076000000001,-0.005638769366035135,0,-0.002426660065557582,-8.867204207336707e-05,0,1.0764609615608922e-06
2.407,0.20355750000000003,-0.2484873,9.842078700000002,-0.004818597783001977,0,0.051260723939572324,0.0,0,3.670846249739551e-07
2.438,0.0614106,-0.2679111,9.806076000000001,-0.004930426455652892,0,-0.0036073765371262886,0.0,0,3.670846249739551e-07
2.454,0.1032993,-0.3712104,9.806076000000001,-0.004948894573489682,0,-0.0011542573647993482,0.0,0,3.670846249739551e-07
2.469,0.1032993,-0.347274,9.7926363,-0.005315858298269305,0,-0.024464248318642065,0.0,0,3.670846249739551e-07
2.485,0.145188,-0.347274,9.8464932,-0.004348299500948727,0,0.060472424832536065,-5.677433212989032e-05,0,-8.711003206516786e-08
2.5,0.17510850000000003,-0.3262806,9.8464932,-0.003409979316209899,0,0.062554678982588,0.0,0,-5.129175230393488e-07
2.516,0.17510850000000003,-0.31284090000000003,9.8120601,-0.003344449762973767,0,0.004095597077258258,0.0,0,-5.129175230393488e-07
2.547,0.1302768,-0.31284090000000003,9.8285409,-0.0028957922129322355,0,0.014472824194888042,0.0,0,-5.129175230393488e-07
2.563,0.17069399999999998,-0.3098979,9.8285409,-0.0024452660792277925,0,0.028157883356527667,0.0,0,-5.129175230393488e-07
2.579,0.1466595,-0.3098979,9.800091900000002,-0.0027086415106563067,0,-0.01646096446428212,0.0,0,-5.129175230393488e-07
2.594,0.1466595,-0.33824879999999996,9.8151012,-0.002576919795256316,0,0.00878144769333289,0.0,0,-5.129175230393488e-07
2.61,0.1122264,-0.33824879999999996,9.800091900000002,-0.002825318117119835,0,-0.015524895116469914,0.0,0,-5.129175230393488e-07
2.625,0.1362609,-0.287433,9.800091900000002,-0.0030997717894294397,0,-0.01829691148730683,0.0,0,-5.129175230393488e-07
2.641,0.1362609,-0.3487455,9.8375661,-0.002405682634231354,0,0.0433805721998803,-2.1021756356705973e-05,0,-6.810915738929967e-07
2.657,0.1332198,-0.3487455,9.777627,-0.0031904089560157445,0,-0.04904539511152435,0.0,0,-8.492656247466446e-07
2.672,0.1526436,-0.3098979,9.777627,-0.003980966284489185,0,-0.052703821898228906,0.0,0,-8.492656247466446e-07
2.688,0.1526436,-0.34128990000000003,9.7552602,-0.005271895063682308,0,-0.08068304869957015,0.0,0,-8.492656247466446e-07
2.704,0.19610190000000002,-0.34128990000000003,9.821085300000002,-0.00490821228592786,0,0.022730173609652994,0.0,0,-8.492656247466446e-07
2.719,0.1032993,-0.3083283,9.821085300000002,-0.004614448732191079,0,0.019584236915785824,0.0,0,-8.492656247466446e-07
2.735,0.1122264,-0.2798793,9.776155500000002,-0.005441560895112829,0,-0.05169451018260935,0.0,0,-8.492656247466446e-07
2.75,0.1122264,-0.3173535,9.7791966,-0.006146466611106405,0,-0.04699371439957132,-1.381779391569117e-05,0,-9.528990791143293e-07
2.782,0.1302768,-0.3039138,9.866015100000002,-0.004722804761879473,0,0.04448943278834157,0.0,0,-1.1739837817653883e-06
2.797,0.1302768,-0.2724237,9.834525,-0.00412397880323212,0,0.039921730576489886,0.0,0,-1.1739837817653883e-06
2.813,0.10182780000000001,-0.2724237,9.776155500000002,-0.004970963265533257,0,-0.05293652889382101,0.0,0,-1.1739837817653883e-06
2.829,0.13469129999999999,-0.2858634,9.776155500000002,-0.00577824286439288,0,-0.05045497492872637,0.0,0,-1.1739837817653883e-06
2.844,0.13469129999999999,-0.2649681,9.8016615,-0.005958372404304413,0,-0.012008635994102472,-8.548127265646521e-07,0,-1.180394877214623e-06
2.86,0.17510850000000003,-0.2649681,9.818044200000001,-0.005719168617627446,0,0.014950236667310421,0.0,0,-1.1872333790271403e-06
2.875,0.1526436,-0.3173535,9.818044200000001,-0.0054570705496477245,0,0.017473204531981278,0.0,0,-1.1872333790271403e-06
2.891,0.16765290000000002,-0.36071369999999997,9.8375661,-0.004683150905293587,0,0.048369977772133546,0.0,0,-1.1872333790271403e-06
2.907,0.16765290000000002,-0.34580249999999996,9.7821396,-0.0052919864413034645,0,-0.0380522210006173,0.0,0,-1.1872333790271403e-06
2.922,0.11526750000000001,-0.34580249999999996,9.848062800000001,-0.004297660332891695,0,0.06628840722745075,0.0,0,-1.1872333790271403e-06
2.938,0.1122264,-0.3053853,9.848062800000001,-0.003361013991137085,0,0.05854039635966308,0.0,0,-1.1872333790271403e-06
2.954,0.1122264,-0.261927,9.845021700000002,-0.002551870345238072,0,0.05057147786868828,-1.9514625158586346e-05,0,-1.3433503802958313e-06
2.969,0.1257642,-0.261927,9.8225568,-0.0023061580306542595,0,0.016380820972254514,0.0,0,-1.4897100689852257e-06
2.985,0.1377324,-0.3023442,9.8225568,-0.002034224708033605,0,0.016995832663790886,0.0,0,-1.4897100689852257e-06
3.0,0.1377324,-0.2858634,9.747706500000001,-0.003605610924182656,0,-0.10475908107660253,0.0,0,-1.4897100689852257e-06
3.016,0.11978010000000001,-0.2858634,9.855518400000001,-0.002516206515954522,0,0.06808777551425832,0.0,0,-1.4897100689852257e-06
3.032,0.1466595,-0.3427614,9.803133,-0.002677059448032537,0,-0.010053308254875928,0.0,0,-1.4897100689852257e-06
3.063,0.1482291,-0.33824879999999996,9.803133,-0.0028372339959226167,0,-0.005166920899679963,0.0,0,-1.4897100689852257e-06
3.079,0.1482291,-0.32932170000000005,9.7791966,-0.003584328206434506,0,-0.046693388156993046,0.0,0,-1.4897100689852257e-06
3.094,0.15568469999999998,-0.3083283,9.8120601,-0.003526008511672174,0,0.003887979650822224,0.0,0,-1.4897100689852257e-06
3.11,0.15568469999999998,-0.2769363,9.845021700000002,-0.002688411202376173,0,0.05234983183100001,0.0,0,-1.4897100689852257e-06
3.125,0.1466595,-0.2769363,9.806076000000001,-0.0028240338162124345,0,-0.009041507589084025,-4.722601099661772e-06,0,-1.5251295772326893e-06
3.141,0.11978010000000001,-0.3023442,9.806076000000001,-0.0029469559769292886,0,-0.0076826350448033695,0.0,0,-1.5629103860299836e-06
3.157,0.11978010000000001,-0.2798793,9.856989900000002,-0.0018419302900642975,0,0.06906410542906188,0.0,0,-1.5629103860299836e-06
3.172,0.1392039,-0.2798793,9.7895952,-0.0024005773651953888,0,-0.03724313834207244,0.0,0,-1.5629103860299836e-06
3.188,0.142245,-0.2918475,9.7986204,-0.002716007855001479,0,-0.019714405612880608,0.0,0,-1.5629103860299836e-06
3.204,0.1392039,-0.3039138,9.7986204,-0.0030158678228584535,0,-0.0187412479910609,0.0,0,-1.5629103860299836e-06
3.219,0.1392039,-0.3143124,9.803133,-0.0031904221559901913,0,-0.011636955542116105,0.0,0,-1.5629103860299836e-06
3.235,0.08829,-0.3143124,9.7567317,-0.0045062283869743425,0,-0.08223788943650938,0.0,0,-1.5629103860299836e-06
3.25,0.1586277,-0.2918475,9.7567317,-0.005785256878981571,0,-0.0852685661338145,0.0,0,-1.5629103860299836e-06
3.266,0.1586277,-0.2934171,9.7567317,-0.007031942007225567,0,-0.07791782051524969,0.0,0,-1.5629103860299836e-06
3.282,0.1526436,-0.2934171,9.843550200000001,-0.006134227574888129,0,0.0561071520210898,-0.00010098157060596351,0,-2.3707629508776925e-06
3.297,0.11821050000000001,-0.290376,9.843550200000001,-0.005272155113644317,0,0.05747149741625369,0.0,0,-3.128124730422425e-06
3.329,0.11821050000000001,-0.315882,9.7956774,-0.005578903115610601,0,-0.00958587506144636,0.0,0,-3.128124730422425e-06
3.344,0.11526750000000001,-0.315882,9.8255979,-0.005149684369238017,0,0.028614583091506197,0.0,0,-3.128124730422425e-06
3.36,0.1272357,-0.2934171,9.7956774,-0.005473694288346209,0,-0.02025061994426201,-2.5597807835071873e-05,0,-3.332907193103e-06
3.375,0.145188,-0.34580249999999996,9.7956774,-0.005742055056845885,0,-0.01789071789997824,0.0,0,-3.5248907518660407e-06
3.391,0.145188,-0.31284090000000003,9.771642900000002,-0.006616723376493994,0,-0.05466676997800674,0.0,0,-3.5248907518660407e-06
3.407,0.09878670000000002,-0.31284090000000003,9.7986204,-0.006826560061591991,0,-0.013114792818624809,0.0,0,-3.5248907518660407e-06
3.422,0.15421320000000002,-0.315882,9.7986204,-0.007011458511767543,0,-0.012326563345036724,0.0,0,-3.5248907518660407e-06
3.438,0.15421320000000002,-0.3023442,9.7986204,-0.007202257151622149,0,-0.01192491499091285,-3.3627287502734776e-05,0,-3.7939090518879193e-06
3.454,0.11821050000000001,-0.3023442,9.7672284,-0.008165839275628528,0,-0.06022388275039864,0.0,0,-4.0629273519097976e-06
3.485,0.1497006,-0.3173535,9.8584614,-0.00686001186148566,0,0.042123464972351005,0.0,0,-4.0629273519097976e-06
3.5,0.1466595,-0.3173535,9.8151012,-0.006644046638538015,0,0.014397681529842879,0.0,0,-4.0629273519097976e-06
3.516,0.1107549,-0.3202965,9.7582032,-0.007829419829857187,0,-0.0740858244574482,-0.00010654092204334838,0,-4.915254728256585e-06
3.532,0.1362609,-0.2948886,9.7582032,-0.00899753494322475,0,-0.0730071945854726,0.0,0,-5.767582104603373e-06
3.547,0.1362609,-0.2994012,9.8136297,-0.008782707078298202,0,0.014321857661769737,0.0,0,-5.767582104603373e-06
3.563,0.1302768,-0.2994012,9.839037600000001,-0.00795573682283468,0,0.051685640966470055,-8.415926598490109e-06,0,-5.834909517391294e-06
3.579,0.15421320000000002,-0.31136939999999996,9.839037600000001,-0.007131446254128093,0,0.05151816054416165,0.0,0,-5.902236930179215e-06
3.594,0.15421320000000002,-0.2889045,9.871999200000001,-0.005540466780898257,0,0.1060652982153247,0.0,0,-5.902236930179215e-06
3.61,0.1406754,-0.2889045,9.8240283,-0.0051626202161703105,0,0.02361541029549661,0.0,0,-5.902236930179215e-06
3.625,0.15568469999999998,-0.318825,9.8240283,-0.004765912037850484,0,0.02644721188798823,0.0,0,-5.902236930179215e-06
3.641,0.15568469999999998,-0.3053853,9.7911648,-0.0051903467651222,0,-0.02652717045448225,0.0,0,-5.902236930179215e-06
3.657,0.1332198,-0.318825,9.7956774,-0.005492070680510608,0,-0.018857744711775464,-4.935083684743519e-05,0,-6.297043624958697e-06
3.672,0.142245,-0.318825,9.7656588,-0.0065150373140649975,0,-0.06819777557029208,0.0,0,-6.667174901314464e-06
3.688,0.08377740000000002,-0.290376,9.7656588,-0.007551177538728027,0,-0.06475876404143927,0.0,0,-6.667174901314464e-06
3.704,0.08377740000000002,-0.29783160000000003,9.833053500000002,-0.0069136178028710304,0,0.03984748349106223,0.0,0,-6.667174901314464e-06
3.735,0.1661814,-0.29783160000000003,9.8928945,-0.00480741205192281,0,0.06794212099833036,-4.932819111119237e-05,0,-7.431761863537939e-06
3.75,0.11673900000000001,-0.2679111,9.8928945,-0.0027906676427900123,0,0.13444962727551876,0.0,0,-7.801723296871885e-06
3.766,0.11673900000000001,-0.34580249999999996,9.854046900000002,-0.0017110732485807745,0,0.06747464963807731,0.0,0,-7.801723296871885e-06
3.782,0.1406754,-0.34580249999999996,9.827069400000001,-0.0013077051813503715,0,0.025210504201900165,0.0,0,-7.801723296871885e-06
3.797,0.1406754,-0.29783160000000003,9.7911648,-0.001827695346854341,0,-0.034666011033597684,0.0,0,-7.801723296871885e-06
3.813,0.113796,-0.3307932,9.806076000000001,-0.0019542685587339292,0,-0.007910825742474252,0.0,0,-7.801723296871885e-06
3.829,0.1032993,-0.3307932,9.8120601,-0.0019347241396001635,0,0.0012215261958603552,0.0,0,-7.801723296871885e-06
3.86,0.1661814,-0.29783160000000003,9.8120601,-0.0019203453317047092,0,0.0004638325127565954,0.0,0,-7.801723296871885e-06
3.875,0.1661814,-0.30685680000000004,9.818044200000001,-0.0017536770357864384,0,0.01111121972788463,0.0,0,-7.801723296871885e-06
3.891,0.18413369999999998,-0.30685680000000004,9.830012400000001,-0.0012915534390423034,0,0.028882724796508417,0.0,0,-7.801723296871885e-06
3.907,0.13469129999999999,-0.2769363,9.830012400000001,-0.0008819036225329313,0,0.02560311353183573,0.0,0,-7.801723296871885e-06
3.922,0.13469129999999999,-0.31136939999999996,9.8046045,-0.0010764630118345053,0,-0.01297062595343816,0.0,0,-7.801723296871885e-06
3.938,0.1466595,-0.31136939999999996,9.7895952,-0.001627946130360769,0,-0.03446769490789145,0.0,0,-7.801723296871885e-06
3.954,0.1257642,-0.30685680000000004,9.7895952,-0.002176538598254396,0,-0.03428702924335167,0.0,0,-7.801723296871885e-06
3.969,0.1257642,-0.3173535,9.800091900000002,-0.002447731687864163,0,-0.018079539307318183,0.0,0,-7.801723296871885e-06
4.0,0.11673900000000001,-0.33226469999999997,9.8524773,-0.0014261129328740907,0,0.032955443709357025,-4.190486452908086e-05,0,-8.451248697072641e-06
4.016,0.1511721,-0.2889045,9.8524773,-0.00045131843697632235,0,0.060924655993610466,0.0,0,-8.786487613305289e-06
4.032,0.1511721,-0.2963601,9.851005800000001,0.0004692287876704171,0,0.057534201540421166,0.0,0,-8.786487613305289e-06
4.047,0.09878670000000002,-0.2963601,9.8405091,0.001095233980056065,0,0.041733679492377426,0.0,0,-8.786487613305289e-06
4.063,0.1721655,-0.2499588,9.8405091,0.0016991979973539628,0,0.03774775108111857,0.0,0,-8.786487613305289e-06
4.079,0.1721655,-0.2738952,9.8136297,0.0016487226615069517,0,-0.0031547084904381935,0.0,0,-8.786487613305289e-06
4.094,0.1332198,-0.2738952,9.7986204,0.0012188023153232308,0,-0.02866135641224697,0.0,0,-8.786487613305289e-06
4.11,0.1257642,-0.31284090000000003,9.7986204,0.0008253903227242176,0,-0.0245882495374383,0.0,0,-8.786487613305289e-06
4.125,0.1257642,-0.30685680000000004,9.834525,0.0013121837932548175,0,0.03245289803537402,0.0,0,-8.786487613305289e-06
4.141,0.1571562,-0.3173535,9.8240283,0.0015503796800366842,0,0.014887242923866659,0.0,0,-8.786487613305289e-06
4.157,0.1272357,-0.3173535,9.830012400000001,0.0019180750457863383,0,0.022980960359353354,0.0,0,-8.786487613305289e-06
4.172,0.1661814,-0.3487455,9.830012400000001,0.0023168925849503808,0,0.026587835944270066,0.0,0,-8.786487613305289e-06
4.188,0.1661814,-0.3098979,9.842078700000002,0.0029683744615880414,0,0.04071761728985376,0.0,0,-8.786487613305289e-06
4.204,0.1257642,-0.3098979,9.800091900000002,0.0025658797169114678,0,-0.025155921542285832,0.0,0,-8.786487613305289e-06
4.219,0.1272357,-0.31136939999999996,9.800091900000002,0.0021748018666318814,0,-0.026071856685304772,0.0,0,-8.786487613305289e-06
4.235,0.1272357,-0.290376,9.777627,0.0012299140134608422,0,-0.05905549082318989,0.0,0,-8.786487613305289e-06
4.266,0.173637,-0.290376,9.8285409,0.0015665386254894997,0,0.010858858452537447,0.0,0,-8.786487613305289e-06
4.282,0.12272310000000002,-0.3023442,9.8285409,0.0018850383918387337,0,0.019906235396827104,0.0,0,-8.786487613305289e-06
4.297,0.1511721,-0.318825,9.7911648,0.0013071040990180194,0,-0.03852895285471511,0.0,0,-8.786487613305289e-06
4.313,0.113796,-0.318825,9.7806681,0.0004750744172241639,0,-0.05200185511211592,0.0,0,-8.786487613305289e-06
4.329,0.13469129999999999,-0.3098979,9.7806681,-0.00033718579362940204,0,-0.05076626317834783,0.0,0,-8.786487613305289e-06
4.344,0.13469129999999999,-0.3143124,9.783611100000002,-0.0010544643658327857,0,-0.04781857148022377,0.0,0,-8.786487613305289e-06
4.36,0.1406754,-0.3143124,9.821085300000002,-0.0008387542153123206,0,0.013481884407529053,0.0,0,-8.786487613305289e-06
4.375,0.1272357,-0.34580249999999996,9.821085300000002,-0.0006069784507580778,0,0.015451717636949854,0.0,0,-8.786487613305289e-06
4.391,0.1272357,-0.2769363,9.8105886,-0.000689970325181477,0,-0.005186992151462451,0.0,0,-8.786487613305289e-06
4.407,0.1078119,-0.2769363,9.827069400000001,-0.0003748237947860389,0,0.019696658149714868,0.0,0,-8.786487613305289e-06
4.422,0.09878670000000002,-0.2724237,9.827069400000001,-7.275169449272312e-05,0,0.020138140019554815,0.0,0,-8.786487613305289e-06
4.438,0.15568469999999998,-0.2889045,9.8046045,-0.00029623187233340786,0,-0.013967511115042784,0.0,0,-8.786487613305289e-06
4.454,0.15568469999999998,-0.3248091,9.7971489,-0.0006685917896920301,0,-0.023272494834913872,0.0,0,-8.786487613305289e-06
4.469,0.1526436,-0.3248091,9.8091171,-0.0007413242356850702,0,-0.004848829732869154,0.0,0,-8.786487613305289e-06
4.485,0.12272310000000002,-0.31284090000000003,9.8091171,-0.000832001400210558,0,-0.005667322782842982,0.0,0,-8.786487613305289e-06
4.516,0.12272310000000002,-0.2738952,9.8120601,-0.0008771142027708123,0,-0.0014552516954920885,0.0,0,-8.786487613305289e-06
4.532,0.1362609,-0.2738952,9.845021700000002,-0.00011321885507520335,0,0.04774345923097552,0.0,0,-8.786487613305289e-06
4.547,0.1482291,-0.3008727,9.845021700000002,0.0006554572395796043,0,0.05124507297698827,0.0,0,-8.786487613305289e-06
4.563,0.1482291,-0.287433,9.7612443,-0.0006466436195893266,0,-0.08138130369805811,0.0,0,-8.786487613305289e-06
4.579,0.15568469999999998,-0.287433,9.8046045,-0.0008571807013808552,0,-0.013158567611970528,0.0,0,-8.786487613305289e-06
4.594,0.11526750000000001,-0.315882,9.8046045,-0.001054859844058953,0,-0.013178609511872682,0.0,0,-8.786487613305289e-06
4.61,0.11526750000000001,-0.30685680000000004,9.839037600000001,-0.00041533982143349135,0,0.039970001414091315,0.0,0,-8.786487613305289e-06
4.625,0.11821050000000001,-0.290376,9.821085300000002,-0.00024039848356594007,0,0.011662755857837001,0.0,0,-8.786487613305289e-06
4.641,0.1392039,-0.2948886,9.8255979,5.026331135837836e-05,0,0.018166362182769884,0.0,0,-8.786487613305289e-06
4.657,0.1392039,-0.3039138,9.8016615,-0.00024293662513308334,0,-0.01832499603071634,0.0,0,-8.786487613305289e-06
4.688,0.113796,-0.3039138,9.845021700000002,0.0005200105128437826,0,0.024611197999253983,0.0,0,-8.786487613305289e-06
4.704,0.113796,-0.3023442,9.845021700000002,0.0012631710866504164,0,0.04644753586291457,0.0,0,-8.786487613305289e-06
4.719,0.113796,-0.3338343,9.806076000000001,0.0010637228990972858,0,-0.013296545836874873,0.0,0,-8.786487613305289e-06
4.735,0.1661814,-0.3338343,9.818044200000001,0.0011790635213930756,0,0.0072087888934868555,0.0,0,-8.786487613305289e-06
4.75,0.16912439999999998,-0.3008727,9.818044200000001,0.0012668470469829884,0,0.0058522350393276495,0.0,0,-8.786487613305289e-06
4.766,0.16912439999999998,-0.31284090000000003,9.8046045,0.0010340246480335935,0,-0.014551399934337171,0.0,0,-8.786487613305289e-06
4.782,0.113796,-0.3039138,9.833053500000002,0.0014740777213635425,0,0.02750331708312179,0.0,0,-8.786487613305289e-06
4.797,0.142245,-0.3039138,9.7971489,0.001037215957980564,0,-0.029124117558865858,0.0,0,-8.786487613305289e-06
4.829,0.1302768,-0.315882,9.8584614,0.0021107036069771823,0,0.033546489031144294,0.0,0,-8.786487613305289e-06
4.844,0.1466595,-0.315882,9.830012400000001,0.0024701732870582305,0,0.023964645338735636,0.0,0,-8.786487613305289e-06
4.86,0.1586277,-0.2829204,9.830012400000001,0.0028009335859113804,0,0.020672518678321854,0.0,0,-8.786487613305289e-06
4.875,0.1586277,-0.3173535,9.7986204,0.0023840948562607878,0,-0.027789248643373437,2.6488496671183206e-05,0,-8.58782388827142e-06
4.891,0.1526436,-0.3173535,9.830012400000001,0.002740272304865954,0,0.02226109053782286,0.0,0,-8.375915914901953e-06
4.907,0.0973152,-0.347274,9.830012400000001,0.003095270850131726,0,0.022187409079110744,0.0,0,-8.375915914901953e-06
4.922,0.0973152,-0.3262806,9.7986204,0.0026588815152894796,0,-0.029092622322817053,0.0,0,-8.375915914901953e-06
4.938,0.1212516,-0.290376,9.8091171,0.0024679882319880164,0,-0.011930830206341437,0.0,0,-8.375915914901953e-06
4.954,0.1062423,-0.290376,9.777627,0.0015098392441146302,0,-0.05988431174208658,0.0,0,-8.375915914901953e-06
4.969,0.1212516,-0.2963601,9.777627,0.0005836932243070692,0,-0.061743067987168394,0.0,0,-8.375915914901953e-06
4.985,0.1212516,-0.2918475,9.7941078,7.858853275699573e-05,0,-0.03156904322187956,0.0,0,-8.375915914901953e-06
5.0,0.1032993,-0.2918475,9.800091900000002,-0.00027333258336348365,0,-0.023461407741365792,0.0,0,-8.375915914901953e-06
5.016,0.12272310000000002,-0.290376,9.800091900000002,-0.0006122754783426387,0,-0.021183930936197175,0.0,0,-8.375915914901953e-06
5.032,0.12272310000000002,-0.3173535,9.8285409,-0.00022909969681350617,0,0.023948486345570764,0.0,0,-8.375915914901953e-06
5.047,0.1122264,-0.3173535,9.8105886,-0.00029593181042919525,0,-0.004455474241046034,0.0,0,-8.375915914901953e-06
5.063,0.1002582,-0.3039138,9.8105886,-0.0003746665454009701,0,-0.004920920935735924,0.0,0,-8.375915914901953e-06
5.079,0.15421320000000002,-0.2843919,9.7791966,-0.001213932809635665,0,-0.05245414151466838,0.0,0,-8.375915914901953e-06
5.11,0.15421320000000002,-0.318825,9.8464932,-0.0003665302959401373,0,0.027335564957919733,0.0,0,-8.375915914901953e-06
5.125,0.15568469999999998,-0.318825,9.834525,0.0001690505226790151,0,0.03570538790794425,0.0,0,-8.375915914901953e-06
5.141,0.1317483,-0.3083283,9.834525,0.0006748839355754654,0,0.03161458830602812,0.0,0,-8.375915914901953e-06
5.157,0.1317483,-0.3307932,9.8151012,0.0007127326716993565,0,0.002365546007743189,0.0,0,-8.375915914901953e-06
5.172,0.145188,-0.3307932,9.7941078,0.00024259270323412352,0,-0.03134266456434953,0.0,0,-8.375915914901953e-06
5.188,0.1406754,-0.2963601,9.818044200000001,0.0003389304366461232,0,0.006021108338249976,0.0,0,-8.375915914901953e-06
5.204,0.1062423,-0.2963601,9.7806681,-0.0004887785825093971,0,-0.05173181369721997,0.0,0,-8.375915914901953e-06
5.219,0.1122264,-0.2724237,9.7806681,-0.0013116376011641506,0,-0.054857267910314825,0.0,0,-8.375915914901953e-06
5.235,0.17667810000000003,-0.36071369999999997,9.860031000000001,-8.750755271158539e-05,0,0.07650812802828526,0.0,0,-8.375915914901953e-06
5.25,0.17667810000000003,-0.2994012,9.8240283,0.00017917626570707057,0,0.017778921227910777,0.0,0,-8.375915914901953e-06
5.266,0.12272310000000002,-0.2994012,9.8136297,0.0001658274128519821,0,-0.0008343033034430284,0.0,0,-8.375915914901953e-06
5.282,0.17069399999999998,-0.3098979,9.8136297,0.00017822785152610265,0,0.0007750274171325338,0.0,0,-8.375915914901953e-06
5.313,0.17069399999999998,-0.2994012,9.818044200000001,0.0002899876258339873,0,0.003605154009931798,0.0,0,-8.375915914901953e-06
5.329,0.1107549,-0.2994012,9.8151012,0.00030633677860514297,0,0.0010218220481972287,0.0,0,-8.375915914901953e-06
5.344,0.1377324,-0.3143124,9.8151012,0.00034197527777202197,0,0.00237589994445851,0.0,0,-8.375915914901953e-06
5.36,0.1377324,-0.2994012,9.8644455,0.0015682260147045213,0,0.07664067105828114,0.0,0,-8.375915914901953e-06
5.375,0.1122264,-0.2994012,9.9258561,0.0042537288347226365,0,0.17903352133454484,0.0,0,-8.375915914901953e-06
5.391,0.1257642,-0.3307932,9.9258561,0.00690197964317818,0,0.16551567552847132,0.0,0,-8.375915914901953e-06
5.407,0.09584369999999999,-0.2709522,10.2132891,0.016440985167594846,0,0.5961878452760411,4.96955932440743e-05,0,-7.978351168949358e-06
5.422,0.09584369999999999,-0.3023442,10.380942000000001,0.029855968295555257,0,0.8943322085307132,0.0,0,-7.6056342196188095e-06
5.438,0.1062423,-0.3023442,10.5470253,0.046995137911480356,1,1.0711981009953178,0.001011731593873977,0,4.882185313730132e-07
5.454,0.11978010000000001,-0.2948886,10.5470253,0.06371466920095692,1,1.0449707055922843,0.0018974100507734761,0,2.3761351688552658e-05
5.469,0.11978010000000001,-0.3008727,10.5455538,0.07999465398314776,1,1.0853323188126813,0.0029752299746543002,0,6.030615187926237e-05
5.485,0.1571562,-0.3008727,10.3001076,0.08990620992379661,1,0.6194722462905528,0.004334436885909856,0,0.00011878348676377568
5.5,0.1646118,-0.3098979,10.3001076,0.09958538216272395,1,0.6452781492618361,0.0057556238265587326,0,0.0001944589421072885
5.516,0.1646118,-0.35178660000000006,10.0994931,0.10417177968677471,1,0.28664984525317266,0.007385681121354723,0,0.00029958938169059624
5.532,0.15421320000000002,-0.35178660000000006,9.874942200000001,0.10316950882256748,1,-0.06264192901295201,0.009044411429429465,0,0.00043103012209686983
5.547,0.1406754,-0.3248091,9.874942200000001,0.10216423117724993,1,-0.06701850968783798,0.010584414479428064,0,0.0005782463164132982
5.563,0.0928026,-0.29783160000000003,9.8240283,0.09990776481157937,1,-0.14102914785440998,0.012200990447338701,0,0.0007605295558274324
5.594,0.1257642,-0.2529999,10.0710441,0.10370697896017234,1,0.12255529511589984,0.015357018975800909,0,0.0011876787018861043
5.61,0.052385400000000006,-0.23347800000000002,10.0710441,0.10738620910811925,1,0.2299518842466817,0.017045764480347243,0,0.0014469009695352898
5.625,0.052385400000000006,-0.2814489,10.220744700000001,0.1146553843856708,1,0.48461168517011394,0.018711076431550632,0,0.001715077276374518
5.641,0.10182780000000001,-0.2814489,10.2192732,0.12172048166515914,1,0.44156857996802096,0.020602083359957276,0,0.0020295825547065817
5.657,0.11673900000000001,-0.2679111,10.2192732,0.1286082757504161,1,0.4304871303285603,0.02260471341928188,0,0.002375236928940495
5.672,0.11673900000000001,-0.3248091,10.178856000000001,0.13438307888676704,1,0.38498687575673657,0.024577148579060713,0,0.002729100893928057
5.688,0.17069399999999998,-0.3248091,10.145894400000001,0.13923218429085615,1,0.30306908775556946,0.0267660706844817,0,0.0031398466480363966
5.704,0.1930608,-0.38621970000000005,10.145894400000001,0.14402523358114294,1,0.299565580642924,0.029032130027457696,0,0.003586232253731912
5.719,0.18413369999999998,-0.3907323,10.1683593,0.14924897554087302,1,0.34824946398199197,0.031231686595872894,0,0.004038210878406908
5.735,0.18413369999999998,-0.34580249999999996,10.1997513,0.15507074603116244,1,0.36386065564308867,0.03366624436844918,0,0.004557394326121485
5.75,0.1796211,-0.34580249999999996,10.238697000000002,0.16169776626217036,1,0.44180134873387067,0.036042008210649124,0,0.005080206220464711
5.766,0.1482291,-0.2664396,10.238697000000002,0.16809306047776396,1,0.3997058884745993,0.038680334824568605,0,0.005677984964746453
5.782,0.1482291,-0.24397470000000002,10.283626800000002,0.17541414509386755,1,0.457567788506474,0.04142839246914166,0,0.006318854783096136
5.797,0.09427410000000001,-0.24397470000000002,10.3210029,0.18345247438155177,1,0.5358886191789595,0.04411989211520725,0,0.006960466917478739
5.813,0.1078119,-0.2529999,10.3210029,0.1913032762977629,1,0.4906751197631949,0.047117938120641766,0,0.007690369559365532
5.829,0.1078119,-0.24544620000000003,10.3898691,0.2006372488360082,1,0.583373283640331,0.050253462321711934,0,0.008469340762904362
5.86,0.1406754,-0.24544620000000003,10.3659327,0.20916954734489046,1,0.27523543577039045,0.05660546766251598,0,0.010125654177659926
5.875,0.1317483,-0.261927,10.3659327,0.21750071469272925,1,0.5554111565225975,0.05980549462779806,0,0.010998736394837262
5.891,0.16765290000000002,-0.315882,10.4362704,0.22739252265261456,1,0.6182379974928315,0.06336464052656081,0,0.011984097476072134
5.907,0.1392039,-0.3307932,10.409391,0.2363889263505108,1,0.5622752311185137,0.0670748921185858,0,0.013027613737233308
5.922,0.1466595,-0.31284090000000003,10.409391,0.24515487186562268,1,0.5843963676741388,0.07068647060520673,0,0.01406082395766173
5.938,0.1466595,-0.33981839999999996,10.485712800000002,0.2555879695570802,1,0.6520686057160935,0.07469241333658835,0,0.015223855029196091
5.969,0.1287072,-0.33981839999999996,10.385356500000002,0.2633146235853374,1,0.24924690413732528,0.08273540353029597,0,0.017663986190632846
5.985,0.16166880000000003,-0.2889045,10.385356500000002,0.2708264875745119,1,0.46949149932340406,0.08700853241957478,0,0.019021937678231814
6.0,0.16166880000000003,-0.2769363,10.3764294,0.2779295567352058,1,0.4735379440462714,0.09112420275189757,0,0.020357933192017827
6.016,0.1377324,-0.2769363,10.4108625,0.28569042159757885,1,0.4850540538983146,0.09563316257855986,0,0.02185199211466149
6.032,0.1062423,-0.2889045,10.497681000000002,0.29537753782179976,1,0.6054447640138066,0.10028170625391489,0,0.023419311065321288
6.047,0.0973152,-0.2798793,10.497681000000002,0.304820311810861,1,0.6295182659374292,0.10478319012615975,0,0.024957297788171816
6.063,0.0973152,-0.23053500000000002,10.5949962,0.3163763992947306,1,0.7222554677418496,0.10975276381500448,0,0.02667358541970113
6.079,0.09584369999999999,-0.23053500000000002,10.632372300000002,0.3285616640065463,1,0.76157904448848,0.1149122683214147,0,0.028470905676792488
6.094,0.1661814,-0.2889045,10.632372300000002,0.340505620618492,1,0.7962637741296827,0.11993027295610267,0,0.030232224736373936
6.11,0.1661814,-0.3218661,10.6802451,0.35334829508962606,1,0.802667154445879,0.12548110428176762,0,0.0321955157542769
6.125,0.11526750000000001,-0.3218661,10.654837200000001,0.36524199345765496,1,0.7929132245352765,0.1308705314458721,0,0.03411815302223416
6.141,0.1437165,-0.33530580000000004,10.654837200000001,0.37686413336113134,1,0.7263837439672731,0.1368073804604224,0,0.03625957631748451
6.157,0.1437165,-0.3143124,10.572531300000001,0.38618080840585556,1,0.5822921902952632,0.1429117399945583,0,0.03849732928112436
6.188,0.1332198,-0.3053853,10.4812002,0.3930340454209684,1,0.22107216177783662,0.15498957022887397,0,0.04311479958958751
6.204,0.10182780000000001,-0.3023442,10.4812002,0.39970939993347265,1,0.41720965703151386,0.1613315177917095,0,0.04564536829375218
6.219,0.10182780000000001,-0.290376,10.548594900000001,0.40785676055862297,1,0.5431573750100003,0.16738826399540047,0,0.0481107666571556
6.235,0.10182780000000001,-0.290376,10.5785154,0.41653486394228345,1,0.5423814614787799,0.17398339699140772,0,0.05084173994505007
6.25,0.09427410000000001,-0.290376,10.5785154,0.4249995993180562,1,0.5643156917181952,0.18029490546586013,0,0.053498827213479525
6.266,0.09427410000000001,-0.2724237,10.5919551,0.43357391081648267,1,0.5358944686516538,0.18716349354693645,0,0.0564384944055819
6.282,0.09133110000000001,-0.2724237,10.575474300000002,0.4415366413999404,1,0.4976706614661093,0.19416437796466784,0,0.05948911737767474
6.297,0.1377324,-0.2784078,10.575474300000002,0.44932121033812145,1,0.5189712625454127,0.20084581185270317,0,0.06245169380130496
6.313,0.1377324,-0.3262806,10.587442500000002,0.45724102071748796,1,0.4949881487104064,0.20809830970114807,1,0.06572324677373577
6.329,0.1257642,-0.3262806,10.542610800000002,0.4638711768864443,1,0.4143847605597713,0.21546720728197952,1,0.06911177090960079
6.344,0.1721655,-0.3008727,10.635413400000001,0.4725994482804925,1,0.5818847596031907,0.2224907369707318,1,0.07239645549149624
6.36,0.1856052,-0.3367773,10.635413400000001,0.48114658179977887,1,0.5341958449553981,0.23012070521137398,1,0.07601734702895309
6.375,0.1856052,-0.3503151,10.5230889,0.48675820700674066,1,0.374108347130794,0.23737999112742272,1,0.07952360225149399
6.391,0.11978010000000001,-0.3503151,10.5770439,0.49352484875797487,1,0.42291510945213734,0.24522225557354047,1,0.0833844202251017
6.407,0.1257642,-0.3248091,10.5770439,0.5001083010944924,1,0.41146577103234844,0.2531713207723602,1,0.08737156883586891
6.422,0.1257642,-0.2858634,10.530642600000002,0.5053725295815799,1,0.35094856580583467,0.2607124270024306,1,0.09122569694417976
6.438,0.1257642,-0.2858634,10.4273433,0.5079899853418599,1,0.1635909850175031,0.2688193271218181,1,0.09546195097717375
6.469,0.12272310000000002,-0.287433,10.4273433,0.5105437692552055,1,0.0823801262369532,0.28460660031807294,1,0.10404005285249222
6.485,0.12272310000000002,-0.2934171,10.4902254,0.5145723301319638,1,0.251785054797393,0.2928075291131703,1,0.10865936588794217
6.5,0.1646118,-0.3053853,10.599410700000002,0.5211865616990217,1,0.4409487711372008,0.30057572080190254,1,0.11310974026230512
6.516,0.1946304,-0.3053853,10.5051366,0.5253538556085147,1,0.2604558693433121,0.3089480441403628,1,0.11798593038184325
6.532,0.12272310000000002,-0.3547296,10.5051366,0.5294308230739553,1,0.25481046659003836,0.3173863215698226,1,0.12299660530752474
6.547,0.12272310000000002,-0.347274,10.5680187,0.534935053818387,1,0.366948716295457,0.325369065646515,1,0.12781727071164717
6.563,0.08083440000000001,-0.347274,10.585971,0.5407328136278817,1,0.36235998809341885,0.3339744085860852,1,0.13309201850550798
6.579,0.1062423,-0.2858634,10.585971,0.5463498680907151,1,0.35106590392708326,0.34267107003983394,1,0.13850518233451534
6.594,0.1062423,-0.2994012,10.5125922,0.5500501290586399,1,0.2466840645283148,0.3508940700184544,1,0.14370692088495268
6.61,0.13469129999999999,-0.2994012,10.5021936,0.5534145866737852,1,0.21027860094657827,0.3597217877443138,1,0.14939184774705483
6.625,0.1257642,-0.29783160000000003,10.5021936,0.5566931977281158,1,0.21857407028871015,0.36804759612732785,1,0.15485011812609203
6.641,0.1257642,-0.29783160000000003,10.557522,0.5612406802268719,1,0.2842176561722584,0.37699106715096775,1,0.1608104274323184
6.657,0.1466595,-0.2963601,10.515633300000001,0.5646616383294987,1,0.21380988141417293,0.38599828569941874,1,0.1669143422551215
6.672,0.1287072,-0.3008727,10.503665100000001,0.5677047863031373,1,0.20287653157590982,0.39449103388416334,1,0.17276801215199825
6.688,0.1287072,-0.30685680000000004,10.5125922,0.5708955564847571,1,0.19942313635123982,0.4035998366264665,1,0.1791527391160833
6.704,0.1661814,-0.30685680000000004,10.572531300000001,0.5754824446698841,1,0.286680511570436,0.4127708606357036,1,0.18568370469418066
6.735,0.1062423,-0.3487455,10.572531300000001,0.5799702924043739,1,0.1447692817577343,0.430680378060355,1,0.1987571988939698
6.75,0.1062423,-0.258984,10.630900800000001,0.5857089377449434,1,0.38257635603797135,0.43942297228647464,1,0.2052829740215709
6.766,0.10182780000000001,-0.258984,10.539569700000001,0.5890797444236142,1,0.21067541741692766,0.44882128174382313,1,0.2123889280538133
6.782,0.0703377,-0.290376,10.539569700000001,0.5923820124855848,1,0.20639175387315836,0.4582729757990967,1,0.21964568211415667
6.797,0.0703377,-0.31284090000000003,10.4467671,0.5933569885197443,1,0.06499840227730304,0.4671660183066365,1,0.22658647456994951
6.813,0.1482291,-0.2544714,10.428814800000001,0.5938517240651322,1,0.03092097158674531,0.4766636880073155,1,0.23413711222046113
6.829,0.1511721,-0.2544714,10.5141618,0.5964162259005352,1,0.1602813647126887,0.4861858316070409,1,0.24183990837737598
6.844,0.13469129999999999,-0.2814489,10.5141618,0.5989294789521225,1,0.16755020343914215,0.49515092439343616,1,0.24919993404737983
6.86,0.13469129999999999,-0.315882,10.5335856,0.6018787770230745,1,0.18433112943450053,0.5047573904412372,1,0.2571992005660572
6.875,0.1466595,-0.315882,10.437840000000001,0.6024260657840479,1,0.03648591739822945,0.5137896767622901,1,0.26483830357008353
6.891,0.15421320000000002,-0.3008727,10.437840000000001,0.6029518502284752,1,0.03286152777670634,0.5234327000903903,1,0.27313608258490496
6.907,0.15421320000000002,-0.3248091,10.4572638,0.6039557697722948,1,0.06274497148872621,0.5330879610503965,1,0.28158824787403125
6.922,0.18109260000000002,-0.3248091,10.3988943,0.6035229657384242,1,-0.028853602258039405,0.5421440515667266,1,0.2896524879686595
6.938,0.1317483,-0.2889045,10.3988943,0.6030567974726253,1,-0.02913551661243294,0.551796689672415,1,0.29840401389857263
6.954,0.15421320000000002,-0.3008727,10.4153751,0.6030195616545004,1,-0.0023272386328043715,0.5614453005454321,1,0.3073099498203154
6.985,0.11821050000000001,-0.33226469999999997,10.3449393,0.6012780596337901,1,-0.05617748453904179,0.5801119136754009,1,0.32500408664073865
7.0,0.0703377,-0.31284090000000003,10.3449393,0.599553634614642,1,-0.11496166794321291,0.589118151382264,1,0.33377331212867095
7.016,0.0703377,-0.2634966,10.2865698,0.5964146082829078,1,-0.19618914573338292,0.5986858973254444,1,0.34327574451833265
7.032,0.028449,-0.2634966,10.267146,0.5928736456712755,1,-0.22131016322701738,0.6082002033570779,1,0.3529308333237928
7.047,0.1287072,-0.30685680000000004,10.267146,0.5894671168734877,1,-0.22710191985252484,0.6170677590761634,1,0.36212034304204194
7.063,0.1287072,-0.2994012,10.307563200000002,0.5871235992006199,1,-0.14646985455424297,0.6264804848047563,1,0.3720687289930893
7.079,0.17667810000000003,-0.2994012,10.3434678,0.5857297895683597,1,-0.08711310201625624,0.6358633119149081,1,0.38216747936684664
7.094,0.16765290000000002,-0.32333760000000006,10.3434678,0.5843838776524812,1,-0.08972746105856441,0.6446391644190648,1,0.3917712479393518
7.11,0.1526436,-0.33226469999999997,10.249193700000001,0.5807741046894463,1,-0.22561081018968013,0.6539604282778002,1,0.40216004468092675
7.125,0.1526436,-0.3143124,10.2013209,0.5760716238692662,1,-0.3134987213453466,0.6626367712419904,1,0.41203452367732496
7.141,0.1332198,-0.3143124,10.241738100000001,0.5724624397664471,1,-0.22557400642619888,0.6718250437510761,1,0.4227102181972695
7.157,0.049442400000000004,-0.2784078,10.241738100000001,0.568897742934217,1,-0.22279355201437737,0.6809559252126814,1,0.4335324659489796
7.172,0.049442400000000004,-0.2918475,10.1353977,0.5628365377473479,1,-0.404080345791285,0.689443932317793,1,0.44381046488045794
7.188,0.09133110000000001,-0.2918475,10.154919600000001,0.5574061866220426,1,-0.3393969453315823,0.6984058741127481,1,0.4549132633319023
7.219,0.1646118,-0.3622833,10.154919600000001,0.5521860903247511,1,-0.16839020313843156,0.7156045544054237,1,0.47683042497393435
7.235,0.1646118,-0.3053853,10.1683593,0.5473753296367416,1,-0.3006725430005905,0.7244010457651157,1,0.48835046977529867
7.25,0.16019730000000001,-0.3053853,10.145894400000001,0.5421325770401193,1,-0.34951683977482906,0.7325723550651919,1,0.49927777028152576
7.266,0.1631403,-0.2889045,10.145894400000001,0.5370070735442578,1,-0.3203439684913431,0.741205472269867,1,0.5110679929002062
7.282,0.0823059,-0.2994012,10.121958000000001,0.5314066245105078,1,-0.3500280646093753,0.7497527818543052,1,0.5229956589331995
7.297,0.0823059,-0.2948886,10.0157157,0.5233494637121687,1,-0.537144053222616,0.7576634525159751,1,0.5343012806909764
7.313,0.1362609,-0.2948886,10.1189169,0.5180189637946437,1,-0.33315624484531153,0.7659943999360296,1,0.5464905435105925
7.329,0.1302768,-0.31136939999999996,10.1189169,0.5128285901061052,1,-0.3243983555336613,0.7742411803672355,1,0.5588124281530186
7.344,0.1302768,-0.33530580000000004,10.056132900000001,0.5062531105742671,1,-0.4383653021225176,0.7818842931223386,1,0.5704833692041908
7.36,0.11673900000000001,-0.33530580000000004,9.975298500000001,0.4978636226906641,1,-0.5243429927251904,0.7899172269884581,1,0.5830577813650772
7.375,0.15421320000000002,-0.33530580000000004,9.975298500000001,0.48969116153563697,1,-0.5448307436684864,0.7973238878701552,1,0.5949620897265165
7.391,0.15421320000000002,-0.2843919,10.0141461,0.4826264861103766,1,-0.4415422140787713,0.8051024290513233,1,0.6077815002618884
7.407,0.1661814,-0.35178660000000006,9.9707859,0.47473420090434004,1,-0.49326782537728553,0.812761314547441,1,0.6207244102106785
7.438,0.1377324,-0.318825,9.97677,0.4671426909534375,1,-0.24488741777105144,0.8273604063712364,1,0.6461462968849178
7.454,0.1377324,-0.258984,9.9392958,0.4587804882579114,1,-0.5226376684703822,0.8347677918049272,1,0.6594433224703271
7.469,0.1392039,-0.258984,9.934881299999999,0.4505151178778011,1,-0.5510246920073342,0.8415875088509454,1,0.6720159872252466
7.485,0.145188,-0.2843919,9.934881299999999,0.4424703688160623,1,-0.5027968163586745,0.8487313927444963,1,0.6855385384380102
7.5,0.145188,-0.258984,9.943808400000002,0.43482253137682747,1,-0.5098558292823313,0.8553110894959428,1,0.6983188570548132
7.516,0.142245,-0.258984,9.886910400000001,0.42597304926818147,1,-0.5530926317903746,0.8621974541411029,1,0.7120589254039096
7.532,0.1062423,-0.287433,9.886910400000001,0.41734754378615513,1,-0.5390940926266459,0.8689440188855376,1,0.7259080571881227
7.547,0.1062423,-0.344331,9.8405091,0.40784574473021706,1,-0.6334532703958845,0.8751329685494103,1,0.7389886345938845
7.563,0.12272310000000002,-0.344331,9.900448200000001,0.40004129788466436,1,-0.48777792784704355,0.8815960648903293,1,0.7530424668614024
7.579,0.16765290000000002,-0.34580249999999996,9.900448200000001,0.39244451228555377,1,-0.4747990999444114,0.887935951371691,1,0.7671987229914986
7.594,0.10477080000000001,-0.3173535,9.907903800000001,0.3851704440842756,1,-0.48493788008519384,0.8937680635444649,1,0.7805615031033702
7.61,0.10477080000000001,-0.3262806,9.874942200000001,0.37727740082821803,1,-0.4933152035035966,0.8998676463037649,1,0.7949105887821561
7.625,0.1078119,-0.3262806,9.788123700000002,0.36746143659772557,1,-0.6543976153661786,0.9054531875844594,1,0.8084504950363175
7.641,0.142245,-0.3039138,9.788123700000002,0.3578780561756201,1,-0.5989612763815927,0.9112559035266461,1,0.8229841677652063
7.657,0.142245,-0.3053853,9.7941078,0.3486754004828754,1,-0.5751659807965431,0.9169083311799141,1,0.8376094816428589
7.688,0.1497006,-0.29783160000000003,9.687865500000001,0.3371044785389259,1,-0.3732555465790193,0.9275379193047519,1,0.866198398525371
7.704,0.1497006,-0.3098979,9.6594165,0.32513156010072386,1,-0.7483074023876262,0.9328358076138691,1,0.8810813883407199
7.719,0.1586277,-0.3098979,9.834525,0.317722353978553,1,-0.4939470748113737,0.9376572119694638,1,0.8951100859875954
7.735,0.1497006,-0.318825,9.717786,0.30765195824846714,1,-0.6293997331303641,0.94266020646728,1,0.9101526253350894
7.75,0.16912439999999998,-0.344331,9.717786,0.29785615906321183,1,-0.6530532790170342,0.9472015173471174,1,0.9243265882636972
7.766,0.16912439999999998,-0.2934171,9.7417224,0.28884202349957455,1,-0.5633834727273296,0.9518951028076197,1,0.9395193612249351
7.782,0.0973152,-0.2934171,9.7986204,0.2814108687997052,1,-0.4644471687418324,0.956457125946014,1,0.9547861790549641
7.797,0.1212516,-0.2738952,9.7986204,0.27415369283952096,1,-0.48381173067896166,0.960623860158308,1,0.9691642864507463
7.813,0.1212516,-0.3503151,9.7222986,0.2652726888064638,1,-0.5550627520660707,0.9649392712114759,1,0.9845687915017045
7.829,0.1406754,-0.3503151,9.6549039,0.25497214473776,1,-0.6437840042939896,0.9691012298798297,1,1.000041115510435
7.844,0.16166880000000003,-0.3083283,9.6549039,0.24489593944412924,1,-0.6717470195753569,0.9728502405111941,1,1.0146057515383682
7.875,0.16166880000000003,-0.2814489,9.5905503,0.23347677578500559,1,-0.3683601180362506,0.9802650175972456,1,1.0448790380390487
7.891,0.1317483,-0.2814489,9.60399,0.22265259687875805,1,-0.6765111816404706,0.9839140525785557,1,1.060592470600455
7.907,0.0763218,-0.3023442,9.601047000000001,0.21202152482407932,1,-0.6644420034174198,0.9873914455521784,1,1.076362914585501
7.922,0.113796,-0.3218661,9.601047000000001,0.20167426066577576,1,-0.6898176105535854,0.9904941639433522,1,1.091197056656717
7.938,0.113796,-0.2858634,9.5307093,0.18983692622627402,1,-0.7398334024688584,0.9936262534384886,1,1.1070700199957717
7.954,0.11821050000000001,-0.2858634,9.551604600000001,0.1787989909065697,1,-0.6898709574815192,0.9965753407755514,1,1.122991632749484
7.969,0.1915893,-0.315882,9.551604600000001,0.16808232755323083,1,-0.7144442235558978,0.999176950664,1,1.1379597749352812
7.985,0.1915893,-0.3262806,9.5247252,0.15698048551041133,1,-0.693865127676218,1.0017774531685093,1,1.1539674101659414
8.0,0.1646118,-0.3262806,9.4812669,0.1450779503106272,1,-0.7935023466522919,1.004042891437167,1,1.1690110627504837
8.016,0.1781496,-0.3173535,9.437906700000001,0.13240751586921462,1,-0.7919021525882857,1.0062627751666058,1,1.1850935080833138
8.047,0.10477080000000001,-0.3173535,9.455859,0.12045689666655868,1,-0.3855038452469587,1.0101821735609102,1,1.2163484047885909
8.063,0.0868185,-0.287433,9.458802,0.10884174253904,1,-0.7259471329699168,1.012016562674555,1,1.2325259946784746
8.079,0.1317483,-0.31284090000000003,9.458802,0.09754219117469809,1,-0.7062219602713686,1.013667634144265,1,1.248731468253025
8.094,0.1317483,-0.2694807,9.3974895,0.084991032753015,1,-0.8367438947789396,1.0150366333237226,1,1.2639467502590338
8.11,0.16765290000000002,-0.2694807,9.358543800000001,0.07181059111971777,1,-0.8237776020810764,1.0162910463147046,1,1.2801973716961412
8.125,0.1586277,-0.3098979,9.358543800000001,0.05897828400745553,2,-0.8554871408174504,1.0172719628781584,1,1.2954490942650883
8.141,0.1586277,-0.3307932,9.4109292,0.047753109997211496,2,-0.7015733756402514,1.0181258140301956,1,1.3117322764803552
8.157,0.11978010000000001,-0.3307932,9.3480471,0.0352550837351302,2,-0.7811266413800804,1.0187898795800543,1,1.3280276020292372
8.172,0.10928340000000002,-0.318825,9.3480471,0.02304861701384553,2,-0.8137644480856139,1.0192271573356717,1,1.3433127298061058
8.188,0.10928340000000002,-0.344331,9.3630564,0.01152772745373376,2,-0.7200555975069849,1.0195037680914123,1,1.3596225772095225
8.204,0.1377324,-0.344331,9.3241107,-0.0006521666382717228,2,-0.761243380750342,1.019590772577936,1,1.3759353335348774
8.219,0.1362609,-0.3039138,9.285165000000001,-0.01351904740947063,2,-0.8577920514133296,1.019484488472578,1,1.391228397992755
8.235,0.173637,-0.31136939999999996,9.285165000000001,-0.02605087870465006,2,-0.7832394559487137,1.019167929063665,1,1.4075376173330452
8.25,0.173637,-0.2934171,9.2148273,-0.04000569496881212,2,-0.9303210842774355,1.018672504761114,1,1.4228214205867316
8.266,0.1796211,-0.2934171,9.256716,-0.05259638663367916,3,-0.7869182290541892,1.017931688108294,1,1.4391142541296869
8.282,0.11526750000000001,-0.2769363,9.256716,-0.06491735043916336,3,-0.7700602378427617,1.0169915782117114,1,1.455393640260247
8.297,0.11526750000000001,-0.318825,9.2672127,-0.07664909936617725,3,-0.7821165951342302,1.0159298298381714,1,1.4706405508206217
8.313,0.11821050000000001,-0.318825,9.2043306,-0.08962647579443406,3,-0.8110860267660496,1.0145996252368865,1,1.4868847864612222
8.329,0.1212516,-0.30685680000000004,9.2043306,-0.1022962815417543,3,-0.7918628592075143,1.013064243178197,1,1.5031060974085428
8.344,0.1212516,-0.3143124,9.1534167,-0.11589190251331338,3,-0.9063747314373454,1.0114278317977843,1,1.5182897879708614
8.375,0.1377324,-0.3083283,9.1026009,-0.13039376339084718,3,-0.46780196379140415,1.0076104039762697,1,1.5495848806253598
8.391,0.15568469999999998,-0.2858634,9.1026009,-0.14455273953421077,3,-0.8849360089602235,1.0054108319528692,1,1.565689050512793
8.407,0.15568469999999998,-0.3503151,9.1430181,-0.15732656740816964,3,-0.7983642421224284,1.0029957974973303,1,1.5817563035483946
8.422,0.1392039,-0.3503151,9.1265373,-0.17019694417045272,3,-0.8580251174855066,1.0005393711604904,1,1.5967828173133287
8.438,0.11673900000000001,-0.2994012,9.1265373,-0.18280525590982677,3,-0.7880194837108772,0.9977153535598482,1,1.6127688551110915
8.454,0.11673900000000001,-0.2829204,9.051687,-0.19694344713278333,3,-0.8836369514347845,0.9946773639355073,1,1.6287079968510543
8.469,0.09878670000000002,-0.2829204,9.0576711,-0.21059614057355702,3,-0.9101795627183192,0.99162081702771,1,1.6436052332082771
8.485,0.1571562,-0.3278502,9.0576711,-0.2238588187830235,3,-0.8289173880916537,0.9881451773528573,1,1.6594433611633217
8.5,0.1571562,-0.3262806,9.018725400000001,-0.23774853177059896,3,-0.9259808658383292,0.984683122223705,1,1.6742395734101465
8.516,0.11673900000000001,-0.35178660000000006,9.0531585,-0.25045193512004005,3,-0.7939627093400674,0.9807775184885799,1,1.6899632585358448
8.532,0.113796,-0.35178660000000006,8.9783082,-0.2646704963404396,3,-0.8886600762749711,0.976656539036896,1,1.7056227309960486
8.563,0.1392039,-0.3218661,8.9783082,-0.27856089472225776,3,-0.4480773671554161,0.968236452475424,1,1.73576857236449
8.579,0.1392039,-0.30685680000000004,8.9469162,-0.2928904292493755,3,-0.8955959079448564,0.963664841883651,1,1.7512237827193626
8.594,0.1661814,-0.30685680000000004,8.9783082,-0.306094162794432,3,-0.880248903003841,0.9591724574433228,1,1.7656450624643139
8.61,0.1466595,-0.33226469999999997,8.9783082,-0.3189621034030061,3,-0.8042462880358807,0.9541720073137433,1,1.7809518181823705
8.625,0.1466595,-0.3202965,8.948387700000001,-0.33225599691823504,3,-0.8862595676818942,0.9492878715613338,1,1.795227767273934
8.641,0.11978010000000001,-0.3202965,8.9693811,-0.3447237404646053,3,-0.7792339716481405,0.943872033662271,1,1.8103730465157228
8.657,0.1122264,-0.33530580000000004,8.9693811,-0.3568764047131747,3,-0.7595415155355882,0.9382592325008487,1,1.8254300966450279
8.672,0.1122264,-0.29783160000000003,8.9858619,-0.3683631807206229,3,-0.7657850671631833,0.932819935610095,1,1.8394631904058605
8.688,0.1078119,-0.30685680000000004,9.014212800000001,-0.37887267282664894,3,-0.6568432566266263,0.9268420487817168,1,1.854340486280995
8.704,0.1377324,-0.30685680000000004,8.924451300000001,-0.3913036703221753,3,-0.7769373434703957,0.9206806380365262,1,1.8691206677755408
8.719,0.10182780000000001,-0.2994012,8.924451300000001,-0.4034493908640524,3,-0.8097147027918735,0.9147199900776299,1,1.882886172486396
8.735,0.10182780000000001,-0.3023442,8.991846,-0.4136537241647886,3,-0.6377708312960134,0.9081831651573992,1,1.8974693977282762
8.75,0.15568469999999998,-0.3023442,9.030693600000001,-0.42264354599655185,3,-0.5993214554508588,0.9019109356311888,1,1.911045103484191
8.766,0.1377324,-0.2994012,9.030693600000001,-0.4314236021317299,3,-0.548753508448629,0.8950783984461625,1,1.9254210181568099
8.782,0.1377324,-0.2889045,9.027750600000001,-0.44006957973432215,3,-0.5403736001620136,0.8881064529912341,1,1.939686496968309
8.797,0.1437165,-0.2889045,9.0157824,-0.4487941269371767,3,-0.5816364801902805,0.8814399751911977,1,1.9529580951796777
8.829,0.1586277,-0.3338343,8.9797797,-0.45813934312019455,3,-0.2920380057193081,0.8669290396702797,1,1.9809319994174612
8.844,0.1406754,-0.3262806,9.027750600000001,-0.4661015726488831,3,-0.5308153019126111,0.8599972328020121,1,1.9938839464610023
8.86,0.1062423,-0.3262806,9.095047200000002,-0.47224087313136565,3,-0.3837062801551602,0.8524904932357701,1,2.0075838482693045
8.875,0.1571562,-0.2634966,9.095047200000002,-0.47826208248855373,3,-0.4014139571458571,0.8453617210686204,1,2.020317739876588
8.891,0.1571562,-0.318825,8.9514288,-0.487593433862088,3,-0.5832094608458899,0.8376348769378152,1,2.0337817126606392
8.907,0.1571562,-0.318825,8.9902764,-0.49575043177784295,3,-0.5098123697346852,0.8297681260126958,1,2.0471209366842436
8.938,0.13469129999999999,-0.3218661,9.0935757,-0.5011971029558335,3,-0.17569907025775736,0.8143154392243235,1,2.0726042319454177
8.954,0.1526436,-0.3218661,9.0352062,-0.507926564236481,3,-0.42059133004046473,0.806242449886785,1,2.0855686950583063
8.969,0.1526436,-0.3202965,9.0352062,-0.5144932517116132,3,-0.4377791650088504,0.7985743012671749,1,2.09760482069196
8.985,0.1526436,-0.3039138,9.0292221,-0.5210594188959163,3,-0.41038544901894586,0.7902898799023146,1,2.110315734141316
9.0,0.09878670000000002,-0.2889045,9.000773100000002,-0.5281892034903901,3,-0.4753189729649004,0.782420515234417,1,2.122111062104842
9.016,0.1317483,-0.2889045,9.032263200000001,-0.5343672260625034,3,-0.3861264107570813,0.7739200637979938,1,2.1345617867371014
9.032,0.1062423,-0.318825,9.032263200000001,-0.540378220693059,3,-0.37568716440972116,0.7653221002239493,1,2.146875724049277
9.047,0.1062423,-0.2514303,9.030693600000001,-0.5463327314893203,3,-0.39696738641740514,0.7571717680825811,1,2.1582944280615766
9.063,0.0793629,-0.2514303,9.0201969,-0.5524046523721076,3,-0.3794950551742057,0.7483818690116897,1,2.1703388571583306
9.079,0.1122264,-0.3098979,9.0201969,-0.5582756227739782,3,-0.3669356501169171,0.739496426810521,1,2.182241883524908
9.094,0.1122264,-0.3023442,9.0337347,-0.5636796674632585,3,-0.3602696459520451,0.7310817621337423,1,2.1932712199419893
9.11,0.11673900000000001,-0.3023442,9.162441900000001,-0.5658133022606293,3,-0.13335217483567685,0.7220458183759512,1,2.204896240586067
9.125,0.1002582,-0.315882,9.162441900000001,-0.5678885216463812,3,-0.13834795905011718,0.7135430546966482,1,2.2156631571341117
9.141,0.1002582,-0.2679111,9.2342511,-0.5681997815906588,3,-0.019453746517350528,0.7044543482707519,1,2.2270071363578507
9.172,0.1631403,-0.3218661,9.2222829,-0.5687312754393314,3,-0.017144962860408765,0.6868319168867868,1,2.248572073467793
9.188,0.1466595,-0.3218661,9.1490022,-0.5710425630995299,3,-0.14445547876240625,0.6777137261784759,1,2.259488438612315
9.204,0.142245,-0.290376,9.1490022,-0.5733248577240371,3,-0.14264341403169553,0.6685587868118874,1,2.270258618716238
9.219,0.142245,-0.347274,9.0696393,-0.5774372013486921,3,-0.2741562416436933,0.6599280713688427,1,2.2802222701525925
9.235,0.12272310000000002,-0.347274,9.0082287,-0.5829527708465392,3,-0.3447230936154396,0.6506449515912808,1,2.2907068543362734
9.25,0.1437165,-0.315882,9.0082287,-0.5883544083332097,3,-0.36010916577802315,0.6418601477474323,1,2.300400642581314
9.266,0.1437165,-0.318825,9.0756234,-0.5919792266501265,3,-0.22655114480729635,0.6324174786675656,1,2.3105948635926343
9.282,0.145188,-0.318825,9.1923624,-0.5926698632819569,3,-0.04316478948940268,0.6229402859481089,1,2.3206377257095596
9.297,0.0898596,-0.2963601,9.1923624,-0.5933792195639604,3,-0.04729041880023327,0.6140449178267642,1,2.3299151147378714
9.313,0.0898596,-0.2889045,9.2911491,-0.5916689186161523,3,0.10689380923800663,0.6045645327213233,1,2.339663990342256
9.329,0.1002582,-0.2709522,9.2222829,-0.591689770116183,3,-0.0013032187519135252,0.5950976632114646,1,2.3492612879097186
9.344,0.16765290000000002,-0.2843919,9.211884300000001,-0.5919298482391628,3,-0.01600520819866002,0.5862205160738002,1,2.3581211742543573
9.36,0.16765290000000002,-0.315882,9.2746683,-0.5906088917254806,3,0.08255978210514041,0.5767602061540831,1,2.3674250200321802
9.391,0.1317483,-0.315882,9.2777094,-0.5892601557290824,3,0.04350761278703712,0.558472235918537,1,2.3850211228843063
9.407,0.1437165,-0.3532581,9.2777094,-0.5879071362684378,3,0.08456371629028674,0.5490548975825569,1,2.393881339952315
9.422,0.1437165,-0.315882,9.297133200000001,-0.586146545392717,3,0.11737272504804755,0.5402494949700979,1,2.4020511228964603
9.438,0.16019730000000001,-0.315882,9.354031200000001,-0.583035574131717,3,0.19443570381250092,0.5308960380139024,1,2.410620287160332
9.454,0.0898596,-0.2754648,9.354031200000001,-0.580054538310872,3,0.1863147388028173,0.5215913171143617,1,2.419040186001358
9.469,0.1377324,-0.24544620000000003,9.394448400000002,-0.5761670481429757,3,0.25916601119310395,0.5129196552159585,1,2.426799018293835
9.5,0.1302768,-0.2738952,9.4319226,-0.5714442665218407,3,0.15234779423015976,0.4951316798386543,1,2.4424238139871814
9.516,0.10928340000000002,-0.2814489,9.4319226,-0.5668377528348003,3,0.28790710544002146,0.4860254236838012,1,2.4502730708153613
9.532,0.10928340000000002,-0.2829204,9.3884643,-0.5634019283506753,3,0.2147390302578154,0.4769835062343174,1,2.4579771422547063
9.547,0.1377324,-0.2829204,9.3855213,-0.560112521435455,3,0.21929379434801058,0.4685571478609211,1,2.465068697160421
9.563,0.1392039,-0.3248091,9.3855213,-0.5568697581162851,3,0.20267270744811478,0.4596212896245072,1,2.4724941246603045
9.579,0.1392039,-0.3173535,9.4139703,-0.553018896221424,3,0.2406788684288228,0.4507421803898055,1,2.479777032420419
9.594,0.09878670000000002,-0.3173535,9.4633146,-0.5480716363040266,3,0.32981732782652107,0.4424840013958653,1,2.486476228783811
9.61,0.11821050000000001,-0.29783160000000003,9.4633146,-0.5432550800773832,3,0.30103476416520863,0.433753387664814,1,2.4934861278962965
9.625,0.15421320000000002,-0.2754648,9.5142285,-0.5373187680312501,3,0.3957541364088581,0.42564908380399896,1,2.4999316464323127
9.641,0.15421320000000002,-0.2934171,9.5187411,-0.5314041644878493,3,0.36966272146254886,0.4170993003438462,1,2.5066736335054953
9.657,0.1317483,-0.2934171,9.568085400000001,-0.5244392085152363,3,0.43530974828831465,0.4086525533598215,1,2.5132796483351245
9.672,0.08083440000000001,-0.258984,9.568085400000001,-0.5176821495575972,3,0.4504705971759241,0.4008366431742749,1,2.5193508173091304
9.688,0.08083440000000001,-0.3278502,9.593591400000001,-0.5104167027930462,3,0.4540904227844363,0.39261185235546975,1,2.5256984052733684
9.704,0.16166880000000003,-0.3278502,9.6204708,-0.5026484394215611,3,0.48551646071781596,0.3845073312177529,1,2.531915358741954
9.735,0.0793629,-0.3218661,9.6204708,-0.4950997021060708,3,0.24350765533840707,0.3690422350240752,1,2.543595377018702
9.75,0.1122264,-0.3098979,9.6773688,-0.48634973547822646,3,0.5833311085229332,0.36168136424219266,1,2.549075804013199
9.766,0.0868185,-0.3202965,9.6773688,-0.47781129877583695,3,0.5336522938993444,0.35396807596816016,1,2.5548009995348817
9.782,0.1122264,-0.2889045,9.690808500000001,-0.46917120352353514,3,0.5400059532688624,0.34639221594976516,1,2.5604038818702253
9.797,0.1122264,-0.2889045,9.6758973,-0.46110534395833014,3,0.5377239710136464,0.3394151418436509,1,2.565547437053676
9.813,0.1287072,-0.2889045,9.653432400000002,-0.4537788419099851,3,0.45790637802156603,0.33209606835670435,1,2.570919526735279
9.829,0.11673900000000001,-0.3039138,9.653432400000002,-0.4466235096589557,3,0.44720826568933575,0.3248928495441528,1,2.5761754380784856
9.844,0.11673900000000001,-0.29783160000000003,9.746235,-0.4373850705895954,3,0.6158959379574017,0.31826278519228923,1,2.5809991053390084
9.875,0.15568469999999998,-0.29783160000000003,9.708858900000001,-0.4292697598775099,3,0.2617842165188818,0.30482963532004886,1,2.59065703785695
9.891,0.11821050000000001,-0.318825,9.708858900000001,-0.42134901715924045,3,0.49504641989184206,0.29802468510375485,1,2.59547987242034
9.907,0.11821050000000001,-0.2918475,9.743193900000001,-0.41280514423387515,3,0.5339920578353303,0.2913514518126099,1,2.600194881515671
9.922,0.1257642,-0.2918475,9.731225700000001,-0.4047591049539889,3,0.5364026186590617,0.2852197199437007,1,2.6045191653038433
9.938,0.1272357,-0.3202965,9.731225700000001,-0.39688703266142866,3,0.4920045182850159,0.2788065508427774,1,2.6090313754701353
9.954,0.11978010000000001,-0.31136939999999996,9.717786,-0.3895439359196118,3,0.45894354636355456,0.2725151030941291,1,2.6134419487016305
9.969,0.11978010000000001,-0.3053853,9.7926363,-0.38055998223824083,3,0.5989302454247781,0.2667393237079456,1,2.6174863569026456
9.985,0.17667810000000003,-0.3053853,9.8151012,-0.3712265859630026,3,0.5833372672023879,0.26072503116233564,1,2.621706071741608
10.0,0.1511721,-0.315882,9.8151012,-0.36212311931423713,3,0.6068977765843431,0.25522490837275613,1,2.6255756962881214
10.016,0.1511721,-0.2425032,9.8809263,-0.3516877558769558,3,0.652210214830084,0.2495144213712266,1,2.6296136109260733
10.032,0.1586277,-0.2425032,9.9048627,-0.34092049966034566,3,0.672953513538132,0.2439735553269282,1,2.6335615147396587
10.047,0.113796,-0.2889045,9.9048627,-0.3304005441409039,3,0.7013303679627559,0.23893864749841862,1,2.637183356260849
10.063,0.113796,-0.32333760000000006,9.8704296,-0.32095055858147603,3,0.5906240974642424,0.23372783867663957,1,2.6409646881502495
10.079,0.10477080000000001,-0.32333760000000006,9.8794548,-0.3115134996641302,3,0.5898161823341125,0.22866812621067473,1,2.6446638558693483
10.094,0.13469129999999999,-0.3218661,9.895935600000001,-0.3018972246253817,3,0.6410850025832857,0.22406754577850377,1,2.648059373409267
10.11,0.11978010000000001,-0.3503151,9.895935600000001,-0.2924966155914692,3,0.58753806461953,0.21931239505676894,1,2.651606412935949
10.141,0.1646118,-0.2948886,9.877983300000002,-0.28379123534044304,3,0.2808187177750329,0.21037993336732413,1,2.6582666440265226
10.157,0.1497006,-0.2829204,9.877983300000002,-0.27531249718379947,3,0.5299211347902228,0.20590710350713018,2,2.6615969403215183
10.172,0.1497006,-0.2948886,9.7956774,-0.2690383520629567,3,0.4182763413895034,0.20182447213777935,2,2.664654927138855
10.188,0.1107549,-0.2948886,9.8046045,-0.2627122345513211,3,0.39538234447722387,0.19757046744486512,2,2.667850086655516
10.204,0.145188,-0.2829204,9.8046045,-0.25653805358529347,3,0.38588631037672594,0.1934164651397722,2,2.6709779821161934
10.235,0.145188,-0.2798793,9.7806681,-0.25110010237578173,3,0.17541778095199828,0.18554807372237583,2,2.6768519324685567
10.25,0.12272310000000002,-0.3008727,9.910846800000002,-0.24261372849017349,3,0.5657582590405282,0.18184521999088102,2,2.6796073821714064
10.266,0.0614106,-0.315882,9.910846800000002,-0.23433683913226133,3,0.5173055848695092,0.17802961544990153,2,2.682486380854933
10.282,0.0614106,-0.3262806,9.7732125,-0.2296086385658178,3,0.29551253540271966,0.1743180516283169,2,2.6853051621915585
10.297,0.1406754,-0.3262806,9.8136297,-0.22399064730167595,3,0.3745327509427767,0.17091605698431056,2,2.6878944180061533
10.313,0.17667810000000003,-0.318825,9.8136297,-0.21850146430427486,3,0.3430739373375677,0.16737612009146294,2,2.6906007554227593
10.329,0.17667810000000003,-0.31136939999999996,9.8105886,-0.21322612238233596,3,0.32970887012118116,0.16392229939797004,2,2.6932511427786747
10.344,0.1631403,-0.31136939999999996,9.8120601,-0.20804929492194013,3,0.34512183069308294,0.16076273376818823,2,2.6956862805274207
10.36,0.09133110000000001,-0.3023442,9.8120601,-0.20302830997830768,3,0.3138115589770282,0.15747411292898625,2,2.698232175300998
10.375,0.09133110000000001,-0.2829204,9.803133,-0.19836154439667553,3,0.31111770544213146,0.15446368902117377,2,2.7005717088156245
10.391,0.1287072,-0.2829204,9.871999200000001,-0.1921195507339064,3,0.3901246039230696,0.15133984026012912,2,2.7030181370498747
10.407,0.0928026,-0.2649681,9.8016615,-0.1877666215781275,3,0.2720580722361807,0.14830075088163283,2,2.7054152617790086
10.438,0.056898,-0.2754648,9.8016615,-0.18351949103158738,3,0.13700421117871145,0.14254581613618214,2,2.709923383567785
10.454,0.056898,-0.2529999,9.7895952,-0.17968491124016772,3,0.23966123696372832,0.1396401809180081,2,2.7121808715442186
10.469,0.04041720000000001,-0.2529999,9.752219100000001,-0.1768571539814534,3,0.18851715058096946,0.13696611542884615,2,2.71425541876682
10.485,0.0703377,-0.2889045,9.848062800000001,-0.17173332727661617,3,0.32023916905232735,0.13417739157878159,2,2.716424566822881
10.5,0.19757340000000004,-0.2889045,9.8016615,-0.1678233045462587,3,0.2606681820238204,0.1316307168401099,2,2.718418127636023
10.516,0.16765290000000002,-0.290376,9.8016615,-0.16402117620022594,3,0.23763302162704814,0.12897596099413802,2,2.7205029810586967
10.532,0.16765290000000002,-0.2679111,9.8076456,-0.1601815006383518,3,0.23997972261713385,0.1263823395794294,2,2.722545847463285
10.547,0.18266220000000002,-0.2679111,9.821085300000002,-0.15610132244435881,3,0.27201187959952156,0.12401021840630899,2,2.7244237916481784
10.563,0.1302768,-0.35178660000000006,9.836094600000001,-0.15171068909892682,3,0.27441458408949937,0.1215477223139627,2,2.7263882551739407
10.579,0.16019730000000001,-0.3307932,9.836094600000001,-0.14743413024729435,3,0.2672849282270293,0.11915456375919292,2,2.728313873462526
10.594,0.16019730000000001,-0.3278502,9.860031000000001,-0.14268086503452437,3,0.31688434751802386,0.11697870129457946,2,2.730084872950429
10.61,0.1332198,-0.3278502,9.8046045,-0.13940430798331782,3,0.20478481570040932,0.11472201991043672,2,2.7319384787200693
10.625,0.0733788,-0.3083283,9.8046045,-0.13623847372187647,3,0.21105561742941514,0.11265469904764769,2,2.733643804112255
10.657,0.0733788,-0.32333760000000006,9.7627158,-0.1341591583592887,3,0.06497860508086756,0.10832833693434904,2,2.737179532687967
10.672,0.0628821,-0.32333760000000006,9.7612443,-0.13216821346256324,3,0.1327296597816927,0.10633088164568508,2,2.7387894768273173
10.688,0.0868185,-0.2274939,9.7612443,-0.13028728175982174,3,0.11755823142134403,0.10423123768390599,2,2.740473973781954
10.704,0.0868185,-0.287433,9.707289300000001,-0.12972903158569338,3,0.03489063588302252,0.10215110717714188,2,2.742125032540842
10.719,0.1466595,-0.3053853,9.871999200000001,-0.12513858068987638,3,0.306030059721158,0.10023960008507525,2,2.7436429628453087
10.735,0.11526750000000001,-0.3053853,9.7941078,-0.12256898794730375,3,0.16059954641078886,0.0982579395359778,2,2.745230943162277
10.75,0.18266220000000002,-0.318825,9.7941078,-0.1200266434942332,3,0.16948963020469726,0.09643847230016621,2,2.7466911662510483
10.766,0.18266220000000002,-0.3098979,9.856989900000002,-0.11602060834293226,3,0.2503771969563082,0.09455009428546889,2,2.748219074783733
10.782,0.1856052,-0.3098979,9.8584614,-0.11207507519348425,3,0.24659582184050044,0.09272532881717756,2,2.7497172781685544
10.797,0.173637,-0.3427614,9.8584614,-0.10820457581971432,3,0.2580332915846523,0.0910732314345785,2,2.7510957673704426
10.813,0.173637,-0.3039138,9.831582000000001,-0.1051147146358602,3,0.1931163239908827,0.0893666771109339,2,2.7525392866388065
10.829,0.15421320000000002,-0.3039138,9.856989900000002,-0.10148877619685948,3,0.2266211524375448,0.08771384918427215,2,2.7539559308491683
10.844,0.0673947,-0.2769363,9.856989900000002,-0.09799444364784726,3,0.23295550326749967,0.08621772503543697,2,2.755260417655816
10.86,0.0673947,-0.2889045,9.7866522,-0.09629173552832881,3,0.1064192574699029,0.08466343560202756,2,2.7566274669409156
10.875,0.09133110000000001,-0.2918475,9.7268112,-0.09608251622364605,3,0.01394795364551692,0.08322062871388769,2,2.757886597423285
10.891,0.0763218,-0.2918475,9.7327953,-0.09573566964254887,3,0.021677911318573863,0.08168608322695813,2,2.759205851118812
10.907,0.10182780000000001,-0.2754648,9.7327953,-0.09540323194746492,3,0.020777355942747083,0.08015697201423802,2,2.7605005955607416
10.922,0.10182780000000001,-0.2843919,9.764187300000001,-0.0943073518719384,3,0.07305867170176543,0.07873414263559245,2,2.7616922789206155
10.938,0.08377740000000002,-0.2843919,9.854046900000002,-0.09105168580514622,3,0.20347912917451064,0.07725127033417577,2,2.762940162224374
10.954,0.16912439999999998,-0.32333760000000006,9.854046900000002,-0.08781945426414062,3,0.20201447131285005,0.07582030121362147,2,2.7641647347967564
10.969,0.16912439999999998,-0.33530580000000004,9.856989900000002,-0.08458458055931217,3,0.21565824698858035,0.07452727095244568,2,2.765292341588002
10.985,0.19610190000000002,-0.33530580000000004,9.821085300000002,-0.08229146558816858,3,0.14331968569647455,0.07319226258326583,2,2.7664740978562876
11.0,0.1392039,-0.36826739999999997,9.821085300000002,-0.08004917747601681,3,0.1494858741434456,0.07197470776028439,2,2.7675628501338645
11.016,0.1392039,-0.347274,9.8944641,-0.07609177868613415,3,0.24733742436766604,0.07072558011098719,2,2.7687044524368347
11.032,0.18413369999999998,-0.37866600000000006,9.8644455,-0.07291644298873479,3,0.19845848108745995,0.06953351433758824,2,2.7698265251924234
11.047,0.09133110000000001,-0.37866600000000006,9.8928945,-0.06915679239505046,3,0.250643372912279,0.06846796507220981,2,2.770861536287997
11.063,0.0868185,-0.1930608,9.8928945,-0.06562057563765045,3,0.2210135473375006,0.06738974612794821,2,2.7719483979775985
11.079,0.0868185,-0.2709522,9.803133,-0.06431446053199252,3,0.08163219410362015,0.06635026583859106,2,2.7730183180733308
11.11,0.0928026,-0.2709522,9.788123700000002,-0.06340478943152483,3,0.029344229047345984,0.06437061746415662,2,2.775044491764523
11.125,0.058369500000000005,-0.2918475,9.788123700000002,-0.06250914269113217,3,0.05970978269284199,0.06342626297323666,2,2.776002968367804
11.141,0.052385400000000006,-0.2948886,9.7971489,-0.06141392034138171,3,0.06845139685940355,0.06243487846897654,2,2.7770098574993414
11.157,0.1526436,-0.2994012,9.7971489,-0.06031650065935246,0,0.06858873012682837,0.06096103510097067,2,2.777997024807901
11.172,0.1526436,-0.3367773,9.7686999,-0.05990965170289364,0,0.027123263763920054,0.05955933895825379,2,2.7789009276133454
11.188,0.17510850000000003,-0.2918475,9.855518400000001,-0.057422524678740317,0,0.1554454390095826,0.05812068154720072,2,2.779842367777389
11.204,0.2499588,-0.2918475,9.8794548,-0.054373344173273,0,0.1905737815917073,0.056726314596384615,2,2.7807611437465374
11.235,0.16912439999999998,-0.33226469999999997,9.8794548,-0.05140920540034166,0,0.09561737977198223,0.05458668507799365,2,2.78248649524149
11.25,0.16912439999999998,-0.33981839999999996,9.8016615,-0.050407088155651536,0,0.06680781631267255,0.05332306287632367,2,2.7832958183511476
11.266,0.1302768,-0.33981839999999996,9.803133,-0.049408008047278074,0,0.062442506773341344,0.05202454210670023,2,2.784138599191012
11.282,0.0868185,-0.3053853,9.803133,-0.04847264574596899,0,0.0584601438318177,0.05074149687635426,2,2.7849607275028765
11.297,0.0868185,-0.23799060000000002,9.8464932,-0.0465484193479746,0,0.1282817598662877,0.04952883888814965,2,2.7857127550211103
11.313,0.0434583,-0.23799060000000002,9.7971489,-0.04588127388255714,0,0.04169659158859137,0.048289401342305395,2,2.786495300942954
11.329,0.0823059,-0.3173535,9.7971489,-0.045169483830214574,0,0.04448687827141025,0.04706099528060322,2,2.787258104115937
11.344,0.0823059,-0.2843919,9.851005800000001,-0.043186744371546126,0,0.13218263057790716,0.04589832356909007,2,2.7879552990073098
11.36,0.0373761,-0.2814489,9.731225700000001,-0.044181317319672786,0,-0.06216080925791617,0.04469937907556032,2,2.788680080628467
11.375,0.1212516,-0.2814489,9.7627158,-0.04436729446650567,0,-0.012398476455525064,0.04353526448716395,2,2.7893418404551875
11.391,0.23053500000000002,-0.344331,9.7627158,-0.044451625654685856,0,-0.005270699261261664,0.042324713126194416,2,2.7900287202760943
11.407,0.23053500000000002,-0.2798793,9.831582000000001,-0.042905601061775656,0,0.09662653705688742,0.041125855312462725,2,2.7906963248236036
11.422,0.2575125,-0.2798793,9.874942200000001,-0.040324185599585505,0,0.17209436414600354,0.04000163191250249,2,2.791304780977791
11.438,0.1631403,-0.36669779999999996,9.874942200000001,-0.03778544849932075,0,0.158671068766547,0.038876754839711244,2,2.7919358080718086
11.454,0.1631403,-0.24397470000000002,9.8105886,-0.03697002798370974,0,0.050963782225688044,0.037778711027847,2,2.792549051798749
11.469,0.059841000000000005,-0.24397470000000002,9.855518400000001,-0.03510762567700887,0,0.12416015378006814,0.03673812862539166,2,2.7931079280961484
11.485,0.0793629,-0.315882,9.855518400000001,-0.03323749373195284,0,0.11688324656600181,0.03569136767011996,2,2.7936873640665123
11.5,0.0793629,-0.24103170000000002,9.934881299999999,-0.02952948866800753,0,0.24720033759634447,0.03472061530212024,2,2.794215453938804
11.516,0.0748503,-0.2858634,9.777627,-0.02971754014238215,0,-0.011753217148413587,0.03374663907163712,2,2.7947631919737943
11.532,0.10477080000000001,-0.2858634,9.759674700000001,-0.03033195346652029,0,-0.038400832758633784,0.0327662431227659,2,2.7952952950313494
11.563,0.050913900000000005,-0.23799060000000002,9.704346300000001,-0.032322229314996065,0,-0.0642024467250238,0.03129510328965238,2,2.796288245900742
11.579,0.19011780000000003,-0.23799060000000002,9.752219100000001,-0.033054757188216044,0,-0.045782992076248655,0.030272087397626685,2,2.7967807834262404
11.594,0.1586277,-0.2948886,9.752219100000001,-0.0337452497665236,0,-0.046032838553840744,0.029271087345466178,2,2.7972273572368134
11.61,0.1586277,-0.30685680000000004,9.6115437,-0.03783882618375678,0,-0.25584852607707353,0.028198414737863935,2,2.79768711325348
11.625,0.1511721,-0.30685680000000004,9.5307093,-0.043805800717647614,0,-0.39779830225937385,0.027086080036103376,2,2.798101746964285
11.641,0.1377324,-0.3592422,9.5307093,-0.049587587647943465,0,-0.3613616831434904,0.025838932929178646,2,2.7985251470680073
11.657,0.1377324,-0.2679111,9.577110600000001,-0.054170421860318285,0,-0.286427138273426,0.02450886885311255,2,2.7989279294822658
11.672,0.13469129999999999,-0.30685680000000004,9.634008600000001,-0.05722713358259135,0,-0.20378078148486323,0.023173387187290694,2,2.7992855464025688
11.688,0.1586277,-0.30685680000000004,9.6384231,-0.06009280781203152,0,-0.1791046393400107,0.021734827656133708,2,2.799644812121316
11.704,0.059841000000000005,-0.2798793,9.6384231,-0.0629358959548707,0,-0.1776930089274485,0.02025059802599849,2,2.799980695526773
11.719,0.059841000000000005,-0.2738952,9.5785821,-0.06717274723693478,0,-0.2824567521376281,0.018774783202060025,2,2.8002733858859834
11.735,0.1122264,-0.2738952,9.6070311,-0.07060124182525485,0,-0.21428091177000377,0.017172591289562507,2,2.8005609648819165
11.75,0.11821050000000001,-0.2994012,9.6070311,-0.07392581293211187,0,-0.22163807379045972,0.01558863837888222,2,2.8008066741044297
11.766,0.11821050000000001,-0.3218661,9.5950629,-0.07744331229953794,0,-0.21984371046412912,0.01387768537702902,2,2.801042404694477
11.782,0.1990449,-0.3218661,9.743193900000001,-0.07723226064753952,0,0.013190728249901073,0.012140280793452397,2,2.8012505484238406
11.797,0.1107549,-0.287433,9.743193900000001,-0.0770868140638079,0,0.00969643891544044,0.010482887733117244,2,2.8014202221877897
11.829,0.113796,-0.315882,9.855518400000001,-0.07418457415007218,0,0.09069499730424138,0.007562545521695163,2,2.801708949119867
11.844,0.113796,-0.287433,9.8615025,-0.07122846545003725,0,0.19707391333567797,0.005971947724694431,2,2.8018104578192147
11.86,0.16912439999999998,-0.287433,9.9392958,-0.06642878749729952,0,0.2999798720461075,0.004370689701115735,2,2.8018931989186213
11.875,0.1377324,-0.3367773,9.9392958,-0.06172021810462702,0,0.31390462617815484,0.0029095721591012496,2,2.801947800882573
11.891,0.142245,-0.2963601,9.8854389,-0.05846918218765751,0,0.2031897448105944,0.0014480569567629728,2,2.8019826619155
11.907,0.0748503,-0.3053853,9.8854389,-0.05530878360660019,0,0.19752491131608246,3.7833230408911706e-05,2,2.8019945490369973
11.922,0.0748503,-0.2529999,9.788123700000002,-0.054634226141041964,0,0.04497049770387984,-0.0002867393426984363,2,2.801992682241155
11.938,0.1526436,-0.2529999,9.803133,-0.05358816677187761,0,0.06537871057277206,-0.0006525184860017913,2,2.8019851681785255
11.969,0.1646118,-0.3487455,9.803133,-0.0524912719119186,0,0.03538370515996936,-0.0017967497856005692,2,2.8019472045203155
11.985,0.1646118,-0.2784078,9.8824959,-0.04954133425911422,0,0.18437110330027356,-0.0021130106349688312,2,2.801915926436951
12.0,0.0389457,-0.2963601,9.774684,-0.049310513607842665,0,0.015388043418103228,-0.002354399493971036,2,2.801882420860984
12.016,0.1437165,-0.2963601,9.806076000000001,-0.04829623286400597,0,0.06339254648979326,-0.0026352534657458257,2,2.8018425036373062
12.032,0.1511721,-0.34580249999999996,9.806076000000001,-0.04726449868173965,0,0.06448338639164491,-0.00289973931811179,2,2.801798223695035
12.047,0.1511721,-0.3008727,9.806076000000001,-0.0462940383697763,0,0.06469735413088758,-0.0031014283459981857,2,2.801753214937554
12.063,0.1796211,-0.3008727,9.821085300000002,-0.04496970419648427,0,0.0827708858307518,-0.0033315382865282727,2,2.8017017512044937
12.079,0.052385400000000006,-0.3202965,9.821085300000002,-0.043699331236837224,0,0.07939830997794044,-0.003540890569994843,2,2.8016467717736417
12.094,0.052385400000000006,-0.2918475,9.776155500000002,-0.04357690410648374,0,0.008161808690233077,-0.0036954623350696964,2,2.801592499126854
12.11,0.1571562,-0.2918475,9.8854389,-0.04076615628413904,0,0.17567173889654325,-0.00387020681819468,2,2.8015319737736277
12.125,0.08083440000000001,-0.3248091,9.8854389,-0.038021297514651664,0,0.18299058463248502,-0.003961112721685632,2,2.8014732388770787
12.141,0.1796211,-0.2365191,9.7941078,-0.037599343187224576,0,0.02637214546419295,-0.004066077847300642,2,2.801409021352527
12.157,0.1796211,-0.2994012,9.8689581,-0.035321275203180846,0,0.142379249002733,-0.004149442794423886,2,2.801343297187393
12.172,0.11978010000000001,-0.2994012,9.803133,-0.03472552460403122,0,0.03971670660997348,-0.004174793792977997,2,2.8012808654129877
12.188,0.1497006,-0.2918475,9.803133,-0.03413983243784102,0,0.03660576038688742,-0.004225716649312974,2,2.8012136613294496
12.204,0.1497006,-0.290376,9.8120601,-0.03335187719079613,0,0.04924720294030567,-0.0042656503263420725,2,2.8011457303936442
12.235,0.1078119,-0.2724237,9.8016615,-0.032862602756209114,0,0.015783046277001157,-0.004791974765520615,2,2.8010053372047206
12.25,0.1078119,-0.2994012,9.783611100000002,-0.03280609920504318,0,0.0037669034110619742,-0.004784490030230026,2,2.8009335137187525
12.266,0.21258269999999999,-0.2994012,9.7956774,-0.03241506437476538,0,0.024439676892362684,-0.004806259338868494,2,2.8008567877237995
12.282,0.0344331,-0.36071369999999997,9.7956774,-0.03203796168082462,0,0.023568918371297244,-0.004821883547313215,2,2.80077976258071
12.297,0.1497006,-0.34580249999999996,9.8136297,-0.031219220071195153,0,0.054582773975295915,-0.00479631241045338,2,2.8007076261110266
12.313,0.1497006,-0.3083283,9.821085300000002,-0.030269155744289122,0,0.05937902043162685,-0.004788219416977255,2,2.8006309498564073
12.329,0.0823059,-0.3083283,9.806076000000001,-0.029727555451037446,0,0.03385001832822973,-0.004768193106539868,2,2.800554498556219
12.344,0.1272357,-0.2798793,9.806076000000001,-0.02920826271758159,0,0.03461951556372653,-0.004710211742804473,2,2.800483410519849
12.36,0.1272357,-0.2724237,9.830012400000001,-0.02812321309512278,0,0.06781560140367565,-0.00466886354930611,2,2.800408377917512
12.375,0.15568469999999998,-0.2724237,9.8151012,-0.027418150011882858,0,0.047004205549326265,-0.004585423772608666,2,2.8003389707625974
12.391,0.1466595,-0.3173535,9.8151012,-0.02670076678526634,0,0.04483645166353241,-0.004518375106985863,2,2.8002661403715607
12.407,0.1466595,-0.290376,9.764187300000001,-0.02726235662287202,0,-0.035099364850355,-0.00445008009425097,2,2.8001943927299506
12.422,0.173637,-0.290376,9.803133,-0.026850135670002828,0,0.027481396857945033,-0.004355923786447544,2,2.8001283477008454
12.438,0.1257642,-0.33824879999999996,9.803133,-0.026428374811814592,0,0.026360053636764722,-0.004282151870302085,2,2.8000592430955913
12.454,0.17069399999999998,-0.2604555,9.843550200000001,-0.025072955728948187,0,0.08471369267915023,-0.0041941625146281886,2,2.7999914325805118
12.469,0.17069399999999998,-0.2769363,9.8689581,-0.02312026133129308,0,0.13017962651035103,-0.0040556116425799656,2,2.7999295592743327
12.485,0.0434583,-0.2769363,9.7821396,-0.023365511060095656,0,-0.015328108050161035,-0.003927497821711076,2,2.799865694398618
12.516,0.1406754,-0.3008727,9.7821396,-0.023565239676718974,0,-0.006442858600752075,-0.004154924458131717,2,2.7997404168532807
12.532,0.1406754,-0.3008727,9.8524773,-0.022045524168561315,0,0.09498221925985365,-0.004019810568893958,2,2.7996750189730646
12.547,0.0658251,-0.3008727,9.8046045,-0.021749052975613026,0,0.01976474619655184,-0.00384826989747528,2,2.7996160083695667
12.563,0.1631403,-0.3173535,9.8046045,-0.02141944856410838,0,0.020600275719040422,-0.00369361790979305,2,2.7995556732671085
12.579,0.11978010000000001,-0.32932170000000005,9.821085300000002,-0.020701796894682545,0,0.04485322933911458,-0.0035305878734633767,2,2.7994978796208425
12.594,0.1781496,-0.315882,9.8285409,-0.019809109693516902,0,0.059512480077714314,-0.0033344196728748486,2,2.799446392064245
12.61,0.1257642,-0.290376,9.8285409,-0.01897711270286706,0,0.05199981191561504,-0.0031447094520459214,2,2.7993945590312457
12.625,0.1257642,-0.318825,9.7866522,-0.019164968493463164,0,-0.012523719373073068,-0.0029307750610184065,2,2.799348992897398
12.641,0.1302768,-0.318825,9.8704296,-0.017304705795840647,0,0.1162664186014072,-0.0027225324553328384,2,2.799303766437267
12.672,0.11978010000000001,-0.2858634,9.8704296,-0.015517668761017234,0,0.0576463559620445,-0.0027312792609641436,2,2.7992192323556644
12.688,0.11978010000000001,-0.2829204,9.8405091,-0.01450569911729005,0,0.06324810273294895,-0.002471466203990602,2,2.799177610391945
12.704,0.0614106,-0.2829204,9.8165727,-0.014115073771508335,0,0.024414084111357127,-0.0022004323871009906,2,2.799140235203216
12.719,0.1032993,-0.30685680000000004,9.8165727,-0.013707879700019632,0,0.027146271432582417,-0.001909104538137434,2,2.799109413676277
12.735,0.1032993,-0.2724237,9.7627158,-0.014648386004679992,0,-0.05878164404127245,-0.0016359546637750287,2,2.7990810532026615
12.75,0.1437165,-0.2724237,9.833053500000002,-0.01383878126796212,0,0.0539736491145228,-0.0013496084183198523,2,2.799058661479546
12.766,0.15568469999999998,-0.33226469999999997,9.833053500000002,-0.012999630712425159,0,0.05244690972105998,-0.0010643157141629498,2,2.799039350086486
12.782,0.1661814,-0.3008727,9.831582000000001,-0.012237261979180403,0,0.047648045827797206,-0.0007662108556957948,2,2.799024705873927
12.797,0.1661814,-0.2814489,9.8016615,-0.012236873642446966,0,2.5889115562448678e-05,-0.0004497668728580084,2,2.7990155860409627
12.813,0.1571562,-0.2814489,9.749178,-0.013519513503839065,0,-0.0801649913370061,-0.00015581797002829634,2,2.7990107413622196
12.829,0.142245,-0.2679111,9.749178,-0.014785749305376683,0,-0.07913973759610109,0.0,2,2.7990094948184594
12.844,0.142245,-0.3173535,9.7895952,-0.014999763443013236,0,-0.014267609175771377,-0.00010565141811492637,2,2.7990087024328236
12.86,0.0733788,-0.3173535,9.8854389,-0.01289067391223142,0,0.13181809567386338,0.0,2,2.7990078572214787
12.875,0.1107549,-0.2843919,9.8854389,-0.010848995980518694,0,0.1361118621141766,-6.822441152517372e-06,2,2.79900780605317
12.891,0.1107549,-0.3053853,9.7806681,-0.011395840527887557,0,-0.034177784210553924,0.0,2,2.7990077514736407
12.907,0.1437165,-0.3053853,9.8120601,-0.011153690482176515,0,0.015134377856940148,0.0,2,2.7990077514736407
12.922,0.1586277,-0.2679111,9.8225568,-0.01068264493719795,0,0.03140303633190318,-2.8949896945591053e-05,2,2.7990075343494136
12.938,0.1332198,-0.2918475,9.8225568,-0.010215663539186792,0,0.02918633737569729,0.0,2,2.7990073027502382
12.954,0.1332198,-0.3173535,9.830012400000001,-0.009559059095616718,0,0.04103777772312963,0.0,2,2.7990073027502382
12.969,0.1302768,-0.3173535,9.8151012,-0.009282897058911388,0,0.01841080244702346,0.0,2,2.7990073027502382
13.0,0.1122264,-0.315882,9.8151012,-0.009020063209574047,0,0.00847851126894631,-0.0002793447011555754,2,2.7990029729073704
13.016,0.1122264,-0.2514303,9.8225568,-0.008627275868628104,0,0.02454920880912146,0.0,2,2.7990007381497612
13.032,0.11673900000000001,-0.2514303,9.830012400000001,-0.008061014831554303,0,0.03539131481711252,-5.40297393826529e-05,2,2.799000305911846
13.047,0.1406754,-0.2724237,9.827069400000001,-0.007559032497006513,0,0.033465488969851416,0.0,2,2.7989999006888007
13.063,0.11978010000000001,-0.2724237,9.843550200000001,-0.006674257332917932,0,0.055298447755536224,0.0,2,2.7989999006888007
13.079,0.1302768,-0.2889045,9.8046045,-0.006745757459302837,0,-0.004468757899056537,0.0,2,2.7989999006888007
13.094,0.11526750000000001,-0.2963601,9.8046045,-0.006814670751728258,0,-0.004594219495028436,0.0,2,2.7989999006888007
