timestamps,acc_x,acc_y,acc_z,aAcc,aStages,aJerk,aVelocity,avStages,aHeight
0.016,0.0614106,-0.318825,9.831582000000001,-0.007685735903486091,0,0.0,0.0,0,0.0
0.032,0.0179523,-0.318825,9.845021700000002,-0.007425788507017472,0,0.016246712279288644,0.0,0,0.0
0.047,0.029920500000000003,-0.35777070000000005,9.845021700000002,-0.007144143022717486,0,0.01877636561999907,0.0,0,0.0
0.063,0.0239364,-0.39220380000000005,9.8405091,-0.006931055265450681,0,0.013317984829175344,0.0,0,0.0
0.078,0.0239364,-0.3907323,9.9153594,-0.005256790830236113,0,0.1116176290143045,0.0,0,0.0
0.094,0.0359046,-0.3907323,9.831582000000001,-0.0052560459795145675,0,4.65531700966082e-05,-1.8279808258042478e-05,0,-1.4623846606433981e-07
0.11,0.0045126,-0.3652263,9.831582000000001,-0.005275792959784198,0,-0.0012341862668519,0.0,0,-2.9247693212867963e-07
0.125,0.0045126,-0.3307932,9.860031000000001,-0.00476152752391279,0,0.03428436239142722,0.0,0,-2.9247693212867963e-07
0.141,0.04041720000000001,-0.3307932,9.8240283,-0.004961273584381587,0,-0.01248412877929984,0.0,0,-2.9247693212867963e-07
0.157,0.0329616,-0.33981839999999996,9.8240283,-0.005151612238822878,0,-0.01189616590258068,0.0,0,-2.9247693212867963e-07
0.172,0.0329616,-0.36669779999999996,9.783611100000002,-0.006111215130601977,0,-0.06397352611860666,0.0,0,-2.9247693212867963e-07
0.188,0.0329616,-0.36669779999999996,9.783611100000002,-0.007052002279404945,0,-0.05879919680018547,-2.6276863402892574e-05,0,-5.026918393518204e-07
0.203,0.0628821,-0.3562992,9.8285409,-0.007098622067170268,0,-0.0031079858510215264,0.0,0,-6.997683148735149e-07
0.219,0.0628821,-0.3562992,9.8285409,-0.00714432774145024,0,-0.0028566046424982642,0.0,0,-6.997683148735149e-07
0.235,0.0733788,-0.36826739999999997,9.901919700000002,-0.005741308746335605,0,0.08768868719466479,0.0,0,-6.997683148735149e-07
0.25,0.0733788,-0.36826739999999997,9.901919700000002,-0.004365799927596115,0,0.09170058791596594,0.0,0,-6.997683148735149e-07
0.266,0.0059841,-0.3278502,9.877983300000002,-0.0035194766806405653,0,0.05289520293472178,0.0,0,-6.997683148735149e-07
0.282,0.0059841,-0.2814489,9.8240283,-0.003775304339123764,0,-0.015989228655199958,-4.6679012451953305e-05,0,-1.0732004144891403e-06
0.297,0.0059841,-0.2814489,9.8240283,-0.004026115769010019,0,-0.016720761992416996,0.0,0,-1.4232930078787905e-06
0.313,0.0194238,-0.2814489,9.8091171,-0.004563924496286731,0,-0.03361304545479446,0.0,0,-1.4232930078787905e-06
0.328,0.0688662,-0.3278502,9.7672284,-0.005879450369517869,0,-0.0877017248820758,0.0,0,-1.4232930078787905e-06
0.344,0.0688662,-0.3278502,9.7672284,-0.007169181617783238,0,-0.08060820301658576,0.0,0,-1.4232930078787905e-06
0.36,0.09427410000000001,-0.3278502,9.8091171,-0.00760861719703243,0,-0.027464723703074487,0.0,0,-1.4232930078787905e-06
0.375,0.0449298,-0.38621970000000005,9.8091171,-0.00800466800822619,0,-0.02640338741291731,-9.194638233523929e-05,0,-2.1128908753930857e-06
0.391,-0.0059841,-0.3307932,9.854046900000002,-0.007554149125169829,0,0.028157430191022546,0.0,0,-2.8484619340750006e-06
0.407,-0.0059841,-0.3307932,9.854046900000002,-0.007112463945704306,0,0.02760532371659526,0.0,0,-2.8484619340750006e-06
0.422,0.0643536,-0.3307932,9.855518400000001,-0.0066465208250861,0,0.031062874707880394,0.0,0,-2.8484619340750006e-06
0.438,0.0733788,-0.38621970000000005,9.855518400000001,-0.006148971939170522,0,0.031096805369723562,-3.9306151864381984e-05,0,-3.162911148990057e-06
0.453,0.0733788,-0.34580249999999996,9.806076000000001,-0.00665942181655943,0,-0.03402999182592715,0.0,0,-3.457707287972922e-06
0.469,0.007455600000000001,-0.34580249999999996,9.874942200000001,-0.00581570289134703,0,0.05273243282577514,0.0,0,-3.457707287972922e-06
0.485,-0.007455600000000001,-0.37572300000000003,9.874942200000001,-0.004967108654057029,0,0.05303713983062503,0.0,0,-3.457707287972922e-06
0.5,-0.007455600000000001,-0.3427614,9.8689581,-0.004275914607605458,0,0.04607960309677135,0.0,0,-3.457707287972922e-06
0.516,0.0614106,-0.3427614,9.806076000000001,-0.0048267950927218806,0,-0.0344300303197764,0.0,0,-3.457707287972922e-06
0.532,0.0373761,-0.3039138,9.7971489,-0.005569304496455985,0,-0.04640683773338146,-4.6745743837351035e-05,0,-3.831673238671731e-06
0.547,0.0478728,-0.33981839999999996,9.7971489,-0.006273243741864221,0,-0.0469292830272157,0.0,0,-4.1822663174518636e-06
0.563,0.0478728,-0.3547296,9.8644455,-0.005634355829156945,0,0.03993049454420496,0.0,0,-4.1822663174518636e-06
0.578,0.0329616,-0.3547296,9.7342668,-0.007560030576838628,0,-0.12837831651211207,0.0,0,-4.1822663174518636e-06
0.594,0.0164808,-0.315882,9.7342668,-0.009474989555148028,0,-0.1196849361443374,0.0,0,-4.1822663174518636e-06
0.61,0.0164808,-0.3907323,9.855518400000001,-0.008923577580588926,0,0.03446324840994383,-0.00011325224837967739,0,-5.088284304489283e-06
0.625,0.08534699999999999,-0.3907323,9.888480000000001,-0.0077302312961062825,0,0.07955641896550951,0.0,0,-5.9376761673368645e-06
0.641,0.020993400000000002,-0.41466870000000006,9.888480000000001,-0.0065479657423068716,0,0.07389159711246311,0.0,0,-5.9376761673368645e-06
0.657,0.020993400000000002,-0.40868460000000006,9.889951500000002,-0.005364934254053821,0,0.07393946801581557,0.0,0,-5.9376761673368645e-06
0.672,0.0718092,-0.40868460000000006,9.874942200000001,-0.004494469614614971,0,0.05803097596258998,-2.1630120248098718e-05,0,-6.099902069197605e-06
0.688,-0.0014715,-0.3547296,9.961760700000001,-0.001985813112170831,0,0.15679103140275968,0.0,0,-6.272943031182394e-06
0.703,0.0150093,-0.40868460000000006,9.961760700000001,0.0005143809444874137,0,0.16667960377721616,0.0,0,-6.272943031182394e-06
0.719,0.0150093,-0.3876912,9.871999200000001,0.0011904270618057211,0,0.04225288233239418,0.0,0,-6.272943031182394e-06
0.735,-0.020993400000000002,-0.3876912,9.7911648,0.00026967743421835166,0,-0.05754685172421054,0.0,0,-6.272943031182394e-06
0.75,-0.020993400000000002,-0.3876912,9.7911648,-0.0006330182791032257,0,-0.06017971422143844,0.0,0,-6.272943031182394e-06
0.766,0.0777933,-0.3008727,9.7911648,-0.0015722187147488853,0,-0.05870002722785367,0.0,0,-6.272943031182394e-06
0.782,0.0449298,-0.3562992,9.7417224,-0.003429392766108208,0,-0.11607337820995757,0.0,0,-6.272943031182394e-06
0.797,-0.0030411,-0.3427614,9.7417224,-0.005261690586094048,0,-0.12215318799905588,0.0,0,-6.272943031182394e-06
0.813,-0.0030411,-0.40113090000000007,9.851005800000001,-0.0048733776674811935,0,0.024269557413303534,0.0,0,-6.272943031182394e-06
0.828,0.08377740000000002,-0.40113090000000007,9.8974071,-0.003576661811559134,0,0.08644772372813721,0.0,0,-6.272943031182394e-06
0.844,-0.007455600000000001,-0.347274,9.958817699999999,-0.0011487675572485756,0,0.15174339089440977,0.0,0,-6.272943031182394e-06
0.86,-0.007455600000000001,-0.347274,9.958817699999999,0.0012315209273712213,0,0.14876803028873717,0.0,0,-6.272943031182394e-06
0.875,0.050913900000000005,-0.3891627,9.842078700000002,0.0013107766750337646,0,0.005283716510836214,0.0,0,-6.272943031182394e-06
0.891,-0.0150093,-0.3891627,9.842078700000002,0.0013861224768998426,0,0.004709112616629869,0.0,0,-6.272943031182394e-06
0.907,-0.0150093,-0.3891627,9.842078700000002,0.0014599909101029596,0,0.004616777075194807,0.0,0,-6.272943031182394e-06
0.922,-0.020993400000000002,-0.3831786,9.8689581,0.0020546730522248424,0,0.03964547614145882,0.0,0,-6.272943031182394e-06
0.938,-0.020993400000000002,-0.3831786,9.8689581,0.002637694760187159,0,0.03643885674764502,0.0,0,-6.272943031182394e-06
0.953,-0.0164808,-0.5239521,9.821085300000002,0.002398483569651333,0,-0.015947412702388405,0.0,0,-6.272943031182394e-06
0.969,-0.0164808,-0.5239521,9.821085300000002,0.002163962794616836,0,-0.01465754843965604,0.0,0,-6.272943031182394e-06
0.985,-0.0164808,-0.31284090000000003,9.8674866,0.002667232085840965,0,0.03145433070150802,0.0,0,-6.272943031182394e-06
1.0,0.0014715,-0.4027005000000001,9.842078700000002,0.0027264285393577836,0,0.003946430234454582,0.0,0,-6.272943031182394e-06
1.016,0.0150093,-0.4027005000000001,9.7911648,0.0017872146815847145,0,-0.05870086611081676,0.0,0,-6.272943031182394e-06
1.032,0.0030411,-0.35777070000000005,9.9184005,0.003325189175798826,0,0.09612340588838189,0.0,0,-6.272943031182394e-06
1.047,0.0030411,-0.35777070000000005,9.9184005,0.00483300730738101,0,0.10052120877214624,0.0,0,-6.272943031182394e-06
1.063,0.052385400000000006,-0.35777070000000005,9.8615025,0.005199059859171129,0,0.02287828448688243,0.0,0,-6.272943031182394e-06
1.078,-0.0254079,-0.38621970000000005,9.8615025,0.0055768770353061825,0,0.02518781174233669,0.0,0,-6.272943031182394e-06
1.094,-0.0254079,-0.2918475,9.7941078,0.004562829475641905,0,-0.06337797247901727,0.0,0,-6.272943031182394e-06
1.11,-0.0030411,-0.2918475,9.888480000000001,0.0054176505820606735,0,0.05342631915117297,0.0,0,-6.272943031182394e-06
1.125,0.0763218,-0.3083283,9.888480000000001,0.006271275918125596,0,0.05690835573766188,0.0,0,-6.272943031182394e-06
1.141,0.0763218,-0.41908320000000004,9.8615025,0.006659502249799942,0,0.024264145729646615,6.567971491414646e-05,0,-5.747505311869222e-06
1.157,0.0688662,-0.33530580000000004,9.877983300000002,0.007299216201749559,0,0.03998212199685099,0.0,0,-5.22206759255605e-06
1.172,0.0688662,-0.33530580000000004,9.877983300000002,0.007926386742877156,0,0.041811369408506764,0.0,0,-5.22206759255605e-06
1.188,0.0868185,-0.2889045,9.877983300000002,0.00851530060196204,0,0.036807116192805155,0.0,0,-5.22206759255605e-06
1.203,0.0868185,-0.3771945,9.7956774,0.00753840680170903,0,-0.06512625335020007,4.3477788897489534e-05,0,-4.8959841758248755e-06
1.219,-0.010496700000000001,-0.3771945,9.8794548,0.008214726918920334,0,0.04227000732570648,0.0,0,-4.548161864644959e-06
1.235,0.0,-0.3771945,9.8794548,0.008877676598670448,0,0.04143435498438205,0.0,0,-4.548161864644959e-06
1.25,0.0,-0.3907323,9.8615025,0.009186205635845823,0,0.020568602478358514,0.0,0,-4.548161864644959e-06
1.266,-0.020993400000000002,-0.3907323,9.8615025,0.009489122889519308,0,0.01893232835459278,9.112383176504294e-05,0,-3.819171210524615e-06
1.282,0.049442400000000004,-0.3951468000000001,9.8615025,0.009791537368720071,0,0.018900904950047686,0.0,0,-3.090180556404271e-06
1.297,0.049442400000000004,-0.318825,9.752219100000001,0.007892232218749129,0,-0.126620343331397,0.0,0,-3.090180556404271e-06
1.313,0.020993400000000002,-0.40417200000000003,9.783611100000002,0.006705146184565081,0,-0.07419287713650295,0.0,0,-3.090180556404271e-06
1.328,0.0777933,-0.40417200000000003,9.836094600000001,0.006575137814357035,0,-0.008667224680536307,9.437854295540633e-05,0,-2.3823414842387178e-06
1.344,0.0658251,-0.41309910000000005,9.836094600000001,0.0064532324528592255,0,-0.00761908509361308,0.0,0,-1.6273131405954666e-06
1.36,0.0658251,-0.31136939999999996,9.860031000000001,0.006729407172988644,0,0.01726092000808864,0.0,0,-1.6273131405954666e-06
1.375,0.0628821,-0.31136939999999996,9.831582000000001,0.00644225683332067,0,-0.01914335597786507,0.0,0,-1.6273131405954666e-06
1.391,0.007455600000000001,-0.37268190000000007,9.831582000000001,0.006198648674867968,0,-0.01522550990329384,3.981346212748264e-06,0,-1.5954623708934805e-06
1.407,0.007455600000000001,-0.3427614,9.907903800000001,0.0074340889111290664,0,0.07721501476631858,0.0,0,-1.5636116011914945e-06
1.422,0.0254079,-0.3427614,9.830012400000001,0.007119531294362602,0,-0.020970507784431092,0.0,0,-1.5636116011914945e-06
1.438,0.0254079,-0.3173535,9.830012400000001,0.006794423348203793,0,-0.020319246634925552,0.0,0,-1.5636116011914945e-06
1.453,0.0254079,-0.3173535,9.830012400000001,0.0064756900676545825,0,-0.02124888536994719,0.0,0,-1.5636116011914945e-06
1.469,0.0059841,-0.30685680000000004,9.855518400000001,0.006655941869823323,0,0.01126573763554627,3.808594170120463e-05,0,-1.258924067581857e-06
1.485,0.0239364,-0.30685680000000004,9.871999200000001,0.007156189123257661,0,0.031265453339646115,0.0,0,-9.542365339722197e-07
1.5,0.0239364,-0.30685680000000004,9.871999200000001,0.007646627607018175,0,0.03269589891736779,0.0,0,-9.542365339722197e-07
1.516,0.028449,-0.33226469999999997,9.842078700000002,0.00755746152202974,0,-0.005572880311777157,0.0,0,-9.542365339722197e-07
1.532,-0.0059841,-0.33226469999999997,9.9528336,0.00963971527412788,0,0.13014085950613363,1.8814242524565344e-05,0,-8.037225937756968e-07
1.547,-0.0059841,-0.33226469999999997,9.9528336,0.011681140521282884,0,0.13609501647700117,0.0,0,-6.626157748414576e-07
1.563,0.029920500000000003,-0.39671639999999997,9.8644455,0.01199792888703577,0,0.019799272859555277,0.0,0,-6.626157748414576e-07
1.578,0.029920500000000003,-0.39671639999999997,9.8644455,0.012308505716205786,0,0.020705121944667646,5.045147578100744e-05,0,-2.842297064838987e-07
1.594,0.0344331,-0.3652263,9.851005800000001,0.012326111447768184,0,0.0011003582226498654,0.0,0,1.193820997641612e-07
1.61,-0.049442400000000004,-0.3278502,9.8674866,0.012641829983760289,0,0.01973240849950651,0.0,0,1.193820997641612e-07
1.625,-0.049442400000000004,-0.3278502,9.8674866,0.012951357960224286,0,0.020635198430933258,0.00013922085412491035,0,1.163538505700982e-06
1.641,-0.049442400000000004,-0.32333760000000006,9.8405091,0.012723219361909344,0,-0.014258662394683862,0.0,0,2.2773053387002657e-06
1.657,0.0254079,-0.32333760000000006,9.7612443,0.01094440131354446,0,-0.11117612802280509,3.395843810560968e-05,0,2.5489728435451436e-06
1.672,0.0389457,-0.33981839999999996,9.889951500000002,0.0117344500645018,0,0.052669916730489645,0.0,0,2.8036611293372147e-06
1.688,0.0389457,-0.33981839999999996,9.889951500000002,0.012509007663480176,0,0.048409849936148455,0.0,0,2.8036611293372147e-06
1.703,-0.04188870000000001,-0.33981839999999996,9.910846800000002,0.013678080516358548,0,0.07793819019189084,9.440064661360437e-05,0,3.5116659789392535e-06
1.719,-0.0224649,-0.2994012,9.800091900000002,0.012626793638222722,0,-0.0657054298834891,0.0,0,4.266871151848089e-06
1.735,-0.0224649,-0.2994012,9.800091900000002,0.011596120228285045,0,-0.06441708812110475,0.0,0,4.266871151848089e-06
1.75,0.10182780000000001,-0.2994012,9.839037600000001,0.0113587647655784,0,-0.015823697513776463,0.0001707845882362915,0,5.5477555636202665e-06
1.766,0.1272357,-0.36375480000000004,9.839037600000001,0.01117435576045267,0,-0.011525562820358094,0.0,0,6.914032269510599e-06
1.782,0.0359046,-0.3503151,9.777627,0.009765816470508781,0,-0.08803370562149296,1.857093029223114e-05,0,7.062599711848449e-06
1.797,0.0359046,-0.3023442,9.8584614,0.00993774715993645,0,0.011462045961844636,0.0,0,7.201881689040181e-06
1.813,-0.0449298,-0.3023442,9.845021700000002,0.009843635041024257,0,-0.0058820074320120545,0.0,0,7.201881689040181e-06
1.828,0.049442400000000004,-0.34128990000000003,9.845021700000002,0.00977674058453637,0,-0.004459630432525767,0.0,0,7.201881689040181e-06
1.844,0.049442400000000004,-0.3771945,9.834525,0.009531165533404717,0,-0.015348440695728258,0.0001262147812634909,0,8.211599939148109e-06
1.86,0.0449298,-0.3771945,9.845021700000002,0.009495645908639716,0,-0.0022199765478125833,0.0,0,9.221318189256038e-06
1.875,0.0254079,-0.3712104,9.845021700000002,0.009454999765763361,0,-0.0027097428584236796,0.0,0,9.221318189256038e-06
1.891,0.0254079,-0.3338343,9.891423,0.010298231970276461,0,0.052702012782068715,7.858496924618638e-05,0,9.84999794322553e-06
1.907,0.0224649,-0.3338343,9.8046045,0.009423448800864875,0,-0.054673948088224074,0.0,0,1.0478677697195022e-05
1.922,-0.0090252,-0.2889045,9.8046045,0.008537431902125192,0,-0.0590677932493126,0.0,0,1.0478677697195022e-05
1.938,0.0389457,-0.33824879999999996,9.855518400000001,0.008698864049918598,0,0.010089509237087837,8.955388304093467e-06,0,1.055032080362777e-05
1.953,0.0389457,-0.3622833,9.845021700000002,0.008668191964540384,0,-0.0020448056918809074,0.0,0,1.0617486215908471e-05
1.969,0.050913900000000005,-0.3622833,9.8734707,0.009196631415349543,0,0.03302746567557244,0.0,0,1.0617486215908471e-05
1.985,0.0059841,-0.41309910000000005,9.8734707,0.009751266491651478,0,0.034664692268870895,0.0,0,1.0617486215908471e-05
2.0,0.0059841,-0.34128990000000003,9.8136297,0.009068627358612247,0,-0.045509275535949044,7.485928258463975e-05,0,1.1178930835293265e-05
2.016,-0.028449,-0.34128990000000003,9.806076000000001,0.008252124020463825,0,-0.051031458634276335,0.0,0,1.1777805095970383e-05
2.032,0.0389457,-0.3262806,9.806076000000001,0.007442325701513042,0,-0.05061239493442389,0.0,0,1.1777805095970383e-05
2.047,0.0389457,-0.3307932,9.8854389,0.008206614145629842,0,0.050952562941119627,0.0,0,1.1777805095970383e-05
2.063,0.08377740000000002,-0.3307932,9.7986204,0.007260068642763073,0,-0.05915909392917301,8.008140255377945e-05,0,1.2418456316400619e-05
2.078,0.04188870000000001,-0.3712104,9.7986204,0.0063551889917174975,0,-0.060325310069706345,0.0,0,1.3019066835553952e-05
2.094,0.0373761,-0.33981839999999996,9.8196138,0.005856762160211915,0,-0.0311516769690989,0.0,0,1.3019066835553952e-05
2.11,0.0373761,-0.33981839999999996,9.8196138,0.005368108403834171,0,-0.030540859773608958,0.0,0,1.3019066835553952e-05
2.125,0.0373761,-0.3951468000000001,9.8076456,0.004695127816194855,0,-0.04486537250928735,0.0,0,1.3019066835553952e-05
2.141,-0.0059841,-0.33530580000000004,9.8464932,0.004751593935491627,0,0.003529132456048242,2.0738454203894294e-05,0,1.3184974469185108e-05
2.157,-0.0059841,-0.36973890000000004,9.8464932,0.004831109270957867,0,0.004969708466640017,0.0,0,1.3350882102816263e-05
2.172,0.0,-0.36973890000000004,9.8928945,0.005818221502693177,0,0.06580748211568678,0.0,0,1.3350882102816263e-05
2.188,0.0,-0.36973890000000004,9.8928945,0.00678597859262986,0,0.060484818121042616,0.0,0,1.3350882102816263e-05
2.203,-0.0239364,-0.3487455,9.831582000000001,0.006518938180700928,0,-0.01780269412859582,0.0,0,1.3350882102816263e-05
2.219,-0.0239364,-0.3487455,9.831582000000001,0.006257133855280372,0,-0.016362770338784735,0.0,0,1.3350882102816263e-05
2.235,0.031392,-0.3547296,9.8615025,0.006591362302607706,0,0.020889277957958346,8.288708277139241e-05,0,1.4013978764987403e-05
2.25,0.0194238,-0.3771945,9.8615025,0.006934768328740404,0,0.022893735075512987,0.0,0,1.463563188577285e-05
2.266,0.0194238,-0.3771945,9.8615025,0.007271440903378945,0,0.021042035914908813,0.0,0,1.463563188577285e-05
2.282,0.0045126,-0.35777070000000005,9.8944641,0.008232857182509434,0,0.06008851744565552,0.0,0,1.463563188577285e-05
2.297,0.0045126,-0.35777070000000005,9.8944641,0.00917542216205014,0,0.06283766530271317,5.257921613476338e-05,0,1.502997600678358e-05
2.313,0.0614106,-0.3307932,9.8375661,0.008969826418788074,0,-0.012849733953879105,0.0,0,1.5450609735861688e-05
2.328,0.0614106,-0.3307932,9.8375661,0.008768261964609891,0,-0.013437630278545784,0.0,0,1.5450609735861688e-05
2.344,0.050913900000000005,-0.3307932,9.836094600000001,0.00854063917826231,0,-0.014226424146723803,0.0,0,1.5450609735861688e-05
2.36,0.0239364,-0.33226469999999997,9.7791966,0.007201435954309332,0,-0.08370020149706107,9.5184677860502e-05,0,1.6212087158745705e-05
2.375,0.0239364,-0.33226469999999997,9.7791966,0.005888491617099589,0,-0.08752962248064879,0.0,0,1.6925972242699477e-05
2.391,0.0269775,-0.35777070000000005,9.788123700000002,0.00479400350482706,0,-0.06840550701703302,0.0,0,1.6925972242699477e-05
2.407,0.0269775,-0.35777070000000005,9.788123700000002,0.0037209759437750733,0,-0.06706422256574912,0.0,0,1.6925972242699477e-05
2.422,0.04041720000000001,-0.3847482,9.788123700000002,0.002689943781660986,0,-0.06873547747427192,0.0,0,1.6925972242699477e-05
2.438,0.0254079,-0.347274,9.7941078,0.0017679433991073523,0,-0.057625023909602065,0.0,0,1.6925972242699477e-05
2.453,0.0254079,-0.347274,9.7941078,0.0008640214554276326,0,-0.060261462911982595,0.0,0,1.6925972242699477e-05
2.469,0.052385400000000006,-0.315882,9.7941078,-4.0903491429489236e-05,0,-0.05655780917857007,0.0,0,1.6925972242699477e-05
2.485,0.052385400000000006,-0.33824879999999996,9.8524773,0.0002303581440159519,0,0.016953852215340057,0.0,0,1.6925972242699477e-05
2.5,0.0059841,-0.33824879999999996,9.8524773,0.0004936074571482152,0,0.017549954208817407,0.0,0,1.6925972242699477e-05
2.516,0.04041720000000001,-0.3547296,9.8524773,0.0007646413754116566,0,0.01693961989146507,0.0,0,1.6925972242699477e-05
2.532,0.04041720000000001,-0.36826739999999997,9.854046900000002,0.0010708485604613571,0,0.01913794906560627,0.0,0,1.6925972242699477e-05
2.547,0.049442400000000004,-0.36826739999999997,9.831582000000001,0.0009316832878614179,0,-0.009277684839995875,3.7228849575215994e-06,0,1.695389387988089e-05
2.563,0.0389457,-0.3847482,9.8151012,0.0004837856205828217,0,-0.027993604204912235,0.0,0,1.6983676959541063e-05
2.578,-0.0134397,-0.36669779999999996,9.8151012,2.979815339720915e-05,0,-0.03026583114570815,0.0,0,1.6983676959541063e-05
2.594,-0.0134397,-0.34128990000000003,9.8375661,6.978494575093919e-06,0,-0.0014262286763822006,0.0,0,1.6983676959541063e-05
2.61,-0.0090252,-0.34128990000000003,9.830012400000001,-0.00016351507557388345,0,-0.010655848134311077,0.0,0,1.6983676959541063e-05
2.625,0.0329616,-0.3503151,9.830012400000001,-0.00032344247350479804,0,-0.01066182652872755,0.0,0,1.6983676959541063e-05
2.641,0.0329616,-0.4027005000000001,9.806076000000001,-0.0009098651421375337,0,-0.03665141678954594,0.0,0,1.6983676959541063e-05
2.657,0.0150093,-0.4027005000000001,9.821085300000002,-0.0011915974107452598,0,-0.017608266787982867,0.0,0,1.6983676959541063e-05
2.672,0.031392,-0.37268190000000007,9.821085300000002,-0.0014902642947589584,0,-0.01991112560091307,0.0,0,1.6983676959541063e-05
2.688,0.031392,-0.3771945,9.839037600000001,-0.0014279542284363345,0,0.003894379145163992,0.0,0,1.6983676959541063e-05
2.703,0.0119682,-0.3652263,9.8120601,-0.0019051570865045164,0,-0.03181352387121281,0.0,0,1.6983676959541063e-05
2.719,0.020993400000000002,-0.3652263,9.851005800000001,-0.0016095929273127751,0,0.018472759949483813,0.0,0,1.6983676959541063e-05
2.735,0.029920500000000003,-0.3367773,9.851005800000001,-0.0013392352426215837,0,0.016897355293199454,0.0,0,1.6983676959541063e-05
2.75,0.029920500000000003,-0.3532581,9.8196138,-0.0016779976189038592,0,-0.022584158418818185,0.0,0,1.6983676959541063e-05
2.766,0.056898,-0.3532581,9.7821396,-0.00274207977474461,0,-0.06650513474004688,0.0,0,1.6983676959541063e-05
2.782,0.056898,-0.3532581,9.7821396,-0.003785297574587787,0,-0.0652011124901985,0.0,0,1.6983676959541063e-05
2.797,0.0329616,-0.3278502,9.7327953,-0.005794531941241132,0,-0.13394895777688856,0.0,0,1.6983676959541063e-05
2.813,0.0269775,-0.3278502,9.889951500000002,-0.004684967207820634,0,0.06934779583878109,0.0,0,1.6983676959541063e-05
2.828,0.0269775,-0.3278502,9.889951500000002,-0.0035971586456433613,0,0.07252057081181972,0.0,0,1.6983676959541063e-05
2.844,0.0119682,-0.3262806,9.783611100000002,-0.004616234266491048,0,-0.06369222630298038,-2.6273265374045923e-05,0,1.6773490836548696e-05
2.86,0.0119682,-0.3262806,9.783611100000002,-0.005615328012421372,0,-0.06244335912064519,0.0,0,1.656330471355633e-05
2.875,0.0194238,-0.36973890000000004,9.8240283,-0.005772376386769196,0,-0.010469891623188145,0.0,0,1.656330471355633e-05
2.891,0.0194238,-0.36973890000000004,9.8240283,-0.00592634538122816,0,-0.009623062153685238,0.0,0,1.656330471355633e-05
2.907,0.020993400000000002,-0.3831786,9.8240283,-0.00606714126836394,0,-0.00879974294598628,0.0,0,1.656330471355633e-05
2.922,0.020993400000000002,-0.3278502,9.854046900000002,-0.005656137926214555,0,0.027400222809958793,0.0,0,1.656330471355633e-05
2.938,0.059841000000000005,-0.3278502,9.839037600000001,-0.005544202560336942,0,0.006995960367350834,-6.0598531791742835e-05,0,1.6078516459222384e-05
2.953,0.0344331,-0.33981839999999996,9.855518400000001,-0.005105931042360012,0,0.02921810119846257,0.0,0,1.5624027470784323e-05
2.969,0.0344331,-0.33981839999999996,9.855518400000001,-0.004676253083559345,0,0.026854872425041674,0.0,0,1.5624027470784323e-05
2.985,0.031392,-0.33981839999999996,9.845021700000002,-0.004460893433266833,0,0.013459978143282024,0.0,0,1.5624027470784323e-05
3.0,0.049442400000000004,-0.347274,9.866015100000002,-0.003831831448284362,0,0.041937465665497706,0.0,0,1.5624027470784323e-05
3.016,0.049442400000000004,-0.347274,9.866015100000002,-0.003215104012026515,0,0.03854546476611539,0.0,0,1.5624027470784323e-05
3.032,0.0748503,-0.3876912,9.7926363,-0.0040154767240832,0,-0.05002329450354277,0.0,0,1.5624027470784323e-05
3.047,0.0748503,-0.3876912,9.7926363,-0.004800155853549981,0,-0.05231194196445163,-3.4361989469180315e-05,0,1.536631254976547e-05
3.063,0.029920500000000003,-0.3367773,9.7926363,-0.005611060594858941,0,-0.05068154633180995,0.0,0,1.5091416634012026e-05
3.078,0.029920500000000003,-0.36973890000000004,9.8165727,-0.0059137601723247,0,-0.02017997183105105,0.0,0,1.5091416634012026e-05
3.094,0.0359046,-0.36973890000000004,9.855518400000001,-0.0054470342012731265,0,0.02917037319072333,0.0,0,1.5091416634012026e-05
3.11,0.010496700000000001,-0.37572300000000003,9.855518400000001,-0.004986197287214722,0,0.02880230712865026,0.0,0,1.5091416634012026e-05
3.125,0.010496700000000001,-0.3173535,9.818044200000001,-0.005309019793465097,0,-0.02152150041669151,0.0,0,1.5091416634012026e-05
3.141,0.0134397,-0.3173535,9.8091171,-0.005800391698773666,0,-0.030710744081785507,-4.452950375002235e-05,0,1.4735180604011847e-05
3.157,0.0179523,-0.3547296,9.8091171,-0.0062568956176409785,0,-0.02853149492920701,0.0,0,1.4378944574011668e-05
3.172,0.0179523,-0.37425150000000007,9.843550200000001,-0.006015566219828017,0,0.01608862652086397,0.0,0,1.4378944574011668e-05
3.188,0.0389457,-0.33981839999999996,9.8405091,-0.005861845729320692,0,0.009607530656707821,0.0,0,1.4378944574011668e-05
3.203,0.0269775,-0.33981839999999996,9.827069400000001,-0.005975290281277523,0,-0.007562970130455606,0.0,0,1.4378944574011668e-05
3.219,0.029920500000000003,-0.37866600000000006,9.827069400000001,-0.006058516595993879,0,-0.005201644669772239,-1.3099536753203439e-05,0,1.427414827998604e-05
3.235,0.029920500000000003,-0.33824879999999996,9.842078700000002,-0.00587487432615319,0,0.011477641865043065,0.0,0,1.4169351985960413e-05
3.25,0.050913900000000005,-0.33824879999999996,9.8854389,-0.004843454250805124,0,0.06876133835653718,0.0,0,1.4169351985960413e-05
3.266,0.0373761,-0.37866600000000006,9.8854389,-0.003804725178515156,0,0.06492056701812293,0.0,0,1.4169351985960413e-05
3.282,0.0373761,-0.36669779999999996,9.9932508,-0.0006826974583962198,0,0.19512673250743334,0.0,0,1.4169351985960413e-05
3.297,0.0090252,-0.36669779999999996,10.005219,0.0026113371595641865,0,0.21960230786402526,0.0,0,1.4169351985960413e-05
3.313,0.0239364,-0.33981839999999996,10.005219,0.005822667153511318,0,0.20070812462169557,0.0,0,1.4169351985960413e-05
3.328,0.0150093,-0.35777070000000005,10.283626800000002,0.01443853137343254,0,0.5743909479947603,0.0,0,1.4169351985960413e-05
3.344,0.0150093,-0.41908320000000004,10.1413818,0.020144064381605986,0,0.3565958130108401,0.0,0,1.4169351985960413e-05
3.36,0.04041720000000001,-0.41908320000000004,10.2282003,0.027439955249686676,0,0.45599317925504274,9.718979931866781e-05,0,1.4946870380509755e-05
3.375,0.0179523,-0.31136939999999996,10.2282003,0.03451616672696467,0,0.471747431818529,6.186071414355544e-05,0,1.613974923147644e-05
3.391,0.0179523,-0.31136939999999996,10.2282003,0.041453628959590816,0,0.43359138953913373,0.00016961907963600024,0,1.7991587581712887e-05
3.407,0.0179523,-0.3891627,10.1743434,0.047252019138623425,0,0.3623993861895377,0.0003792642644217144,0,2.238265433417461e-05
3.422,-0.0254079,-0.344331,10.2252573,0.05390310115149077,1,0.44340546752448623,0.001137927666597577,0,3.376159381681939e-05
3.438,-0.0254079,-0.3712104,10.205735400000002,0.06005967054925776,1,0.38478558736043633,0.0020496298402035654,0,5.926205387122855e-05
3.453,0.0478728,-0.3712104,10.0665315,0.06336947407027438,1,0.22065356806777928,0.0029753484248500354,0,9.694939085912975e-05
3.469,0.0134397,-0.35178660000000006,10.0665315,0.06659865662252429,1,0.20182390951561918,0.0040150934703924255,0,0.0001528729260210695
3.485,0.0254079,-0.3532581,10.0291554,0.06903357433186841,1,0.15218235683400735,0.005100151318027567,0,0.00022579488432842952
3.5,0.0254079,-0.3532581,10.0291554,0.0714207485567151,1,0.15914494832311127,0.0061535587396919535,0,0.00031019770976132665
3.516,0.0150093,-0.3907323,10.2761712,0.07862779865302727,1,0.45044063101951043,0.007353947117369891,0,0.0004182577566178215
3.532,0.0329616,-0.3338343,10.2761712,0.08565504803041435,1,0.43920308608669206,0.008668209890837428,0,0.0005464350126834802
3.547,0.0329616,-0.3338343,10.2761712,0.09254450820432325,1,0.45929734492725627,0.01000470656259797,0,0.0006864818860842468
3.563,0.0329616,-0.3338343,10.157862600000001,0.09698035386844772,1,0.27724035400777924,0.01152090545918014,0,0.0008586867822584719
3.578,0.0703377,-0.3338343,10.1833686,0.10183278301274079,1,0.3234952762862115,0.013012003985789021,0,0.0010426836030957367
3.594,-0.0134397,-0.3592422,10.2881394,0.10865548701354122,1,0.42641900005002636,0.014695910145999278,0,0.0012643469161500434
3.61,-0.0134397,-0.3592422,10.2881394,0.11534441250452154,1,0.4180578431862699,0.01648790934214378,0,0.001513817472055188
3.625,0.010496700000000001,-0.3592422,10.133926200000001,0.11888019859318355,1,0.23571907257746522,0.018244593925376584,0,0.001774311246561593
3.641,0.0179523,-0.344331,10.2042639,0.12371509573359774,1,0.3021810712758863,0.020185356279990838,0,0.0020817508482045325
3.657,0.0179523,-0.344331,10.2042639,0.12845519096929792,1,0.29625595223126105,0.022202718573614,0,0.0024208554470333717
3.672,0.0179523,-0.36826739999999997,10.270187100000001,0.13441049519800252,1,0.3970202819136371,0.02417421121986877,0,0.0027686824204844955
3.688,0.0344331,-0.36826739999999997,10.211719500000001,0.1391041758499867,1,0.29335504074901014,0.026362328588252687,0,0.0031729747389494674
3.703,0.0119682,-0.347274,10.2581208,0.1445997160331629,1,0.366369345545089,0.02849010777737626,0,0.003584368011691676
3.719,0.0119682,-0.347274,10.2581208,0.14998750052647125,1,0.3367365308317713,0.030846805509853338,0,0.004059063317989513
3.735,0.0119682,-0.347274,10.2177036,0.1544776041373197,1,0.28063147567802793,0.033282526347163666,0,0.004572097972845649
3.75,0.0150093,-0.37572300000000003,10.2177036,0.15889946837995872,1,0.2947909495092654,0.03563285439104327,0,0.005088963328382205
3.766,0.0150093,-0.3532581,10.1114613,0.16113700299406908,1,0.13984591338189734,0.0381931461620355,0,0.005679571332806836
3.782,-0.04188870000000001,-0.3532581,10.3644612,0.16828993632481826,1,0.44705833317182325,0.0408285616765866,0,0.006311744995515813
3.797,-0.0134397,-0.3996594,10.3300281,0.1746594978351883,1,0.4246374340246663,0.04340068243278667,0,0.006943464326336118
3.813,-0.0134397,-0.3996594,10.3300281,0.18090416598261072,1,0.3902917592139007,0.04624519174332906,0,0.007660631319745044
3.828,-0.0134397,-0.3592422,10.3329711,0.18705496981285208,1,0.4100535886827659,0.04900488526179497,0,0.008375006897283458
3.844,0.031392,-0.3592422,10.4063499,0.19452386358440243,1,0.46680586072189684,0.05205751592897301,0,0.009183506106809604
3.86,0.0164808,-0.37866600000000006,10.4063499,0.20185913108115372,1,0.45845421854695495,0.05522857988629745,0,0.010041794873331768
3.875,0.0164808,-0.36973890000000004,10.3434678,0.20781208100124182,1,0.39686332800587015,0.05830111397691545,0,0.010893267577305871
3.891,0.0194238,-0.36973890000000004,10.205735400000002,0.21094952303199577,1,0.1960901269221214,0.06165120680918136,0,0.011852886143594647
3.907,-0.0269775,-0.34128990000000003,10.205735400000002,0.21400636328546518,1,0.1910525158418384,0.06505085389972105,0,0.012866502629265867
3.922,-0.0269775,-0.36973890000000004,10.4197896,0.22121711691620227,1,0.48071690871580186,0.06831503000123358,0,0.013866746758523035
3.938,0.0059841,-0.36973890000000004,10.3465089,0.22684986647515792,1,0.3520468474347279,0.07189956586836446,0,0.01498846352547982
3.953,-0.0014715,-0.3712104,10.265674500000001,0.2307892095006423,1,0.2626228683656307,0.0753318589381829,0,0.0160926992115289
3.969,0.0329616,-0.3547296,10.265674500000001,0.23464092662983838,1,0.24073232057475447,0.07905530002722674,0,0.017327796483252177
3.985,0.0329616,-0.3503151,10.4512797,0.24205136889701429,1,0.46315264169849396,0.08286883839144157,0,0.018623189590601524
4.0,0.0478728,-0.3503151,10.3090347,0.24653013744616104,1,0.29858456994311416,0.08653319968901542,0,0.01989370487620496
4.016,0.0,-0.39671639999999997,10.3090347,0.250951851894607,1,0.2763571530278728,0.09051305560374157,0,0.021310074918547018
4.032,0.0,-0.35178660000000006,10.295595000000002,0.25499153484491544,1,0.2524801843942768,0.09456060269765774,0,0.022790664184958214
4.047,-0.0090252,-0.35178660000000006,10.4557923,0.2620914042110538,1,0.4733246244092353,0.09843872474057744,0,0.024238159140744946
4.063,0.0134397,-0.33226469999999997,10.4557923,0.26903963867625613,1,0.43426465407514453,0.10268777308367592,0,0.025847171123338973
4.078,0.0134397,-0.3262806,10.392910200000001,0.274615562170764,1,0.3717282329671767,0.10676518709002873,0,0.027418068324641817
4.094,0.0389457,-0.3262806,10.324044,0.2787337748979244,1,0.2573882954475246,0.11119198178657824,0,0.029161725675654674
4.11,-0.0134397,-0.37425150000000007,10.428814800000001,0.28485485660098675,1,0.3825676064413971,0.11570069083856954,0,0.03097686705665586
4.125,-0.0134397,-0.33226469999999997,10.428814800000001,0.2908280462884516,1,0.3982126458309987,0.12001831261024024,0,0.0327447595825219
4.141,-0.0134397,-0.33226469999999997,10.428814800000001,0.2966841146094943,1,0.36600427006516745,0.1247184098974238,0,0.03470265336258321
4.157,0.0224649,-0.34580249999999996,10.351021500000002,0.3009097763449162,1,0.26410385846387086,0.1294991610250591,0,0.03673639392996308
4.172,-0.0090252,-0.3951468000000001,10.351021500000002,0.3050867882450614,1,0.2784674600096852,0.13404413525948383,0,0.038712968652097106
4.188,-0.0090252,-0.3951468000000001,10.351021500000002,0.3091818979510865,1,0.25594435662656934,0.13895828474905303,0,0.0408969880121654
4.203,0.0329616,-0.37866600000000006,10.379372400000001,0.3137411186924979,1,0.30394804942741194,0.1436302073738801,0,0.04301640170308748
4.219,0.0329616,-0.37866600000000006,10.379372400000001,0.3182109429487827,1,0.27936401601780214,0.14868582386701035,0,0.04535492995301461
4.235,0.0658251,-0.3173535,10.5051366,0.32502068059542033,1,0.42560860291485053,0.15383167685536397,0,0.0477750699587936
4.25,0.04188870000000001,-0.36669779999999996,10.4197896,0.3300535426020694,1,0.3355241337766136,0.15874473352934504,0,0.05011939303667887
4.266,0.04188870000000001,-0.36669779999999996,10.4197896,0.3349877210399601,1,0.3083861523681672,0.16406506363848128,0,0.05270187141402149
4.282,-0.0164808,-0.3262806,10.352492999999999,0.3384785293355037,1,0.2181755184714749,0.169452793641485,0,0.05537001427226122
4.297,-0.0164808,-0.3262806,10.352492999999999,0.3419008904095655,1,0.228157404937458,0.1745556392895729,0,0.0579500775192441
4.313,-0.0045126,-0.3951468000000001,10.4962095,0.34811887696895916,1,0.38862415996210287,0.1800757974286011,0,0.060787129012989494
4.328,-0.0045126,-0.3951468000000001,10.4962095,0.3542149422232672,1,0.4064043502871885,0.18534330107254302,0,0.06352777225174817
4.344,0.0,-0.3652263,10.4962095,0.3601702215316447,1,0.37220495677359156,0.19105838238258233,0,0.06653898571938918
4.36,-0.0373761,-0.39220380000000005,10.3883976,0.3639166522260311,1,0.2341519183991501,0.19685107737264373,0,0.06964226139743099
4.375,-0.0373761,-0.39220380000000005,10.3883976,0.36758962349503754,1,0.24486475126710208,0.20233737444055164,0,0.07263617478602989
4.391,0.04188870000000001,-0.37572300000000003,10.4257737,0.3719113589430876,1,0.27010846550312695,0.20825338230005663,0,0.07592090083995476
4.407,0.04188870000000001,-0.37572300000000003,10.4257737,0.3761483544803923,1,0.2648122210815449,0.2142378600074445,0,0.07930083077841477
4.422,0.0030411,-0.34580249999999996,10.337483700000002,0.37855012604022065,1,0.1601181039885599,0.21989809861134896,0,0.08255685046805565
4.438,-0.0030411,-0.34580249999999996,10.4063499,0.38225437175730725,1,0.23151535731791276,0.2259845345937292,0,0.08612391153369628
4.453,-0.0254079,-0.35777070000000005,10.4063499,0.38589451283449705,1,0.24267607181264386,0.23174565122816795,0,0.08955688792736063
4.469,-0.0254079,-0.4056435,10.515633300000001,0.3916388825523569,1,0.35902310736624055,0.2379659183912628,0,0.09331458048431608
4.485,0.0179523,-0.4056435,10.4557923,0.39609784218999344,1,0.2786849773522835,0.24426781218920163,1,0.0971724503289598
4.5,-0.0134397,-0.37572300000000003,10.557522,0.4024407566764534,1,0.4228609657640064,0.25025685168069983,1,0.10088138530798398
4.516,-0.0134397,-0.37572300000000003,10.557522,0.4086593002906298,1,0.3886589758860245,0.2567456521364365,1,0.10493740533852107
4.532,0.0239364,-0.37572300000000003,10.4572638,0.4127916894218977,1,0.2582743207042435,0.26331726005413675,1,0.10909790863604565
4.547,0.0224649,-0.3622833,10.4572638,0.41683369425398986,1,0.2694669888061498,0.2695394504317058,1,0.11309433396468939
4.563,0.0224649,-0.3562992,10.4438241,0.4205290451672994,1,0.23095943208184513,0.2762383523470761,1,0.11746055638691964
4.578,-0.0164808,-0.3652263,10.4647194,0.4245672238948739,1,0.2692119151716234,0.28257657436504263,1,0.1216516683372607
4.594,0.0254079,-0.3652263,10.385356500000002,0.4269713961821555,1,0.15026076795510143,0.2893888833256589,1,0.1262273919987863
4.61,0.0045126,-0.3891627,10.385356500000002,0.4293448731584668,1,0.1483423110194558,0.29623941348038385,1,0.13091241837323464
4.625,0.0045126,-0.3592422,10.4871843,0.43364612758926313,1,0.28675029538642743,0.3027118459859917,1,0.13540455281923236
4.641,0.031392,-0.3592422,10.4393115,0.4369258200229247,1,0.2049807771038468,0.30967642156688924,1,0.1403036589596554
4.657,0.049442400000000004,-0.38621970000000005,10.4393115,0.4401614486300094,1,0.20222678794279397,0.3166931197161127,1,0.14531461528991943
4.672,0.049442400000000004,-0.37572300000000003,10.551537900000001,0.4455252120823996,1,0.3575842301593544,0.3233357696714556,1,0.1501148319603261
4.688,0.0179523,-0.37572300000000003,10.4347989,0.4484943024124348,1,0.18556814562720164,0.3304879257874143,1,0.15534542152399705
4.703,0.0150093,-0.32932170000000005,10.4347989,0.4513743647603121,1,0.192004156525146,0.3372369407912102,1,0.16035335802333692
4.719,0.0150093,-0.3817071,10.4647194,0.4548192152994357,1,0.21530315869522346,0.3444864894316882,1,0.1658071454651201
4.735,0.0239364,-0.40417200000000003,10.6158915,0.4611753477178535,1,0.3972582761511131,0.3518144459358265,1,0.17137755294806023
4.75,-0.007455600000000001,-0.40417200000000003,10.380942000000001,0.46280293146117835,1,0.10850558288832458,0.3587442830296691,1,0.17670674341530132
4.766,-0.007455600000000001,-0.40417200000000003,10.380942000000001,0.4643986017977717,1,0.09972939603708478,0.3661618952957407,1,0.1825059928419046
4.782,-0.0434583,-0.3562992,10.461776400000002,0.46751440438625735,1,0.19473766178035296,0.373617199345213,1,0.18842422559903224
4.797,0.0150093,-0.3562992,10.5650757,0.47259186719223756,1,0.33849752039868747,0.38066799638205157,1,0.1940813645669866
4.813,0.0329616,-0.35777070000000005,10.5650757,0.4775715450837694,1,0.3112298682207412,0.38826930368025964,1,0.2002328629674851
4.828,0.0329616,-0.3008727,10.4228307,0.47963086562451274,1,0.13728803604954912,0.39544832176057204,1,0.20611074515829156
4.844,-0.0119682,-0.3008727,10.4452956,0.4820892254112099,1,0.15364748666857317,0.40314208248885786,1,0.212499468392287
4.86,-0.0119682,-0.3008727,10.4452956,0.4844993820648362,1,0.15063479085164463,0.4108747913486662,1,0.2190116033829872
4.875,0.020993400000000002,-0.33226469999999997,10.4991525,0.48793669065194045,1,0.2291539058069533,0.4181680618940419,1,0.22522942478230737
4.891,0.020993400000000002,-0.3592422,10.5171048,0.4916758110264272,1,0.23369502340542228,0.42600496190746884,1,0.23198280897271947
4.907,0.020993400000000002,-0.3592422,10.5171048,0.49534161531514087,1,0.22911276804460348,0.43390110131820137,1,0.23886205747852485
4.922,-0.010496700000000001,-0.3876912,10.442254499999999,0.4974883802676171,1,0.14311766349841853,0.4413473262850719,1,0.24542642068554926
4.938,-0.010496700000000001,-0.3876912,10.442254499999999,0.4995930517896525,1,0.13154197012721347,0.44932397774153005,1,0.2525517911177621
4.953,0.0344331,-0.3547296,10.307563200000002,0.4989950545297539,1,-0.03986648399323978,0.4568133885389259,1,0.2593478213648658
4.969,0.0344331,-0.3547296,10.307563200000002,0.49840878270632416,1,-0.03664198896435874,0.46479261923681453,1,0.26672066942707173
4.985,-0.0150093,-0.33824879999999996,10.307563200000002,0.4978222368639411,1,-0.036659115148940345,0.4727624673933767,1,0.27422111012011324
5.0,0.0150093,-0.347274,10.6787736,0.5045277170963303,1,0.4470320154926195,0.48028009204807853,1,0.281368929315924
5.016,0.0150093,-0.347274,10.6787736,0.5111017173241628,1,0.4108750142395308,0.4884051275234425,1,0.2891184110724962
5.032,-0.0239364,-0.34128990000000003,10.4812002,0.513671389580761,1,0.16060451603738798,0.4966033123786823,1,0.2969984785917132
5.047,-0.0239364,-0.34128990000000003,10.4812002,0.5161906761068362,1,0.1679524350716868,0.5043272778713396,1,0.3045054580185882
5.063,-0.0239364,-0.4027005000000001,10.5171048,0.5194067668810671,1,0.20100567338943148,0.5126120574152428,1,0.31264097270088087
5.078,-0.0090252,-0.33530580000000004,10.416846600000001,0.5205481646867085,1,0.07609318704275547,0.5204117194020015,1,0.3203886510270105
5.094,-0.0090252,-0.33530580000000004,10.416846600000001,0.5216671821432204,1,0.06993859103199268,0.5287494421766409,1,0.32878194031963964
5.11,0.0119682,-0.33981839999999996,10.6727895,0.5277830627469804,1,0.38224253773499994,0.5371450441357625,1,0.3373090962101389
5.125,0.0119682,-0.33981839999999996,10.6727895,0.5337790241232163,1,0.39973075841573685,0.5451067597872887,1,0.3454259847395616
5.141,0.0464013,-0.34128990000000003,10.463247899999999,0.5355537048903205,1,0.11091754794401155,0.553661421619397,1,0.3542161301908151
5.157,0.0464013,-0.34128990000000003,10.463247899999999,0.5372935879953253,1,0.10874269406280214,0.5622441999624822,1,0.3631433751634702
5.172,-0.0239364,-0.34128990000000003,10.4452956,0.5386460584476982,1,0.09016469682485898,0.5703137473108048,1,0.37163755976801965
5.188,-0.0090252,-0.3487455,10.4452956,0.5399763748982433,1,0.0831447781590721,0.5789427267775723,1,0.3808316115607267
5.203,0.059841000000000005,-0.37866600000000006,10.5171048,0.5427113874539327,1,0.18233417037928035,0.587062884995214,1,0.38957665364902294
5.219,0.059841000000000005,-0.37268190000000007,10.4003658,0.5431010730900514,1,0.024355352257421338,0.5957493846795658,1,0.3990391518064212
5.235,-0.010496700000000001,-0.37268190000000007,10.4467671,0.5443890962089117,1,0.08050144492877102,0.6044493060339575,1,0.4086407413321294
5.25,0.0150093,-0.2858634,10.4467671,0.5455983433713278,1,0.08061647749440871,0.6126242118308092,1,0.41776879271611495
5.266,0.0150093,-0.39671639999999997,10.527601500000001,0.5484387045022796,1,0.17752257068448501,0.6213765082137981,1,0.4276407984764718
5.282,0.0434583,-0.39671639999999997,10.5560505,0.5517823443954608,1,0.20897749332382512,0.63017827660498,1,0.43765323675502205
5.297,0.0059841,-0.344331,10.5560505,0.5550226713532336,1,0.21602179718485565,0.6384793142230951,1,0.4471681686862324
5.313,0.0059841,-0.3262806,10.4512797,0.5561348872156753,1,0.06951349140260626,0.6473685746916464,1,0.4574549517975503
5.328,-0.04188870000000001,-0.3262806,10.418318099999999,0.5565809215589379,1,0.029735622884173845,0.6557139432574564,1,0.46722807068216893
5.344,0.0269775,-0.33226469999999997,10.418318099999999,0.5570209508277824,1,0.027501829302778422,0.6646227582365501,1,0.477790764294121
5.36,0.0763218,-0.37572300000000003,10.5530094,0.5601253243075561,1,0.19402334248586045,0.6735599284376329,1,0.48849622578751445
5.375,0.0763218,-0.38023560000000006,10.430286299999999,0.5607673018625281,1,0.04279850366479911,0.6819666231339083,1,0.4986626749243008
5.391,0.0763218,-0.38023560000000006,10.430286299999999,0.5613966916223045,1,0.03933685998602773,0.690943935081787,1,0.5096459593900263
5.407,-0.020993400000000002,-0.38023560000000006,10.5470253,0.5642961756258469,1,0.18121775022139613,0.6999494780197721,1,0.5207731066948388
5.422,-0.020993400000000002,-0.37425150000000007,10.560563100000001,0.5673998926620634,1,0.2069144690811031,0.7084371985319313,1,0.5313360067689763
5.438,0.0389457,-0.37425150000000007,10.473744600000002,0.568742515746214,1,0.08391394275941703,0.7175263377991975,1,0.5427437150596254
5.453,0.0389457,-0.37425150000000007,10.473744600000002,0.5700588128875381,1,0.0877531427549357,0.726067347763951,1,0.5535706677013494
5.469,0.0179523,-0.37572300000000003,10.6158915,0.5741346376704808,1,0.2547390489339161,0.7352208953684152,1,0.5652609736464084
5.485,0.007455600000000001,-0.37572300000000003,10.4557923,0.5749930932893044,1,0.05365347617647393,0.7444139172160935,1,0.5770980521470844
5.5,0.007455600000000001,-0.37572300000000003,10.4557923,0.5758347164450139,1,0.05610821038063919,0.7530451257891008,1,0.5883289949696231
5.516,0.0554265,-0.39671639999999997,10.3869261,0.5753285370915577,1,-0.03163620959101274,0.7622544318173934,1,0.6004513914304751
5.532,0.0224649,-0.33981839999999996,10.3898691,0.5748480061150989,1,-0.0300331860286773,0.7714558441630467,1,0.6127210736383186
5.547,-0.0329616,-0.33981839999999996,10.452751200000002,0.575609767210354,1,0.050784073017004654,0.7800842774629874,1,0.6243576245505136
5.563,-0.0329616,-0.33981839999999996,10.452751200000002,0.5763565918135463,1,0.04667653769951925,0.7893000083351785,1,0.6369126988368989
5.578,-0.0134397,-0.3427614,10.452751200000002,0.577089806768349,1,0.04888099698684607,0.7979508563245431,1,0.6488170803218473
5.594,-0.0014715,-0.3876912,10.5216174,0.5791886366145498,1,0.1311768653875499,0.8072010838716063,1,0.6616582958434165
5.61,0.0134397,-0.3996594,10.5216174,0.581255253360986,1,0.1291635466522666,0.8164846349914106,1,0.6746477815943207
5.625,0.0134397,-0.3996594,10.5216174,0.5832813482104342,1,0.13507298996321332,0.8252186595031961,1,0.68696055630303
5.641,0.0134397,-0.3891627,10.5934266,0.5866670726767946,1,0.21160777914752663,0.8345782468702939,1,0.700238931554018
5.657,0.0733788,-0.3891627,10.529073,0.5887302739645364,1,0.12895008048385825,0.8439814256434246,1,0.7136674089341277
5.672,0.0329616,-0.34128990000000003,10.3988943,0.5881653262420414,1,-0.03766318149966314,0.8528081426449737,1,0.7263933306962904
5.688,-0.010496700000000001,-0.33824879999999996,10.3988943,0.5876085887279761,1,-0.03479609462908592,0.8622143339647339,1,0.7401135105091681
5.703,-0.010496700000000001,-0.3367773,10.3360122,0.585829499960985,1,-0.1186059177993999,0.8710151196299014,1,0.7531127314111283
5.719,0.0059841,-0.3039138,10.3001076,0.5833615565044035,1,-0.15424646603634504,0.8803686480816245,1,0.7671238015528206
5.735,0.0059841,-0.3039138,10.3001076,0.5809420040959896,1,-0.15122202552586547,0.8896830765664276,1,0.781284215350005
5.75,0.0059841,-0.31136939999999996,10.207305,0.5767554381663498,1,-0.2791043953093287,0.898365807383395,1,0.7946945819796284
5.766,-0.0224649,-0.31136939999999996,10.4108625,0.576640906486988,1,-0.00715822996011361,0.9075929781406217,1,0.8091422522638205
5.782,0.020993400000000002,-0.3847482,10.4108625,0.5765766354325077,1,-0.0040169409050161385,0.9168187184759776,1,0.8237375458367533
5.797,0.020993400000000002,-0.3996594,10.5620346,0.5794866337026257,1,0.19399988467453433,0.925489192994491,1,0.8375548551727815
5.813,0.0658251,-0.3996594,10.461776400000002,0.5803787941158411,1,0.055760025825968236,0.9347681164170387,1,0.8524369136480737
5.828,0.0194238,-0.40113090000000007,10.5440823,0.5828635231393804,1,0.16564860156927672,0.9434924337964532,1,0.8665238677746755
5.844,0.0658251,-0.3771945,10.5440823,0.5852858968877523,1,0.15139835927324694,0.9528376291566703,1,0.8816945082783005
5.86,0.0658251,-0.3831786,10.4362704,0.5855524926372304,1,0.016662234342379442,0.9622043362728702,1,0.8970148440017369
5.875,0.0763218,-0.3831786,10.4647194,0.5863726958006463,1,0.05468021089439525,0.970993775186154,1,0.9115138298376793
5.891,0.0868185,-0.3951468000000001,10.4647194,0.5871871403449589,1,0.05090278401953525,0.9803822538753189,1,0.9271248380701711
5.907,0.0868185,-0.39220380000000005,10.4333274,0.5873683710773641,1,0.011326920775323036,0.9897786979666976,1,0.9428861256849073
5.922,0.0823059,-0.39220380000000005,10.2881394,0.5847006353938671,1,-0.1778490455664695,0.9985692155152315,1,0.9577987350360214
5.938,0.0389457,-0.40417200000000003,10.2881394,0.5820892776733011,1,-0.1632098575353734,1.007903534819769,1,0.9738505170387014
5.953,0.0389457,-0.4056435,10.1997513,0.5777985274187358,1,-0.286050016971007,1.0166026933579595,1,0.9890343137500349
5.969,0.0777933,-0.4056435,10.148935500000002,0.572600696825285,1,-0.3248644120906749,1.0258058871519116,1,1.005373582394114
5.985,0.0898596,-0.38023560000000006,10.0904679,0.5663418934788158,1,-0.391175209154326,1.0349174278743445,1,1.021859368914324
6.0,0.0718092,-0.3831786,10.0904679,0.5602051598634059,1,-0.40911557436066837,1.0433665307744109,1,1.0374464986041894
6.016,0.0718092,-0.42065280000000005,10.012674599999999,0.5526940119011741,1,-0.4694467476394899,1.0522697241485275,1,1.0542115886435728
6.032,0.0478728,-0.42065280000000005,9.934881299999999,0.5438033524163846,1,-0.5556662177993439,1.0610417030630679,1,1.0711180800612656
6.047,0.0179523,-0.36669779999999996,9.934881299999999,0.5350431893600778,1,-0.5840108704204644,1.069133052126391,1,1.0870943907251862
6.063,0.0179523,-0.40711500000000006,10.048579199999999,0.5287131524681001,1,-0.3956273057486023,1.0776431028610165,1,1.1042685999650854
6.078,0.0373761,-0.40711500000000006,10.15335,0.5245609303858441,1,-0.2768148054837278,1.0855426584824215,1,1.1204924931751619
6.094,0.0179523,-0.4311495000000001,10.15335,0.5205085248581636,1,-0.2532753454800305,1.0939032141243736,1,1.1379280601560162
6.11,0.0179523,-0.4311495000000001,10.15335,0.5165355782623973,1,-0.24830916223539368,1.102199566949338,1,1.155496882404606
6.125,0.0179523,-0.4445892,10.098021600000001,0.5115680619516958,1,-0.33116775404677173,1.1099103442509437,1,1.1720877067386077
6.141,-0.0119682,-0.4281084,9.9303687,0.5033995140074232,1,-0.5105342465170355,1.1180300848586167,1,1.1899112301714843
6.157,0.0703377,-0.3831786,9.9303687,0.49535991634860466,1,-0.5024748536761598,1.1260201603014648,1,1.207863632132765
6.172,0.0703377,-0.3831786,9.9303687,0.48747795785956605,1,-0.5254638992692519,1.133391444358026,1,1.2248092191677107
6.188,0.0478728,-0.4625415,9.7686999,0.4766476813693892,1,-0.6768922806360539,1.1411044494718576,1,1.2430051863183498
6.203,0.0868185,-0.39220380000000005,9.7686999,0.46597474461275645,1,-0.7115291171088212,1.148174117666724,1,1.2601747755718897
6.219,0.0868185,-0.39220380000000005,9.7686999,0.4555110811258629,1,-0.6539789679308455,1.1555460042726329,1,1.2786045365474046
6.235,-0.0014715,-0.40417200000000003,9.5621013,0.4412071735408887,1,-0.8939942240608892,1.1627197503099669,1,1.2971506625840654
6.25,-0.0014715,-0.40417200000000003,9.5621013,0.4271837347320897,1,-0.9348959205866181,1.169232682122014,1,1.3146403058273048
6.266,0.059841000000000005,-0.3891627,9.5426775,0.4130461977914468,1,-0.8835960587901807,1.1759545215822023,1,1.3334018034569386
6.282,0.0059841,-0.36669779999999996,9.6144867,0.40057178939663096,1,-0.7796505246759893,1.1824634654797068,1,1.3522691473534338
6.297,0.0059841,-0.36669779999999996,9.6144867,0.38834197724485087,1,-0.8153208101186904,1.1883803187295179,1,1.3700504757350027
6.313,0.0119682,-0.3847482,9.5711265,0.37551637905935564,1,-0.8015998865934508,1.1944911855799516,1,1.3891134477694784
6.328,0.0119682,-0.3847482,9.5711265,0.3629422631912238,1,-0.8382743912087577,1.2000296253968312,1,1.407072353851805
6.344,0.0119682,-0.34580249999999996,9.5995755,0.3511430365152304,1,-0.7374516672495883,1.2057423077944829,1,1.4263185293173355
6.36,0.0434583,-0.37425150000000007,9.5666139,0.33895204758797526,1,-0.7619368079534443,1.2112630684673085,1,1.4456545723274299
6.375,0.0434583,-0.37425150000000007,9.5666139,0.32700009765929394,1,-0.7967966619121047,1.216257709556663,1,1.4638609781626093
6.391,0.10928340000000002,-0.3951468000000001,9.488722500000002,0.3137833859733199,1,-0.8260444803733772,1.2213839774257238,1,1.4833621116584683
6.407,0.10928340000000002,-0.3951468000000001,9.488722500000002,0.30082582549687586,1,-0.8098475297777512,1.2263008511174853,1,1.502943590286814
6.422,0.052385400000000006,-0.3876912,9.488722500000002,0.28810681406654837,1,-0.8479340953551846,1.230717845914211,1,1.5213712305145513
6.438,0.052385400000000006,-0.4176117,9.406416600000002,0.2740498256209669,1,-0.87856177784884,1.235215099031711,1,1.5410986940741187
6.453,0.1062423,-0.3547296,9.394448400000002,0.2599922980738665,1,-0.9371685031399934,1.2392204149594224,1,1.5596569604290529
6.469,0.0643536,-0.3907323,9.487251,0.24804900232496685,1,-0.7464559843062262,1.243284745362613,1,1.5795170017116291
6.485,0.0643536,-0.3907323,9.487251,0.23633988884565227,1,-0.7318195924571607,1.247159856491978,1,1.599440558526466
6.5,0.0643536,-0.4056435,9.398961,0.22314308472105182,1,-0.8797869416400486,1.250605978793728,1,1.6181738022911083
6.516,0.0449298,-0.4056435,9.3915054,0.2100567789001957,1,-0.8178941138035071,1.254071577702698,1,1.6382112227430796
6.532,0.08377740000000002,-0.33824879999999996,9.3915054,0.1971799892709445,1,-0.8047993518281997,1.2573294718480672,1,1.6583024311394858
6.547,0.08377740000000002,-0.3427614,9.2657412,0.182094689068105,1,-1.005686680189321,1.26017403193561,1,1.677183707417863
6.563,0.050913900000000005,-0.3427614,9.401904,0.1699685195665399,1,-0.7578855938478173,1.2629905376046873,1,1.6973690239741854
6.578,0.0614106,-0.33824879999999996,9.401904,0.1580781443442163,1,-0.7926916814882108,1.265450887584018,1,1.7163323346631014
6.594,0.0614106,-0.35777070000000005,9.3614868,0.14564317079776146,1,-0.7771858466534269,1.2678806581051538,1,1.7365989870286147
6.61,0.0344331,-0.36669779999999996,9.3614868,0.13345608240105733,1,-0.7616930247940072,1.2701134521307444,1,1.7569029399105018
6.625,0.0344331,-0.36669779999999996,9.0980883,0.11634738803532763,1,-1.1405796243820046,1.2719869781590174,1,1.7759686931376746
6.641,0.0059841,-0.31136939999999996,9.0980883,0.09953252156805625,1,-1.0509291542044599,1.2737140174358446,1,1.7963343011024335
6.657,0.0059841,-0.3262806,8.9978301,0.08109302821534747,1,-1.1524683345442976,1.2751590218341118,1,1.8167252854165932
6.672,0.0045126,-0.3262806,9.108585,0.06518533210014077,1,-1.0605130743471363,1.276256109536478,1,1.835860898901872
6.688,0.049442400000000004,-0.3771945,9.108585,0.049630680576045805,2,-0.9721657202559344,1.2771746376378874,1,1.856288344879267
6.703,0.049442400000000004,-0.31284090000000003,8.8660818,0.02958124706355747,2,-1.336628900832505,1.2777687270951845,1,1.875450420114766
6.719,0.007455600000000001,-0.31284090000000003,8.7417891,0.007486726071258332,2,-1.3809075620186948,1.2780652708802631,1,1.8958970920985696
6.735,0.058369500000000005,-0.3996594,8.7417891,-0.014101498769333531,2,-1.3492640525369903,1.2780123526986784,1,1.9163457130872013
6.75,0.058369500000000005,-0.3996594,8.7702381,-0.0347091940822537,2,-1.3738463541947075,1.2776462725022915,1,1.9355131527762082
6.766,0.0449298,-0.315882,8.7941745,-0.054512289791961877,3,-1.2376934818567598,1.2769325006312977,1,1.9559497829612769
6.782,0.0628821,-0.315882,9.0352062,-0.06920190354994205,3,-0.9181008598737598,1.2759427870845625,1,1.9763727852630038
6.797,0.0718092,-0.34580249999999996,9.0352062,-0.08358071455011462,3,-0.9585874000115254,1.274796917448812,1,1.9955033330470036
6.813,0.0718092,-0.37268190000000007,9.0531585,-0.09730495343408307,3,-0.8577649302480276,1.2733498321049386,1,2.0158885070434334
6.828,0.029920500000000003,-0.37268190000000007,8.937891,-0.11302289763541395,3,-1.0478629467553522,1.2717723732219173,1,2.0349769235833857
6.844,0.029920500000000003,-0.37268190000000007,8.937891,-0.1284326468524064,3,-0.9631093260620274,1.2698407288660147,1,2.0553098284000892
6.86,0.0269775,-0.3562992,8.937891,-0.14355351655118653,3,-0.945054356173757,1.267664839558786,1,2.0756098729474877
6.875,0.0359046,-0.3143124,8.825664600000001,-0.16060726941873327,3,-1.1369168578364732,1.2653836336640116,1,2.094607736496658
6.891,0.0373761,-0.3173535,8.825664600000001,-0.17732438276857998,3,-1.0448195843654187,1.262680180446513,1,2.1148322470095424
6.907,0.0373761,-0.3173535,8.825664600000001,-0.1937137095821555,3,-1.0243329258484692,1.2597118757077073,1,2.1350113834587763
6.922,0.0090252,-0.3891627,8.9618274,-0.2070595201134875,3,-0.8897207020888184,1.25670607648499,1,2.153884518100221
6.938,0.0090252,-0.3891627,8.9618274,-0.22014364808538112,3,-0.8177579982433506,1.2532884511393991,1,2.1739644743212163
6.953,0.0928026,-0.4027005000000001,9.080136,-0.23063283971326243,3,-0.6992794418587276,1.2499076274809091,1,2.1927384449108693
6.969,0.0928026,-0.4027005000000001,9.080136,-0.24091636091706903,3,-0.642720075237912,1.2461352338758664,1,2.2127067878017237
6.985,0.0928026,-0.39818790000000004,9.0846486,-0.2509137497948277,3,-0.6248368048599179,1.2422005929901712,1,2.232613474416652
7.0,0.050913900000000005,-0.39818790000000004,9.0935757,-0.26054673101907255,3,-0.6421987482830024,1.238364639384067,1,2.251217713659458
7.016,0.0643536,-0.42065280000000005,9.0935757,-0.26996935018208035,3,-0.5889136976879866,1.2341205107344577,1,2.2709975948604066
7.032,0.0224649,-0.3771945,8.9469162,-0.2821216305803542,3,-0.7595175248921164,1.2297037828883581,1,2.290708189209389
7.047,0.0224649,-0.3771945,8.9469162,-0.29403563097081964,3,-0.7942666926977114,1.2253826034267243,1,2.3091213371067516
7.063,0.0030411,-0.3487455,8.8929612,-0.30679631122853834,3,-0.7975425161074183,1.2205759478891294,1,2.3286890055172784
7.078,0.0030411,-0.3487455,8.8929612,-0.31930678206943774,3,-0.8340313893932618,1.2158801746893944,1,2.346962426436618
7.094,0.0119682,-0.32932170000000005,8.976836700000002,-0.32994281101225376,3,-0.6647518089260002,1.2106861779447409,1,2.3663749572576913
7.11,0.0224649,-0.32932170000000005,9.0292221,-0.3393434208863777,3,-0.587538117132746,1.2053318880895518,1,2.385703101785966
7.125,0.050913900000000005,-0.3427614,9.0292221,-0.34854763929998533,3,-0.6136145609071887,1.200172705138154,1,2.4037443862351733
7.141,0.050913900000000005,-0.37866600000000006,9.0890631,-0.35637097002310547,3,-0.4889581701950081,1.1945333562635694,1,2.422902034726387
7.157,0.0868185,-0.37866600000000006,9.0247095,-0.3652962487463238,3,-0.5578299202011467,1.188760018513414,1,2.441968381724603
7.172,0.0718092,-0.41309910000000005,9.0247095,-0.3740195186703712,3,-0.5815513282698372,1.1832151502577888,1,2.459758195490387
7.188,0.0718092,-0.36669779999999996,8.9424036,-0.38422346076773906,3,-0.6377463810854905,1.177149206422284,1,2.4786411103438275
7.203,0.0134397,-0.36669779999999996,8.915426100000001,-0.3947613006832551,3,-0.7025226610343764,1.1713068207114012,1,2.496254530547331
7.219,0.0464013,-0.32932170000000005,8.915426100000001,-0.40511893394253384,3,-0.6473520787049208,1.164907778834395,1,2.5149442473436974
7.235,0.059841000000000005,-0.3427614,8.7986871,-0.4175492174778732,3,-0.77689272095871,1.1583264336230317,1,2.533530121043357
7.25,0.059841000000000005,-0.3278502,8.886977100000001,-0.4280169553898716,3,-0.6978491941332414,1.1519846873265238,1,2.5508574544504783
7.266,0.0194238,-0.3278502,9.056199600000001,-0.4349671083004836,3,-0.43438455691324723,1.1450808148170009,1,2.5692339784676266
7.282,0.0898596,-0.35178660000000006,9.056199600000001,-0.4417550584110117,3,-0.4242468819080077,1.1380670374833088,1,2.587499161286029
7.297,0.0898596,-0.39220380000000005,9.0457029,-0.4485830024072097,3,-0.45519626641321076,1.1313895020271723,1,2.6045200853323576
7.313,0.059841000000000005,-0.39220380000000005,8.991846,-0.45633692820395844,3,-0.4846203622967944,1.1241501425822829,1,2.622564402489233
7.328,0.056898,-0.3547296,8.991846,-0.46396968214539847,3,-0.5088502627626493,1.1172478430046624,1,2.639374887381136
7.344,0.056898,-0.3547296,8.948387700000001,-0.47230421514689525,3,-0.5209083125935483,1.1097576518263241,1,2.657190931339784
7.36,0.0389457,-0.3547296,9.0097983,-0.47927403000982594,3,-0.43561342893316773,1.1021450258650705,1,2.674886152761315
7.375,0.052385400000000006,-0.36973890000000004,9.0097983,-0.486094024813136,3,-0.45466632022068176,1.0949047654538984,1,2.691364026196207
7.391,0.029920500000000003,-0.3173535,8.9618274,-0.49376145635342183,3,-0.4792144712678632,1.087065921604566,1,2.7088197916926746
7.407,0.029920500000000003,-0.38621970000000005,8.9469162,-0.5015176856086665,3,-0.48476432845279094,1.0791036884688692,1,2.726149148573262
7.422,0.04041720000000001,-0.38621970000000005,9.051687,-0.5070686042356876,3,-0.37006124180141203,1.0715392912950368,1,2.742278970921491
7.438,0.0329616,-0.35777070000000005,9.051687,-0.5125341785622908,3,-0.3415983954127008,1.063382469032653,1,2.7593583450041126
7.453,0.0329616,-0.36375480000000004,9.196875,-0.5150433667625816,3,-0.16727921335271229,1.055675637442716,1,2.7752512808026784
7.469,0.0628821,-0.36375480000000004,9.011269799999999,-0.521136629930977,3,-0.3808289480247137,1.0473861974691676,1,2.7920757754819734
7.485,0.0628821,-0.36375480000000004,9.011269799999999,-0.527110417350972,3,-0.37336171374968663,1.039000221090912,1,2.808766866830454
7.5,0.0434583,-0.37268190000000007,9.011269799999999,-0.5329621705572656,3,-0.3901168804195822,1.0310496766816004,1,2.8242922410637474
7.516,0.0449298,-0.3307932,8.8929612,-0.5410492420897057,3,-0.5054419707775089,1.0224575853804245,1,2.840720299160244
7.532,0.0449298,-0.3307932,8.8929612,-0.5489777435920971,3,-0.4955313438994575,1.01373736949497,1,2.857009858799247
7.547,0.0359046,-0.36669779999999996,8.960355900000001,-0.5554036605597332,3,-0.4283944645090871,1.0054545089638316,1,2.8721537978876874
7.563,0.0359046,-0.37572300000000003,9.0681678,-0.5595841460596276,3,-0.26128034374339726,0.9965346065108767,1,2.888169710811485
7.578,0.0359046,-0.37572300000000003,9.0681678,-0.5636826612556032,3,-0.2732343463983626,0.9881101054560121,1,2.9030545461512376
7.594,0.049442400000000004,-0.3712104,9.0636552,-0.5677916132470369,3,-0.2568094994646051,0.979058311259991,1,2.9187918934849657
7.61,0.049442400000000004,-0.3712104,9.0636552,-0.5718199975523639,3,-0.2517740190829396,0.9699414183735958,1,2.9343838913220344
7.625,0.049442400000000004,-0.40417200000000003,8.6879322,-0.5831011483806758,3,-0.7520767218874784,0.9612795097790983,1,2.9488680482831793
7.641,0.09133110000000001,-0.3083283,8.8046712,-0.5919439893423277,3,-0.5526775601032425,0.9518791486773143,1,2.9641733175508307
7.657,0.09133110000000001,-0.3083283,8.8046712,-0.6006134412655157,3,-0.5418407451992509,0.9423386892324516,1,2.979327060254109
7.672,0.0748503,-0.3023442,9.0352062,-0.6046024776665782,3,-0.2659357600708328,0.933299569840461,1,2.9933943471971554
7.688,0.0748503,-0.3023442,9.0352062,-0.6085132976676206,3,-0.24442625006515484,0.9235946436377874,1,3.008249500904981
7.703,0.0359046,-0.3338343,9.0352062,-0.6123303885231728,3,-0.2544727237034672,0.9144383159913562,1,3.0220347481022003
7.719,0.0134397,-0.33981839999999996,8.948387700000001,-0.617770572565103,3,-0.34001150262064045,0.90459750830265,1,3.0365870346965522
7.735,0.0134397,-0.33981839999999996,8.948387700000001,-0.6231040863317006,3,-0.3333446104123447,0.8946705110314755,1,3.050981178851225
7.75,0.0464013,-0.33981839999999996,9.195403500000001,-0.6234908731543882,3,-0.02578578817917842,0.88532104883533,1,3.064331115550226
7.766,0.04041720000000001,-0.35777070000000005,9.195403500000001,-0.6238572871022576,3,-0.022900871741837726,0.8753422635532768,1,3.078416422049335
7.782,0.0269775,-0.3367773,9.1923624,-0.6242926053059463,3,-0.027207387730543407,0.8653570644140112,1,3.092342016673073
7.797,0.0269775,-0.3367773,9.1923624,-0.6247193878585833,3,-0.028452170175797317,0.8559894744652774,1,3.1052521157146673
7.813,0.059841000000000005,-0.3712104,9.1923624,-0.625108781008926,3,-0.02433707189641863,0.8459908491143373,1,3.118867958303304
7.828,0.059841000000000005,-0.40868460000000006,9.051687,-0.628214915120445,3,-0.20707560743459577,0.8365909213933667,1,3.1314873215821124
7.844,0.0389457,-0.40868460000000006,9.1414485,-0.6295041383600957,3,-0.08057645247816485,0.8265291689655223,1,3.1447922823049836
7.86,0.0359046,-0.3503151,9.1414485,-0.6308157980868305,3,-0.08197873292092865,0.8164466094739469,1,3.1579360885324994
7.875,0.052385400000000006,-0.36826739999999997,9.3405915,-0.6281847506538494,3,0.17540316219874696,0.807004105358392,1,3.1701119688937416
7.891,0.052385400000000006,-0.36826739999999997,9.2791809,-0.6268084618092757,3,0.0860180527858522,0.7969641596586869,1,3.182943715013878
7.907,0.0030411,-0.36826739999999997,9.2702538,-0.6256369497142042,3,0.07321950594196817,0.786944596366499,1,3.19561498506208
7.922,0.0554265,-0.3143124,9.2702538,-0.6245240933616305,3,0.07419042350491781,0.7775683885434305,1,3.207348832448904
7.938,0.0554265,-0.3039138,9.2298366,-0.624231905113648,3,0.018261765498905885,0.7675783405556282,1,3.2197100062816966
7.953,0.1032993,-0.3039138,8.882562600000002,-0.6307423988185477,3,-0.4340329136599599,0.7581660332761364,1,3.2311530890854354
7.969,0.0,-0.318825,8.882562600000002,-0.6371267634139013,3,-0.3990227872096016,0.7480230799782768,1,3.2432026019914706
7.985,0.0,-0.3367773,9.0966168,-0.6391787642877631,3,-0.1282500546163633,0.7378126357566634,1,3.2550892877173503
8.0,0.0134397,-0.3367773,9.256716,-0.6380532506998957,3,0.07503423919116083,0.7282333956442563,1,3.266084632952857
8.016,-0.0164808,-0.3712104,9.2327796,-0.637392871853935,3,0.04127367787254418,0.7180298266638256,1,3.2776547387313215
8.032,0.0763218,-0.40417200000000003,9.2327796,-0.6367124355465084,3,0.04252726921416535,0.707836984204622,1,3.289061673218269
8.047,0.0763218,-0.3427614,9.231308100000001,-0.6361228386268358,3,0.039306461311500535,0.6982907196483216,1,3.2996076309971665
8.063,0.031392,-0.3427614,9.139977,-0.6373394884991654,3,-0.07604061702060065,0.6881030210313136,1,3.3106987809226034
8.078,-0.0373761,-0.35777070000000005,9.139977,-0.6385205714782956,3,-0.07873886527534703,0.6785340705814834,1,3.3209485591096986
8.094,-0.0373761,-0.3218661,9.1774512,-0.6389703235273227,3,-0.028109503064199768,0.6683141434214385,1,3.331723344821722
8.11,0.173637,-0.3218661,9.354031200000001,-0.6359209041624663,3,0.19058871030352958,0.6581150135999202,1,3.342334778077893
8.125,0.0449298,-0.33226469999999997,9.354031200000001,-0.6329536165444996,3,0.19781917453110706,0.6485984546946176,1,3.3521351290901023
8.141,0.0449298,-0.4101561,9.433394100000001,-0.6284293141385735,3,0.2827689003703779,0.638507391249153,1,3.3624319758576524
8.157,-0.028449,-0.4101561,9.3241107,-0.6261357348945324,3,0.1433487027525658,0.6284708708568881,1,3.3725678019545007
8.172,-0.028449,-0.4101561,9.3241107,-0.6238871277925302,3,0.1499071401334779,0.6190956993867348,1,3.3819245512313283
8.188,0.0389457,-0.33981839999999996,9.4408497,-0.619449807862896,3,0.2773324956021337,0.6091490039014914,1,3.3917505088576343
8.203,0.0389457,-0.36826739999999997,9.4468338,-0.6149613448800135,3,0.2992308655255257,0.5998909202559203,1,3.400818308288814
8.219,0.0389457,-0.36826739999999997,9.4468338,-0.6105608909752274,3,0.27502836904913486,0.5900867423690783,1,3.4103381295898143
8.235,-0.0030411,-0.33530580000000004,9.3241107,-0.608677135497393,3,0.11773471736464802,0.5803328381572973,1,3.4197014862340254
8.25,-0.0030411,-0.3307932,9.4423212,-0.6045170611412782,3,0.2773382904076403,0.5712338816825069,1,3.428338236632824
8.266,-0.0030411,-0.3307932,9.4423212,-0.6004385568705768,3,0.25490651691884003,0.561594236738412,1,3.4374008615801914
8.282,0.0793629,-0.3307932,9.544149,-0.5944381544982846,3,0.3750251482682595,0.5520352230474611,1,3.4463098972584785
8.297,0.053856900000000006,-0.4176117,9.544149,-0.5884922043789693,3,0.39639667462100586,0.5431632453558813,1,3.4545238857715037
8.313,0.0164808,-0.3712104,9.702776700000001,-0.5795950748324668,3,0.5560705966564101,0.5338185471221898,1,3.463139740111328
8.328,0.0164808,-0.3712104,9.702776700000001,-0.5708723988064843,3,0.5815117350655417,0.5251900410698983,1,3.4710823045227683
8.344,-0.0045126,-0.33824879999999996,9.7507476,-0.5614045846473559,3,0.5917383849455277,0.5161318252022675,1,3.4794128794529455
8.36,0.031392,-0.3532581,9.8105886,-0.5509384327835267,3,0.6541344914893216,0.5072330810628205,1,3.4875997987030662
8.375,0.031392,-0.3532581,9.8105886,-0.5406774995836958,3,0.6840622133220342,0.49904596157006587,1,3.495146891522813
8.391,0.0329616,-0.3098979,9.7701714,-0.5314384716005094,3,0.5774392489491514,0.4904690338005915,1,3.503063011485778
8.407,0.0329616,-0.3098979,9.7701714,-0.5223806010287575,3,0.5661169107344927,0.4820384812195574,1,3.5108430716059393
8.422,0.0329616,-0.37572300000000003,9.629496000000001,-0.5162113353572622,3,0.41128437809967366,0.47424904169666193,1,3.5180152280278114
8.438,0.08083440000000001,-0.37572300000000003,9.719257500000001,-0.5083988513446425,3,0.4882802507887303,0.4660521602030467,1,3.525537637643009
8.453,0.0359046,-0.3652263,9.719257500000001,-0.5007526795088104,3,0.509744789055511,0.4584835237216464,1,3.5324716552724436
8.469,0.04188870000000001,-0.36669779999999996,9.669913200000002,-0.4942217126165378,3,0.4081854307670381,0.4505237285846436,1,3.539743713290894
8.485,0.04188870000000001,-0.36669779999999996,9.669913200000002,-0.4878188038986231,3,0.4001817948696692,0.44266740445252234,1,3.546889242355191
8.5,0.028449,-0.36071369999999997,9.6264549,-0.4823983351421237,3,0.3613645837666113,0.4353907759097165,1,3.553474678707908
8.516,0.0059841,-0.3427614,9.6264549,-0.47709779055927015,3,0.3312840364283473,0.4277148069041053,1,3.5603795233704187
8.532,0.0059841,-0.347274,9.6519609,-0.47139821570092266,3,0.35622342864671774,0.42012683885402374,1,3.5671622565364838
8.547,0.08377740000000002,-0.347274,9.7222986,-0.4644250754181378,3,0.46487601885230506,0.4131081641706305,1,3.573411519059169
8.563,0.0688662,-0.33824879999999996,9.7222986,-0.4575971919424937,3,0.42674271722775675,0.40573198603174543,1,3.5799622402607882
8.578,0.0688662,-0.34128990000000003,9.740250900000001,-0.45054932516482715,3,0.46985778517780824,0.3989208871534411,1,3.585997136809677
8.594,0.0179523,-0.34128990000000003,9.660888,-0.4451992686434423,3,0.3343785325865542,0.39175489840297495,1,3.592322543094128
8.61,0.0,-0.40113090000000007,9.660888,-0.4399093905372897,3,0.3306173816345345,0.3846740291295291,1,3.598533974514388
8.625,0.0,-0.3831786,9.660888,-0.4347375123900914,3,0.34479187647987547,0.37811417735757347,1,3.6042548860630417
8.641,0.031392,-0.3831786,9.6967926,-0.4289625873460938,3,0.36093281524984777,0.371204576559684,1,3.6102494360943798
8.657,0.0718092,-0.37866600000000006,9.695321100000001,-0.423328985579813,3,0.35210011039254996,0.3643862439762767,1,3.6161341626586676
8.672,0.0928026,-0.3039138,9.695321100000001,-0.41785391611578326,3,0.3650046309353034,0.3580773722135595,1,3.6215526397800915
8.688,0.0928026,-0.35777070000000005,9.632439,-0.4136822697793505,3,0.26072789602704627,0.35142508272639844,1,3.627228659419611
8.703,-0.007455600000000001,-0.35777070000000005,9.6354801,-0.40954153497613177,3,0.2760489868812721,0.34525090419073284,1,3.632453729321489
8.719,0.059841000000000005,-0.3771945,9.6354801,-0.40546389203034927,3,0.25485268411140605,0.338730860774681,1,3.6379255834412123
8.735,0.059841000000000005,-0.3503151,9.699833700000001,-0.4002251016126781,3,0.32742440110444776,0.3322853488255368,1,3.643293713118014
8.75,0.059841000000000005,-0.3503151,9.699833700000001,-0.395089032575747,3,0.3424046024620597,0.3263204928191234,1,3.648233256930349
8.766,0.0119682,-0.3503151,9.8809263,-0.38650858154461076,3,0.5362781894460151,0.3200677119061605,1,3.653404362568151
8.782,0.0703377,-0.37866600000000006,9.845021700000002,-0.3787745948824277,3,0.4833741663864406,0.3139454464947442,1,3.6584764678353583
8.797,0.0030411,-0.34580249999999996,9.843550200000001,-0.3712496971153829,3,0.5016598511363004,0.3083202643047604,1,3.6631434606663547
8.813,-0.0014715,-0.34580249999999996,9.774684,-0.36522183273829967,3,0.37674152356770263,0.3024284920659309,1,3.66802945071732
8.828,-0.0014715,-0.34580249999999996,9.774684,-0.35931216178037495,3,0.39397806386167955,0.2969944871070413,1,3.672525123061117
8.844,0.0030411,-0.318825,9.487251,-0.35916918741642867,3,0.008935897746642487,0.29124663631346687,1,3.677231052048481
8.86,0.0030411,-0.318825,9.487251,-0.35902901647138385,3,0.008760684065300943,0.28550105068236437,1,3.6818450335444477
8.875,0.0973152,-0.318825,9.7208271,-0.35430465608481754,3,0.31495735910440925,0.28015104813819264,1,3.686087424285602
8.891,0.0658251,-0.4176117,9.827069400000001,-0.34752355538365975,3,0.42381879382236104,0.2745364224464448,1,3.690524924050279
8.907,0.1302768,-0.4176117,9.803133,-0.3413316958727304,3,0.3869912194330857,0.2690255804363937,1,3.6948734200733417
8.922,-0.0239364,-0.4281084,9.803133,-0.3352687604681126,3,0.4041956936411697,0.2639510770138372,1,3.6988707450042186
8.938,-0.0239364,-0.4281084,9.803133,-0.3293247061498583,3,0.3715033948908927,0.2586343292808934,1,3.7030514282545766
8.953,0.0014715,-0.3652263,9.7791966,-0.324016636707972,3,0.35387129612578394,0.2537342692094601,1,3.706894192743254
8.969,0.058369500000000005,-0.3652263,9.6654006,-0.32103891723379263,3,0.18610746713620935,0.24857382477792594,2,3.710912657495153
8.985,0.058369500000000005,-0.3652263,9.6654006,-0.3181195844159692,3,0.18245830111396338,0.24346055676472783,2,3.7148489325474943
9.0,0.0359046,-0.32333760000000006,9.7986204,-0.31267818305739503,3,0.3627600905715984,0.2387295735086774,2,3.718465358524545
9.016,0.0359046,-0.32333760000000006,9.7986204,-0.3073434758431066,3,0.3334192008930256,0.2337694002374734,2,3.722245350314514
9.032,0.0733788,-0.32333760000000006,9.806076000000001,-0.3019631708273174,3,0.3362690634868268,0.22889494706410998,2,3.7259466650929265
9.047,0.0718092,-0.2200383,9.806076000000001,-0.29674468390720143,3,0.34789912800771683,0.22440463815360093,2,3.7293464119820596
9.063,0.0718092,-0.33530580000000004,9.716314500000001,-0.29332349402080204,3,0.21382436789996165,0.2196840927301769,2,3.7328991218291296
9.078,0.0434583,-0.33530580000000004,9.9168309,-0.28604331781900605,3,0.4853450801197721,0.21533884164137868,2,3.736161793836916
9.094,0.113796,-0.3891627,9.9168309,-0.2788564168526353,3,0.44918131039817194,0.21081964376400553,2,3.739571061720159
9.11,0.113796,-0.44311770000000006,9.8285409,-0.2734954039112356,3,0.33506330883747965,0.20640082919789454,2,3.742908825503854
9.125,-0.029920500000000003,-0.45802890000000007,9.831582000000001,-0.26817856643569193,3,0.35445583170289846,0.20233827442029242,2,3.7459743687809905
9.141,-0.0703377,-0.45802890000000007,9.7911648,-0.2637535560245574,3,0.2765631506959074,0.19808281744061043,2,3.7491777375158777
9.157,-0.029920500000000003,-0.2484873,9.7911648,-0.259567495348481,3,0.2616287922547753,0.19389624902962613,2,3.7523135700476398
9.172,-0.029920500000000003,-0.3218661,9.707289300000001,-0.25706534051706953,3,0.16681032209409194,0.19002150276063434,2,3.755192953186067
9.188,0.1631403,-0.3218661,9.717786,-0.25438061241124643,3,0.16779550661394346,0.18592993513720782,2,3.75820056468925
9.203,0.08377740000000002,-0.37572300000000003,9.717786,-0.2517304061857324,3,0.17668041503428358,0.1821341024977308,2,3.760961044971512
9.219,0.08377740000000002,-0.3951468000000001,9.8091171,-0.24732779605582067,3,0.2751631331194824,0.17814163687979837,2,3.763843250886532
9.235,0.11526750000000001,-0.3951468000000001,9.821085300000002,-0.2427707878963119,3,0.28481300996929776,0.1742208482081813,2,3.7666621507672358
9.25,0.0164808,-0.31284090000000003,9.821085300000002,-0.23837424549986608,3,0.2931028264297105,0.17061226045770983,2,3.76924839908223
9.266,0.0164808,-0.31136939999999996,9.8240283,-0.23400714944323298,3,0.27294350353956864,0.16683320929816503,2,3.7719479628402772
9.282,0.0119682,-0.4281084,9.8734707,-0.22867118057783387,3,0.3334980540874441,0.1631317826579965,2,3.7745876827759264
9.297,0.031392,-0.4281084,9.8674866,-0.2235562275463927,3,0.3409968687627311,0.15974007709706467,2,3.7770092217240894
9.313,-0.04188870000000001,-0.4056435,9.8674866,-0.2185593969162145,3,0.3123019143861369,0.15620315210136382,2,3.7795367675576768
9.328,-0.04188870000000001,-0.3143124,9.7612443,-0.21580792531641357,3,0.18343143998674388,0.15294539718461936,2,3.7818553816773215
9.344,-0.010496700000000001,-0.3143124,9.7567317,-0.2132004913939891,3,0.16296462015152877,0.14951332985093613,2,3.784275051493606
9.36,0.08083440000000001,-0.2934171,9.7567317,-0.21065048547694687,3,0.15937536981513997,0.14612252203596865,2,3.786640138308701
9.375,0.08083440000000001,-0.36375480000000004,9.7342668,-0.20854422695084907,3,0.1404172350731816,0.14297856169276005,2,3.7888083964366666
9.391,0.12272310000000002,-0.36375480000000004,9.681881400000002,-0.20749704884121378,3,0.06544863185220512,0.13965023148642355,2,3.7910694267821
9.407,0.10182780000000001,-0.287433,9.681881400000002,-0.2065254458561938,3,0.06072518656374809,0.1363380515288443,2,3.7932773330462224
9.422,-0.0045126,-0.3173535,9.8824959,-0.2016335047175346,3,0.3261294092439347,0.1332768593995412,2,3.7952994448781854
9.438,-0.0045126,-0.3996594,9.898878600000002,-0.19645801036282506,3,0.3234683971693461,0.13009212727889832,2,3.797406396771613
9.453,-0.0179523,-0.3996594,9.8225568,-0.19287897324170977,3,0.23860247474103866,0.12717209990186454,2,3.7993358784754685
9.469,-0.0179523,-0.3996594,9.8225568,-0.18937011331904685,3,0.2193037451664324,0.12411410720937849,2,3.8013461681323584
9.485,-0.0823059,-0.3008727,9.874942200000001,-0.18496599516184276,3,0.27525738482525575,0.12111941834153137,2,3.8033080363367655
9.5,-0.0823059,-0.3008727,9.874942200000001,-0.18064823226262305,3,0.28785085994796916,0.11837731163584778,2,3.805104261811596
9.516,0.0628821,-0.40868460000000006,9.8151012,-0.17751435230370838,3,0.19586749743216708,0.11551201095931712,2,3.8069753763923573
9.532,0.0628821,-0.2365191,9.7297542,-0.17622575589694733,3,0.08053727542256521,0.11268209009371187,2,3.8088009292007814
9.547,0.0628821,-0.2365191,9.7297542,-0.17496242608639712,3,0.08422198737001133,0.11004817872883668,2,3.8104714062169505
9.563,0.08534699999999999,-0.2365191,9.800091900000002,-0.17234179963174157,3,0.16378915341597175,0.10726974492309158,2,3.812209949606166
9.578,0.13469129999999999,-0.261927,9.800091900000002,-0.16974903589387047,3,0.17285091585808696,0.10470406365664969,2,3.813799753170514
9.594,0.0928026,-0.4654845,9.8674866,-0.16574870022904165,3,0.2500209790518013,0.10202008176766639,2,3.8154535463339085
9.61,0.0928026,-0.4654845,9.8674866,-0.16182680251842463,3,0.24511860691356335,0.09939947774568665,2,3.8170649028100154
9.625,-0.0823059,-0.2634966,9.877983300000002,-0.15792407605226266,3,0.26018176441078783,0.0970013461564064,2,3.8185379089892812
9.641,-0.0823059,-0.2634966,9.877983300000002,-0.15409787363445737,3,0.23913765111283047,0.09450517055891264,2,3.820069961123004
9.657,-0.0823059,-0.3008727,9.8120601,-0.15161773177013238,3,0.15500886652031184,0.09205944571567591,2,3.8215624780532007
9.672,0.0673947,-0.3008727,9.7417224,-0.15056693465435345,3,0.0700531410519263,0.08979306071749218,2,3.8229263718514495
9.688,0.08534699999999999,-0.3039138,9.7417224,-0.14953213323498282,3,0.06467508871066391,0.0873922681743775,2,3.8243438544825845
9.703,0.08534699999999999,-0.42663690000000004,9.7567317,-0.14813345539586642,3,0.09324518927443433,0.0851597762596463,2,3.8256379948158394
9.719,0.1212516,-0.40417200000000003,9.831582000000001,-0.1453071996325388,3,0.17664098520797628,0.08281225101941905,2,3.826981771034072
9.735,0.1212516,-0.40417200000000003,9.831582000000001,-0.14253636064888475,3,0.17317743647837763,0.08050950253716767,2,3.828288345062525
9.75,-0.007455600000000001,-0.24544620000000003,9.922913099999999,-0.13814695305282676,3,0.2926271730705218,0.07840437768440475,2,3.8294801991641867
9.766,-0.007455600000000001,-0.40417200000000003,9.8615025,-0.13494492064706165,3,0.20012702536031918,0.07621964269480565,2,3.83071719132722
9.782,0.0179523,-0.40417200000000003,9.8046045,-0.13292011222273814,3,0.12655052652021925,0.07407672243184725,2,3.8319195622482334
9.797,0.0269775,-0.39671639999999997,9.8046045,-0.1309405664883876,3,0.13196971562336512,0.07209776734151373,2,3.8330158709215336
9.813,0.0269775,-0.33226469999999997,9.7866522,-0.12939858553873407,3,0.09637380935334497,0.07001505412529675,2,3.834152773493268
9.828,0.0614106,-0.33226469999999997,9.7387794,-0.12882191309202184,3,0.038444829780817966,0.06807840038556624,2,3.8351884744020994
9.844,0.113796,-0.44753220000000005,9.7387794,-0.12815690776103672,3,0.041562833186570246,0.06602256981874177,2,3.836261282163734
9.86,0.113796,-0.2709522,9.7582032,-0.12725187373500724,3,0.05656462662684265,0.06397929956677342,2,3.837301297118818
9.875,0.08534699999999999,-0.2709522,9.866015100000002,-0.12425720154197428,3,0.19964481286885608,0.062092981502195985,2,3.8382468392268354
9.891,0.0763218,-0.3307932,9.866015100000002,-0.1212869331698716,3,0.18564177325641734,0.060128628424501215,2,3.839224612106249
9.907,0.0030411,-0.44154810000000005,9.9363528,-0.116917944216544,3,0.2730618095829749,0.05822298940540989,2,3.8401714250488883
9.922,0.0030411,-0.3712104,9.883967400000001,-0.11371742469973434,3,0.2133679677873028,0.05649322413853773,2,3.841031796650468
9.938,0.0373761,-0.3712104,9.776155500000002,-0.11269072281508308,3,0.06416886779070369,0.054681958958419194,2,3.8419211981152435
9.953,-0.028449,-0.3338343,9.776155500000002,-0.11171115054949077,3,0.06530481770615926,0.05299894490818502,2,3.842728804894243
9.969,-0.028449,-0.3817071,9.783611100000002,-0.11057038015197662,3,0.07129814984463405,0.051220692662573286,2,3.843562561994809
9.985,-0.0059841,-0.3817071,9.842078700000002,-0.10830719539304567,3,0.14144904743318407,0.04946967205821311,2,3.844368084912575
10.0,-0.0090252,-0.41466870000000006,9.842078700000002,-0.1060622147417174,3,0.14966537675521277,0.047861901482202325,2,3.845098071714128
10.016,-0.0090252,-0.3143124,9.8644455,-0.10349573508184484,3,0.1604049787420346,0.046185437883613824,2,3.8458504504290545
10.032,0.0928026,-0.3143124,9.7417224,-0.10337609618889942,3,0.007477430809088574,0.04453046323344787,2,3.846576177637991
10.047,0.0928026,-0.3143124,9.7417224,-0.1032588031565993,3,0.007819535486674726,0.042980701488356574,2,3.847232511373405
10.063,-0.0254079,-0.3592422,9.8764137,-0.10048215814860306,3,0.17354031299976463,0.04135077379791495,2,3.847907163175695
10.078,-0.0254079,-0.3622833,9.891423,-0.09746367896142338,3,0.2012319458119948,0.03986618001958987,2,3.848516290329326
10.094,-0.0254079,-0.3622833,9.891423,-0.09450438564065955,3,0.18495583254773945,0.03833043550277321,2,3.849141863253505
10.11,0.0,-0.3847482,9.843550200000001,-0.09252510503012701,3,0.12370503815828371,0.03683419957740691,2,3.8497431803341464
10.125,0.0,-0.3847482,9.843550200000001,-0.09058463384333137,3,0.12936474578637067,0.035460876535855924,2,3.850285393404996
10.141,-0.0239364,-0.3218661,9.800091900000002,-0.08957753039668148,3,0.06294396541561825,0.03401957922193582,2,3.8508412370510583
10.157,0.0823059,-0.3712104,9.800091900000002,-0.0885497837474496,3,0.06423416557699285,0.03259456070878277,2,3.851374150170504
10.172,0.0823059,-0.3712104,9.800091900000002,-0.08754218899330013,3,0.06717298360996184,0.0312738709132271,2,3.851853163407669
10.188,0.049442400000000004,-0.36071369999999997,9.8524773,-0.08553989918882188,3,0.12514311277989065,0.029889214207770125,2,3.852342468088637
10.203,0.0119682,-0.3503151,9.818044200000001,-0.08426124132246038,3,0.08524385775744013,0.028615705653935612,2,3.8527812549875997
10.219,0.0119682,-0.3503151,9.818044200000001,-0.08300765517896913,3,0.07834913396820291,0.027277554481924177,2,3.853228401068687
10.235,0.029920500000000003,-0.32932170000000005,9.839037600000001,-0.08138073496884957,3,0.10168251313247269,0.025962447360741624,2,3.853654321083428
10.25,0.029920500000000003,-0.32932170000000005,9.839037600000001,-0.07978571515500654,3,0.10633465425619756,0.02475369898481266,2,3.8540346921810196
10.266,0.0703377,-0.32932170000000005,9.851005800000001,-0.07798340143877347,3,0.11264460726456695,0.02349154605206242,2,3.8544206541413146
10.282,0.0464013,-0.35178660000000006,9.836094600000001,-0.07649617462980807,3,0.0929516755603376,0.022255709443513766,2,3.854786632185279
10.297,0.0464013,-0.35178660000000006,9.836094600000001,-0.07503810913082276,3,0.09720436659901671,0.02111920231530899,2,3.8551119440234705
10.313,0.0224649,-0.3532581,9.8375661,-0.07358040741498506,3,0.09110635723985619,0.019930254182942527,2,3.8554403396754564
10.328,0.0224649,-0.3936753,9.8464932,-0.0719463233130071,3,0.10893894013187289,0.018838803702482674,2,3.8557311076095973
10.344,0.0224649,-0.3936753,9.8464932,-0.07034428007577276,3,0.10012770232714621,0.017700478875372433,2,3.85602342187022
10.36,0.0777933,-0.3936753,9.855518400000001,-0.06859131274996066,3,0.10956045786325576,0.016588994132766564,2,3.8562977376542853
10.375,0.0434583,-0.3847482,9.8704296,-0.0665916111246414,3,0.1333134416879457,0.01557512220370701,2,3.856538968526809
10.391,0.058369500000000005,-0.3143124,9.831582000000001,-0.06543980453591303,3,0.07198791179552348,0.014518870878422574,2,3.856779720471466
10.407,0.058369500000000005,-0.3143124,9.831582000000001,-0.06431058239009957,3,0.07057638411334104,0.013480867783014473,2,3.8570037183807573
10.422,0.0733788,-0.36669779999999996,9.8584614,-0.06263931159660352,3,0.11141805289973239,0.012528743578114163,2,3.857198790465966
10.438,0.0733788,-0.36669779999999996,9.8584614,-0.06100081081866726,3,0.10240629862101604,0.011539622598791995,2,3.857391337395381
10.453,0.0733788,-0.40417200000000003,9.8151012,-0.06021519202121084,3,0.05237458649709903,0.01063050257749298,2,3.8575576133342033
10.469,-0.007455600000000001,-0.40417200000000003,9.871999200000001,-0.058335588233649815,0,0.11747523672256388,0.009182096335454096,2,3.8577161141255067
10.485,0.0045126,-0.36071369999999997,9.871999200000001,-0.056525860949248496,0,0.11310795527508234,0.007763204741990909,2,3.857851676534126
10.5,0.0045126,-0.3547296,9.8375661,-0.055430589262888574,0,0.07301811242399205,0.006423531365399849,2,3.8579580770549318
10.516,-0.0194238,-0.3547296,9.8240283,-0.0546217119251633,0,0.05055483360782982,0.005043112955895431,2,3.858049810209502
10.532,0.11673900000000001,-0.32932170000000005,9.8285409,-0.053744386954857504,0,0.054832810644112,0.0036761841648552643,2,3.858119564586468
10.547,0.08829,-0.34580249999999996,9.8285409,-0.05287898738388286,0,0.05769330473164084,0.002376508857314682,2,3.8581649597841343
10.563,0.08829,-0.3487455,9.8495343,-0.05161715843436632,0,0.07886430934478376,0.0010405396907686897,2,3.858192296172519
10.578,0.0164808,-0.3487455,9.862974000000001,-0.050124196695364276,0,0.09953078260014409,0.0,2,3.8582001002201998
10.594,-0.0014715,-0.3592422,9.862974000000001,-0.0486533941013203,0,0.09192516212774829,-1.274119907770585e-05,2,3.858199998290607
10.61,-0.0014715,-0.36071369999999997,9.860031000000001,-0.047268045719132346,0,0.08658427388674719,-0.0002801127176413269,2,3.858197655459273
10.625,0.020993400000000002,-0.36071369999999997,9.7791966,-0.04749334156307938,0,-0.015019722929801938,-0.0004908231222579408,2,3.858191873440474
10.641,0.0793629,-0.3218661,9.7791966,-0.04773491790738582,0,-0.01509852151915235,-0.0007526491980216618,2,3.8581819256619116
10.657,0.0793629,-0.3278502,9.8524773,-0.04653183316251486,0,0.07519279655443516,-0.0010067832065808685,2,3.858167850202675
10.672,0.010496700000000001,-0.3278502,9.854046900000002,-0.04532773316751637,0,0.08027333299989606,-0.001195729954056128,2,3.85815133135397
10.688,-0.0045126,-0.3503151,9.8584614,-0.044045679652468195,0,0.08012834469051093,-0.0014107172566160038,2,3.8581304797762845
10.703,0.007455600000000001,-0.3712104,9.8584614,-0.042773746393370615,0,0.08479555060651213,-0.001561862951959743,2,3.85810818542472
10.719,0.007455600000000001,-0.3503151,9.774684,-0.043183384685626436,0,-0.025602393265988763,-0.001749520000591719,2,3.8580816943610996
10.735,0.007455600000000001,-0.3503151,9.774684,-0.04358499085450518,0,-0.025100385554921424,-0.001943667004912773,2,3.8580521488650557
10.75,0.0688662,-0.3503151,9.874942200000001,-0.0420094741157655,0,0.10503444924930799,-0.002085625492189826,2,3.8580219291713274
10.766,0.053856900000000006,-0.34580249999999996,9.874942200000001,-0.04046979414316887,0,0.09622999828728931,-0.002245459638261303,2,3.857987280490284
10.782,0.0434583,-0.3771945,9.803133,-0.040345766521797444,0,0.007751726335714075,-0.002391984123581034,2,3.8579501809401893
10.797,0.0119682,-0.3487455,9.803133,-0.04024655478954209,0,0.006614115483690109,-0.002496426533416102,2,3.8579135178602617
10.813,0.0119682,-0.3487455,9.803133,-0.04014928838537024,0,0.006079150260740457,-0.0026395932788154017,2,3.857872429701764
