timestamps,acc_x,acc_y,acc_z,aAcc,aStages,aJerk,aVelocity,avStages,aHeight
0.016,0.1631403,-0.3771945,9.806076000000001,-0.014198375243315908,0,0.0,0.0,0,0.0
0.031,0.1586277,-0.35178660000000006,9.806076000000001,-0.014218328264737679,0,-0.0013302014281180163,0.0,0,0.0
0.047,0.1122264,-0.35777070000000005,9.8076456,-0.014215449887606368,0,0.0001798985707068823,0.0,0,0.0
0.063,0.1122264,-0.3083283,9.827069400000001,-0.013864881472946067,0,0.021910525916268853,-0.0001652381524135738,0,-1.3219052193085904e-06
0.078,0.1302768,-0.3083283,9.8689581,-0.012695949417590668,0,0.0779288036903599,0.0,0,-2.5611913624103938e-06
0.094,0.1511721,-0.3503151,9.8689581,-0.0115166453156057,0,0.07370650637406051,-5.814514195817038e-05,0,-3.0263524980757567e-06
0.11,0.1511721,-0.3503151,9.845021700000002,-0.010829454790776794,0,0.04294940780180667,0.0,0,-3.4915136337411197e-06
0.125,0.0868185,-0.3503151,9.895935600000001,-0.00917333430250622,0,0.11040803255137159,0.0,0,-3.4915136337411197e-06
0.141,0.1257642,-0.3307932,9.895935600000001,-0.007554654219966039,0,0.10116750515876136,-2.075876918863082e-05,0,-3.657583787250166e-06
0.156,0.1257642,-0.3503151,9.845021700000002,-0.006952151660854611,0,0.0401668372740952,0.0,0,-3.8132745561648974e-06
0.172,0.1482291,-0.3503151,9.8464932,-0.006326506382553276,0,0.039102829893833436,0.0,0,-3.8132745561648974e-06
0.188,0.18864630000000002,-0.347274,9.8464932,-0.0057016931003861515,0,0.03905083013544527,0.0,0,-3.8132745561648974e-06
0.203,0.17667810000000003,-0.3951468000000001,9.830012400000001,-0.005380964424785972,0,0.021381911706678598,0.0,0,-3.8132745561648974e-06
0.219,0.17667810000000003,-0.38023560000000006,9.8105886,-0.005458557091811755,0,-0.004849541689111452,-1.8507770771373014e-06,0,-3.828080772781996e-06
0.235,0.15568469999999998,-0.38023560000000006,9.8016615,-0.005716482513481225,0,-0.016120338854341845,0.0,0,-3.842886989399094e-06
0.25,0.1586277,-0.3592422,9.8016615,-0.005983940812667399,0,-0.017830553279078253,0.0,0,-3.842886989399094e-06
0.266,0.1586277,-0.3592422,9.8016615,-0.0062461548314765025,0,-0.016388376175568972,0.0,0,-3.842886989399094e-06
0.281,0.15421320000000002,-0.31284090000000003,9.806076000000001,-0.006449274017368722,0,-0.013541279059481314,0.0,0,-3.842886989399094e-06
0.297,0.1511721,-0.36669779999999996,9.806076000000001,-0.006612775006573202,0,-0.010218811825279976,0.0,0,-3.842886989399094e-06
0.313,0.1511721,-0.3487455,9.855518400000001,-0.005817166065254398,0,0.0497255588324252,-7.59966711512427e-05,0,-4.450860358609037e-06
0.328,0.1511721,-0.3487455,9.855518400000001,-0.005037157299254247,0,0.052000584400010014,0.0,0,-5.0208353922433576e-06
0.344,0.1466595,-0.3487455,9.839037600000001,-0.004596693500062088,0,0.027528987449510003,0.0,0,-5.0208353922433576e-06
0.36,0.1272357,-0.3248091,9.8240283,-0.004480332595814929,0,0.007272556515447442,0.0,0,-5.0208353922433576e-06
0.375,0.16019730000000001,-0.3427614,9.8240283,-0.004344853195695109,0,0.009031960007987996,0.0,0,-5.0208353922433576e-06
0.391,0.16019730000000001,-0.344331,9.7956774,-0.004766438698213804,0,-0.02634909390741844,0.0,0,-5.0208353922433576e-06
0.406,0.08829,-0.2934171,9.8285409,-0.004586038867266495,0,0.012026655396487238,-1.6313921875303096e-05,0,-5.143189806308131e-06
0.422,0.08829,-0.3202965,9.8255979,-0.004450402978340762,0,0.008477243057858375,0.0,0,-5.273701181310555e-06
0.438,0.12272310000000002,-0.3202965,9.8734707,-0.0033720674045323307,0,0.06739597336302688,0.0,0,-5.273701181310555e-06
0.453,0.12272310000000002,-0.3202965,9.8734707,-0.002314875665504701,0,0.07047944926850859,0.0,0,-5.273701181310555e-06
0.469,0.1437165,-0.3487455,9.8734707,-0.0012539758852625482,0,0.06630623626513471,0.0,0,-5.273701181310555e-06
0.485,0.1437165,-0.39671639999999997,9.7732125,-0.002142434642919966,0,-0.055528672353588555,0.0,0,-5.273701181310555e-06
0.5,0.1437165,-0.39671639999999997,9.8405091,-0.0016951511530898244,0,0.0298188993220094,0.0,0,-5.273701181310555e-06
0.516,0.1406754,-0.36071369999999997,9.845021700000002,-0.001196230037084689,0,0.031182569750320938,0.0,0,-5.273701181310555e-06
0.531,0.1482291,-0.3847482,9.845021700000002,-0.0006870929890681055,0,0.033942469867772204,0.0,0,-5.273701181310555e-06
0.547,0.1482291,-0.36973890000000004,9.8704296,0.00029858133899729467,0,0.06160464550408745,0.0,0,-5.273701181310555e-06
0.563,0.1497006,-0.36973890000000004,9.8136297,0.00015255390142954184,0,-0.009126714847984607,0.0,0,-5.273701181310555e-06
0.578,0.15568469999999998,-0.4027005000000001,9.8136297,3.662662823344931e-05,0,-0.007728484879739495,0.0,0,-5.273701181310555e-06
0.594,0.15568469999999998,-0.33981839999999996,9.803133,-0.00032930144099552194,0,-0.022870504326810683,0.0,0,-5.273701181310555e-06
0.61,0.12272310000000002,-0.33981839999999996,9.8255979,-0.0002570354514457307,0,0.004516624346861948,0.0,0,-5.273701181310555e-06
0.625,0.1257642,-0.31136939999999996,9.8255979,-0.00020390604595377226,0,0.0035419603661305593,0.0,0,-5.273701181310555e-06
0.641,0.1257642,-0.34580249999999996,9.8255979,-0.00012925434421084958,0,0.004665731358932663,0.0,0,-5.273701181310555e-06
0.656,0.1257642,-0.34580249999999996,9.8105886,-0.0003501599323278981,0,-0.014727039207803222,0.0,0,-5.273701181310555e-06
0.672,0.11978010000000001,-0.3562992,9.8928945,0.0010518258211291709,0,0.08762410959106673,0.0,0,-5.273701181310555e-06
0.688,0.13469129999999999,-0.344331,9.8928945,0.0024217753647555185,0,0.08562184647664724,0.0,0,-5.273701181310555e-06
0.703,0.13469129999999999,-0.3218661,9.8524773,0.002958041814302703,0,0.03575109663647895,0.0,0,-5.273701181310555e-06
0.719,0.1646118,-0.3218661,9.860031000000001,0.0036407108460867477,0,0.042666814486502745,0.0,0,-5.273701181310555e-06
0.735,0.1721655,-0.3202965,9.860031000000001,0.00431152041470817,0,0.04192559803883885,0.0,0,-5.273701181310555e-06
0.75,0.1721655,-0.33981839999999996,9.7941078,0.003690339445610036,0,-0.04141206460654223,0.0,0,-5.273701181310555e-06
0.766,0.1287072,-0.33981839999999996,9.834525,0.0038602108968763815,0,0.0106169657041466,0.0,0,-5.273701181310555e-06
0.781,0.1482291,-0.3652263,9.834525,0.0040499817441368435,0,0.012651389817364123,0.0,0,-5.273701181310555e-06
0.797,0.1482291,-0.3562992,9.803133,0.0036145609874083107,0,-0.02721379729553328,0.0,0,-5.273701181310555e-06
0.813,0.13469129999999999,-0.33226469999999997,9.8225568,0.0035479164097740323,0,-0.004165286102142421,0.0,0,-5.273701181310555e-06
0.828,0.1482291,-0.33226469999999997,9.831582000000001,0.0036632424063594016,0,0.007688399772357943,0.0,0,-5.273701181310555e-06
0.844,0.1482291,-0.33226469999999997,9.831582000000001,0.003776307108894983,0,0.007066543908473826,0.0,0,-5.273701181310555e-06
0.86,0.1482291,-0.36375480000000004,9.831582000000001,0.003908994729835413,0,0.008292976308776893,0.0,0,-5.273701181310555e-06
0.891,0.16019730000000001,-0.36669779999999996,9.8136297,0.0036931863601488146,0,-0.006961560312470918,0.0,0,-5.273701181310555e-06
0.891,0.15421320000000002,-0.3771945,9.8136297,0.0034875256070776572,0,0.0,0.0,0,-5.273701181310555e-06
0.906,0.15421320000000002,-0.347274,9.842078700000002,0.0038216669002224535,0,0.022276086209653063,5.827389572183889e-06,0,-5.2299957595191764e-06
0.922,0.18266220000000002,-0.347274,9.8375661,0.004070383588318904,0,0.015544793006028165,0.0,0,-5.183376642941705e-06
0.938,0.18266220000000002,-0.347274,9.8375661,0.004314223478608881,0,0.015239993143123612,0.0,0,-5.183376642941705e-06
0.953,0.1032993,-0.4027005000000001,9.830012400000001,0.0044240959337695784,0,0.007324830344046511,0.0,0,-5.183376642941705e-06
0.969,0.1032993,-0.4027005000000001,9.830012400000001,0.004531814027064485,0,0.006732380830931633,0.0,0,-5.183376642941705e-06
0.985,0.1482291,-0.32333760000000006,9.848062800000001,0.004944957669110295,0,0.025821477627863108,0.0,0,-5.183376642941705e-06
1.0,0.11821050000000001,-0.32333760000000006,9.8615025,0.005605406060517737,0,0.044029892760496105,0.0,0,-5.183376642941705e-06
1.016,0.1302768,-0.35777070000000005,9.8615025,0.0062791832354403,0,0.04211107343266015,2.3243941204720547e-05,0,-4.9974251133039406e-06
1.031,0.1302768,-0.3503151,9.8120601,0.00596574476335654,0,-0.02089589813891748,0.0,0,-4.823095554268538e-06
1.047,0.1302768,-0.3503151,9.871999200000001,0.00683288207118693,0,0.054196081739399334,0.0,0,-4.823095554268538e-06
1.063,0.1122264,-0.36375480000000004,9.871999200000001,0.007688196517282364,0,0.053457152880964594,0.0,0,-4.823095554268538e-06
1.078,0.1122264,-0.33824879999999996,9.834525,0.007774662567390678,0,0.0057644033405541955,0.0,0,-4.823095554268538e-06
1.094,0.1032993,-0.33824879999999996,9.843550200000001,0.008034366910397495,0,0.01623152143792604,7.608222353715287e-05,0,-4.214437765971314e-06
1.11,0.16019730000000001,-0.318825,9.843550200000001,0.008291198150343959,0,0.016051952496654018,0.0,0,-3.605779977674091e-06
1.125,0.16019730000000001,-0.32932170000000005,9.8928945,0.009516634653742528,0,0.08169576689323849,0.0,0,-3.605779977674091e-06
1.141,0.1437165,-0.39671639999999997,9.845021700000002,0.009823710103624705,0,0.01919221561763605,0.0,0,-3.605779977674091e-06
1.156,0.18266220000000002,-0.39671639999999997,9.7701714,0.008671210572872567,0,-0.07683330205014303,0.00013368015318639907,0,-2.6031788287761043e-06
1.172,0.16912439999999998,-0.36826739999999997,9.7701714,0.007514716712371694,0,-0.07228086628130452,0.0,0,-1.5337376032849107e-06
1.188,0.16912439999999998,-0.3427614,9.7656588,0.006274301134199689,0,-0.07752597363575024,0.0,0,-1.5337376032849107e-06
1.203,0.18266220000000002,-0.3427614,9.839037600000001,0.006500656674964134,0,0.015090369384296184,0.0,0,-1.5337376032849107e-06
1.219,0.18413369999999998,-0.3562992,9.839037600000001,0.00673253363753723,0,0.014492310160818521,7.515742030966485e-05,0,-9.324782408075914e-07
1.235,0.18413369999999998,-0.38023560000000006,9.8016615,0.006245228216815946,0,-0.03045658879508026,0.0,0,-3.312188783302721e-07
1.25,0.1392039,-0.38023560000000006,9.866015100000002,0.0070137268475942705,0,0.05123324205188865,0.0,0,-3.312188783302721e-07
1.266,0.1362609,-0.40417200000000003,9.866015100000002,0.007784993174038135,0,0.0482041454027415,0.0,0,-3.312188783302721e-07
1.281,0.1631403,-0.37268190000000007,9.843550200000001,0.008084725625607803,0,0.019982163437977967,1.5834329297969695e-05,0,-2.1246140859550017e-07
1.297,0.1631403,-0.33226469999999997,9.827069400000001,0.008027301505935114,0,-0.0035890074795430463,0.0,0,-8.578677421174249e-08
1.313,0.10477080000000001,-0.33226469999999997,9.827069400000001,0.007955412772883363,0,-0.004493045815734393,0.0,0,-8.578677421174249e-08
1.328,0.1362609,-0.33824879999999996,9.827069400000001,0.007896501210677087,0,-0.0039274374804183915,0.0,0,-8.578677421174249e-08
1.344,0.1362609,-0.35777070000000005,9.8240283,0.007792706395827409,0,-0.006487175928104876,1.699527630960162e-05,0,5.0175436265070574e-08
1.36,0.1362609,-0.35777070000000005,9.8495343,0.008190686082651055,0,0.02487373042647787,0.0,0,1.8613764674188364e-07
1.375,0.13469129999999999,-0.3173535,9.8495343,0.008553297509699576,0,0.02417409513656818,0.0,0,1.8613764674188364e-07
1.391,0.13469129999999999,-0.3278502,9.8046045,0.00803513180772164,0,-0.032385356373620916,0.0,0,1.8613764674188364e-07
1.406,0.1946304,-0.3278502,9.8136297,0.00772368137176116,0,-0.020763362397365523,2.1340826465548676e-05,1,3.4619384523349763e-07
1.422,0.1406754,-0.3936753,9.8136297,0.0074476874037276986,0,-0.017249623002091305,0.0,1,5.169204569578872e-07
1.438,0.20355750000000003,-0.33824879999999996,9.8225568,0.007333117947290191,0,-0.007160591027344226,0.0,1,5.169204569578872e-07
1.453,0.20355750000000003,-0.3622833,9.764187300000001,0.0060941146072206465,0,-0.08260022267130228,0.0,1,5.169204569578872e-07
1.469,0.1661814,-0.3622833,9.8674866,0.006889350521094073,0,0.04970224461708912,0.0,1,5.169204569578872e-07
1.485,0.1302768,-0.33530580000000004,9.8674866,0.007639741593219895,0,0.04689944200786385,8.17629215774645e-05,1,1.1710238295776039e-06
1.5,0.1302768,-0.3652263,9.8120601,0.0073102782170000324,0,-0.021964225081324337,0.0,1,1.7842457414085837e-06
1.516,0.1406754,-0.3652263,9.8255979,0.007255324309495492,0,-0.00343461921903376,0.0,1,1.7842457414085837e-06
1.531,0.10182780000000001,-0.34580249999999996,9.8255979,0.007178284608780672,0,-0.005135980047654732,0.0,1,1.7842457414085837e-06
1.547,0.10182780000000001,-0.3907323,9.8375661,0.0073702227466352355,0,0.011996133615910221,3.5053016096475015e-05,1,2.0646698701803842e-06
1.563,0.1002582,-0.3907323,9.833053500000002,0.007469673523079479,0,0.006215673527765192,0.0,1,2.3450939989521847e-06
1.578,0.1317483,-0.33981839999999996,9.833053500000002,0.007537396305940192,0,0.004514852190714161,0.0,1,2.3450939989521847e-06
1.594,0.1466595,-0.3307932,9.860031000000001,0.008130510876823038,0,0.037069660680177884,0.0,1,2.3450939989521847e-06
1.61,0.1466595,-0.33226469999999997,9.842078700000002,0.008361198343868281,0,0.014417966690327676,2.3602141199478496e-05,1,2.5339111285480127e-06
1.625,0.1466595,-0.33226469999999997,9.842078700000002,0.008587362527245901,0,0.015077612225174735,0.0,1,2.7109271875441003e-06
1.641,0.1781496,-0.33226469999999997,9.839037600000001,0.008759687839178909,0,0.010770331995812999,0.0,1,2.7109271875441003e-06
1.656,0.1915893,-0.38621970000000005,9.839037600000001,0.008972176269233856,0,0.014165895336996545,0.0,1,2.7109271875441003e-06
1.688,0.1586277,-0.3652263,9.827069400000001,0.00891882240902575,0,-0.0016673081315032852,0.0002087377103294815,1,6.050730552815807e-06
1.703,0.12272310000000002,-0.36375480000000004,9.827069400000001,0.008855375359686946,0,-0.0042298032892536365,0.0,1,7.6162633802869315e-06
1.719,0.12272310000000002,-0.3532581,9.8105886,0.008462750594414814,0,-0.0245390478295082,0.0,1,7.6162633802869315e-06
1.735,0.1526436,-0.3532581,9.7926363,0.007734316820679155,0,-0.04552711085847867,0.00011016574054839232,1,8.497589304674071e-06
1.75,0.1646118,-0.36826739999999997,9.7926363,0.007034797636036316,0,-0.04663461230952286,0.0,1,9.323832358787008e-06
1.766,0.1377324,-0.3592422,9.7806681,0.0060998072760458655,0,-0.058436897499403125,0.0,1,9.323832358787008e-06
1.781,0.1377324,-0.3532581,9.834525,0.006234108882120282,0,0.00895344040496114,0.0,1,9.323832358787008e-06
1.797,0.16019730000000001,-0.3532581,9.836094600000001,0.006403196752843954,0,0.010567991920229494,1.961375453637601e-05,1,9.480742395078017e-06
1.813,0.1437165,-0.34580249999999996,9.7672284,0.005209456384154265,0,-0.07460877304310547,0.0,1,9.637652431369026e-06
1.828,0.1437165,-0.34580249999999996,9.7672284,0.0040391226893596865,0,-0.07802224631963793,0.0,1,9.637652431369026e-06
1.844,0.15421320000000002,-0.34580249999999996,9.8120601,0.003773269605487073,0,-0.01661581774203834,0.0,1,9.637652431369026e-06
1.86,0.1856052,-0.344331,9.8120601,0.003522265955727022,0,-0.01568772811000317,0.0,1,9.637652431369026e-06
1.875,0.1856052,-0.36375480000000004,9.842078700000002,0.003878007294131791,0,0.023716089226984767,0.0,1,9.637652431369026e-06
1.891,0.1392039,-0.36375480000000004,9.8240283,0.003858120405574539,0,-0.0012429305348282671,0.0,1,9.637652431369026e-06
1.906,0.15421320000000002,-0.3547296,9.7956774,0.0032810804820737616,0,-0.0384693282333854,0.0,1,9.637652431369026e-06
1.922,0.11673900000000001,-0.33226469999999997,9.7956774,0.002689764795213989,0,-0.03695723042873574,2.1444585379457384e-05,1,9.809209114404685e-06
1.938,0.11673900000000001,-0.33226469999999997,9.886910400000001,0.0038977815363434587,0,0.07550104632059178,0.0,1,9.980765797440344e-06
1.953,0.1287072,-0.33226469999999997,9.7851807,0.0030916303025740888,0,-0.05374341558462421,0.0,1,9.980765797440344e-06
1.969,0.1406754,-0.3592422,9.7851807,0.002323191242583178,0,-0.04802744124943188,0.0,1,9.980765797440344e-06
1.985,0.1406754,-0.3891627,9.8136297,0.0021495632633214967,0,-0.01085174870385507,0.0,1,9.980765797440344e-06
2.0,0.1497006,-0.3891627,9.7956774,0.0016302675174326708,0,-0.034619716392588616,0.0,1,9.980765797440344e-06
2.016,0.11821050000000001,-0.40711500000000006,9.7956774,0.0011270120465738387,0,-0.03145346692867698,0.0,1,9.980765797440344e-06
2.031,0.11821050000000001,-0.3173535,9.7986204,0.0006262615227292656,0,-0.03338336825630459,0.0,1,9.980765797440344e-06
2.047,0.1406754,-0.3173535,9.7895952,-3.570858805801436e-05,0,-0.04137313192420496,0.0,1,9.980765797440344e-06
2.063,0.1437165,-0.36973890000000004,9.842078700000002,0.00038043569134238453,0,0.026009017462524906,0.0,1,9.980765797440344e-06
2.078,0.173637,-0.38023560000000006,9.842078700000002,0.0008057057697588021,0,0.02835133856109511,0.0,1,9.980765797440344e-06
2.094,0.173637,-0.37268190000000007,9.783611100000002,7.155841182893141e-05,0,-0.04588420987061688,0.0,1,9.980765797440344e-06
2.11,0.2006145,-0.37268190000000007,9.830012400000001,0.00027089748241415634,0,0.012458691911576548,0.0,1,9.980765797440344e-06
2.125,0.18266220000000002,-0.3562992,9.830012400000001,0.00044757099360559494,0,0.011778234079429142,0.0,1,9.980765797440344e-06
2.141,0.18266220000000002,-0.3503151,9.8674866,0.0013507642845738133,0,0.056449580685513596,0.0,1,9.980765797440344e-06
2.156,0.1586277,-0.3503151,9.8375661,0.0016418742678609988,0,0.01940733221914554,0.0,1,9.980765797440344e-06
2.172,0.1437165,-0.3592422,9.8375661,0.0019290945442431706,0,0.017951267273885723,0.0,1,9.980765797440344e-06
2.188,0.1437165,-0.31136939999999996,9.8076456,0.0015923916200417665,0,-0.02104393276258774,0.0,1,9.980765797440344e-06
2.203,0.142245,-0.31136939999999996,9.888480000000001,0.002845901866653122,0,0.08356734977409216,0.0,1,9.980765797440344e-06
2.219,0.11526750000000001,-0.3307932,9.752219100000001,0.0014102249781640097,0,-0.08972980553056945,0.0,1,9.980765797440344e-06
2.235,0.1062423,-0.3712104,9.752219100000001,2.9193367941715564e-05,0,-0.0863144756388933,0.0,1,9.980765797440344e-06
2.25,0.1062423,-0.3622833,9.842078700000002,0.0004293092800402576,0,0.02667439413990258,0.0,1,9.980765797440344e-06
2.266,0.1062423,-0.3622833,9.842078700000002,0.0008215797820980697,0,0.024516906378613236,0.0,1,9.980765797440344e-06
2.281,0.1078119,-0.3622833,9.843550200000001,0.0012353248259682204,0,0.02758300292467648,2.0425885833459667e-06,1,9.996085211815438e-06
2.297,0.1212516,-0.3307932,9.843550200000001,0.0016222990377752211,0,0.024185888237937526,0.0,1,1.0012425920482206e-05
2.313,0.1212516,-0.3367773,9.833053500000002,0.001799980094371989,0,0.011105066037297984,0.0,1,1.0012425920482206e-05
2.328,0.1287072,-0.3367773,9.855518400000001,0.002416227161806006,0,0.04108313782893534,0.0,1,1.0012425920482206e-05
2.344,0.142245,-0.4027005000000001,9.855518400000001,0.003072491500754282,0,0.041016521184267206,0.0,1,1.0012425920482206e-05
2.36,0.142245,-0.3847482,9.8225568,0.003056093157884021,0,-0.0010248964293912968,0.0,1,1.0012425920482206e-05
2.375,0.1781496,-0.3847482,9.821085300000002,0.0030226617312383297,0,-0.00222876177637941,0.0,1,1.0012425920482206e-05
2.391,0.1646118,-0.38621970000000005,9.800091900000002,0.0025751305311736417,0,-0.02797070000404298,0.0,1,1.0012425920482206e-05
2.406,0.1302768,-0.3891627,9.800091900000002,0.00212853536833002,0,-0.02977301085624119,0.0,1,1.0012425920482206e-05
2.422,0.1302768,-0.3817071,9.860031000000001,0.00285924082609057,0,0.045669091110034324,0.0,1,1.0012425920482206e-05
2.438,0.16765290000000002,-0.3817071,9.783611100000002,0.0020895998970367202,0,-0.04810255806586557,0.0,1,1.0012425920482206e-05
2.453,0.1915893,-0.3278502,9.783611100000002,0.0013053975117109928,0,-0.052280159021716274,0.0,1,1.0012425920482206e-05
2.469,0.1915893,-0.3547296,9.7851807,0.0005856927337770657,0,-0.04498154862087041,0.0,1,1.0012425920482206e-05
2.485,0.1631403,-0.3547296,9.834525,0.0008367669272981715,0,0.0156921370950691,0.0,1,1.0012425920482206e-05
2.5,0.1646118,-0.3278502,9.8046045,0.0004788543675768864,0,-0.023860837314752144,0.0,1,1.0012425920482206e-05
2.516,0.1646118,-0.3278502,9.8046045,0.00012795970118339994,0,-0.02193091664959288,0.0,1,1.0012425920482206e-05
2.531,0.1497006,-0.3023442,9.8375661,0.00040912452745800465,0,0.018744321751640158,0.0,1,1.0012425920482206e-05
2.547,0.11978010000000001,-0.3023442,9.8405091,0.0007344198371175281,0,0.0203309568537202,0.0,1,1.0012425920482206e-05
2.563,0.16765290000000002,-0.3338343,9.8405091,0.0010869834060613925,0,0.022035223058991506,0.0,1,1.0012425920482206e-05
2.578,0.16765290000000002,-0.3487455,9.7986204,0.0006220565534853506,0,-0.030995123505070124,0.0,1,1.0012425920482206e-05
2.594,0.1631403,-0.3487455,9.830012400000001,0.0007798098313696045,0,0.009859579867765858,4.5821832781421656e-07,1,1.0016091667104719e-05
2.61,0.1302768,-0.3173535,9.830012400000001,0.0009040190514753021,0,0.007763076256606098,0.0,1,1.0019757413727232e-05
2.625,0.1302768,-0.3562992,9.7911648,0.0002907925688315771,0,-0.04088176550958133,0.0,1,1.0019757413727232e-05
2.641,0.1287072,-0.3562992,9.866015100000002,0.0011557473447663114,0,0.05405967349592084,0.0,1,1.0019757413727232e-05
2.656,0.1287072,-0.33530580000000004,9.8225568,0.0011377675817563215,0,-0.001198650867332645,0.0,1,1.0019757413727232e-05
2.672,0.1287072,-0.33530580000000004,9.8225568,0.0011201403631186935,0,-0.0011017011648517528,0.0,1,1.0019757413727232e-05
2.688,0.1317483,-0.3503151,9.8285409,0.001231163068755592,0,0.006938919102306145,0.0,1,1.0019757413727232e-05
2.703,0.1332198,-0.3503151,9.7851807,0.000490817706129576,0,-0.049356357508402116,0.0,1,1.0019757413727232e-05
2.719,0.16765290000000002,-0.3547296,9.7851807,-0.0002215232424447322,0,-0.04452130928589422,0.0,1,1.0019757413727232e-05
2.735,0.16765290000000002,-0.39818790000000004,9.7821396,-0.0009467140105083871,0,-0.04532442300397839,0.0,1,1.0019757413727232e-05
2.75,0.1107549,-0.3771945,9.7941078,-0.001455365425067967,0,-0.03391009430397172,0.0,1,1.0019757413727232e-05
2.766,0.1107549,-0.3771945,9.7941078,-0.0019540432824793896,0,-0.031167366088213883,0.0,1,1.0019757413727232e-05
2.781,0.1107549,-0.3652263,9.7672284,-0.002978476803161101,0,-0.06829556804544686,0.0,1,1.0019757413727232e-05
2.797,0.15568469999999998,-0.3652263,9.8375661,-0.00259277616176945,0,0.024106290086978156,0.0,1,1.0019757413727232e-05
2.813,0.142245,-0.34580249999999996,9.8375661,-0.0022323786919624666,0,0.02252484186293644,0.0,1,1.0019757413727232e-05
2.828,0.142245,-0.37425150000000007,9.830012400000001,-0.0020066380497869574,0,0.015049376145034273,0.0,1,1.0019757413727232e-05
2.844,0.142245,-0.37425150000000007,9.830012400000001,-0.0017853236947136253,0,0.013832147192083243,0.0,1,1.0019757413727232e-05
2.86,0.15568469999999998,-0.33981839999999996,9.831582000000001,-0.001558107593835345,0,0.014201006304892504,0.0,1,1.0019757413727232e-05
2.875,0.16912439999999998,-0.34580249999999996,9.831582000000001,-0.0013269086550149467,0,0.015413262588026427,0.0,1,1.0019757413727232e-05
2.891,0.16912439999999998,-0.37268190000000007,9.7941078,-0.0018151506397749984,0,-0.0305151240475032,0.0,1,1.0019757413727232e-05
2.906,0.1332198,-0.37268190000000007,9.821085300000002,-0.0017761360987300634,0,0.0026009694029956423,0.0,1,1.0019757413727232e-05
2.922,0.1332198,-0.37268190000000007,9.821085300000002,-0.0017378865486872286,0,0.0023905968776771736,0.0,1,1.0019757413727232e-05
2.938,0.1332198,-0.30685680000000004,9.821085300000002,-0.0017450084716390535,0,-0.00044512018448905583,0.0,1,1.0019757413727232e-05
2.953,0.1332198,-0.2948886,9.8105886,-0.0019648818435324955,0,-0.014658224792896447,0.0,1,1.0019757413727232e-05
2.969,0.1482291,-0.2948886,9.803133,-0.002322330349441515,0,-0.022340531619313687,0.0,1,1.0019757413727232e-05
2.985,0.1062423,-0.347274,9.803133,-0.002649827078180067,0,-0.020468545546159494,0.0,1,1.0019757413727232e-05
3.0,0.1526436,-0.3338343,9.7791966,-0.003437056985196918,0,-0.05248199380112296,0.0,1,1.0019757413727232e-05
3.016,0.1526436,-0.3338343,9.7791966,-0.004208851011684445,0,-0.04823712665547038,0.0,1,1.0019757413727232e-05
3.031,0.15421320000000002,-0.3338343,9.8136297,-0.004290345647586236,0,-0.005432975726786019,-6.221726796314976e-05,1,9.553127904003605e-06
3.047,0.1721655,-0.3891627,9.8136297,-0.004324463775894571,0,-0.0021323830192709874,0.0,1,9.055389760298406e-06
3.063,0.1721655,-0.36973890000000004,9.8405091,-0.00384603211436918,0,0.029901978845336935,0.0,1,9.055389760298406e-06
3.078,0.1497006,-0.36973890000000004,9.8255979,-0.0036763154169356937,0,0.011314446495565993,0.0,1,9.055389760298406e-06
3.094,0.1870767,-0.37268190000000007,9.8255979,-0.003495199415029404,0,0.011319750119143091,0.0,1,9.055389760298406e-06
3.11,0.1870767,-0.3712104,9.833053500000002,-0.0031726682674602102,0,0.0201581967230746,0.0,1,9.055389760298406e-06
3.125,0.1946304,-0.3712104,9.783611100000002,-0.003822163946242796,0,-0.04329971191883868,0.0,1,9.055389760298406e-06
3.141,0.1915893,-0.347274,9.783611100000002,-0.004477319028362459,0,-0.04094719263247889,0.0,1,9.055389760298406e-06
3.156,0.15568469999999998,-0.3891627,9.8615025,-0.003575332420075128,0,0.06013244055248821,-4.2884368336425574e-05,1,8.733756997775212e-06
3.172,0.15568469999999998,-0.33530580000000004,9.834525,-0.003258388791213207,0,0.019808976803870042,0.0,1,8.390682051083806e-06
3.188,0.11978010000000001,-0.33530580000000004,9.845021700000002,-0.002751829681319151,0,0.03165994436837846,0.0,1,8.390682051083806e-06
3.203,0.15421320000000002,-0.36375480000000004,9.845021700000002,-0.002226024781826652,0,0.035053659966167355,0.0,1,8.390682051083806e-06
3.219,0.15421320000000002,-0.3143124,9.839037600000001,-0.0018611522488978238,0,0.022804533308051746,0.0,1,8.390682051083806e-06
3.235,0.1362609,-0.3143124,9.8091171,-0.0020949470245703594,0,-0.014612173479533462,0.0,1,8.390682051083806e-06
3.25,0.1437165,-0.33981839999999996,9.8091171,-0.002305408216743743,0,-0.014030746144892112,0.0,1,8.390682051083806e-06
3.266,0.1437165,-0.36826739999999997,9.8105886,-0.0024627947924500404,0,-0.009836660981643588,0.0,1,8.390682051083806e-06
3.281,0.1497006,-0.36826739999999997,9.866015100000002,-0.0015294341442562143,0,0.06222404321292123,0.0,1,8.390682051083806e-06
3.297,0.1796211,-0.3262806,9.866015100000002,-0.0006335469355907009,0,0.05599295054159454,0.0,1,8.390682051083806e-06
3.313,0.13469129999999999,-0.347274,9.8091171,-0.0008700562749126561,0,-0.014781833707622191,0.0,1,8.390682051083806e-06
3.328,0.13469129999999999,-0.36826739999999997,9.8674866,5.6666122707937916e-05,0,0.06178149317470759,0.0,1,8.390682051083806e-06
3.344,0.1392039,-0.36826739999999997,9.8285409,0.00020341285821245947,0,0.009171670969032588,0.0,1,8.390682051083806e-06
3.36,0.1526436,-0.3098979,9.8285409,0.00031173493737490787,0,0.006770129947653019,0.0,1,8.390682051083806e-06
3.375,0.1526436,-0.3367773,9.8464932,0.0007870177780802123,0,0.0316855227136867,0.0,1,8.390682051083806e-06
3.391,0.16765290000000002,-0.3367773,9.8016615,0.0003793554361770646,0,-0.02547889636894671,0.0,1,8.390682051083806e-06
3.406,0.45508590000000004,0.0733788,9.8016615,5.0598721584194095e-05,0,-0.021917114306191185,0.0,1,8.390682051083806e-06
3.422,0.45508590000000004,-0.0658251,9.8240283,0.00016532162883997614,0,0.007170181703486372,0.0,1,8.390682051083806e-06
3.438,0.32333760000000006,-0.0658251,9.8165727,2.942802491467944e-05,0,-0.008493350245331037,0.0,1,8.390682051083806e-06
3.453,0.17069399999999998,-0.23200650000000003,9.8165727,-0.00012967141558917206,0,-0.01060662936692366,0.0,1,8.390682051083806e-06
3.469,0.0030411,-0.36071369999999997,9.8165727,-0.0002385778881919265,0,-0.006806654537672146,0.0,1,8.390682051083806e-06
3.485,0.0030411,-0.45802890000000007,9.774684,-0.0010862962069477788,0,-0.05298239492224072,0.0,1,8.390682051083806e-06
3.5,0.0373761,-0.45802890000000007,9.834525,-0.0007439360667067518,0,0.02282400934940161,0.0,1,8.390682051083806e-06
3.516,0.0373761,-0.45802890000000007,9.834525,-0.00040828887039268125,0,0.020977949769629394,0.0,1,8.390682051083806e-06
3.531,0.053856900000000006,-0.4281084,9.834525,-0.00010412967358242042,0,0.020277279787350555,0.0,1,8.390682051083806e-06
3.547,0.09133110000000001,-0.49550310000000003,9.7911648,-0.000587615778313122,0,-0.030217881545668818,0.0,1,8.390682051083806e-06
3.563,0.1856052,-0.4235958000000001,9.7911648,-0.0011016071116802806,0,-0.03212445833544739,0.0,1,8.390682051083806e-06
3.578,0.1856052,-0.4235958000000001,9.7911648,-0.001605520183609599,0,-0.03359420479528861,0.0,1,8.390682051083806e-06
3.594,0.1856052,-0.2544714,9.806076000000001,-0.0019220605558114556,0,-0.019783773262616027,0.0,1,8.390682051083806e-06
3.61,0.21856680000000003,-0.2544714,9.8151012,-0.002042221002930944,0,-0.007510027944968016,0.0,1,8.390682051083806e-06
3.625,0.21856680000000003,-0.2634966,9.7926363,-0.0025955786226390387,0,-0.03689050798053934,-2.8709739355805772e-05,1,8.175359005915262e-06
3.641,0.1497006,-0.3218661,9.7926363,-0.00312927537747143,0,-0.03335604717702442,0.0,1,7.945681091068816e-06
3.656,0.04041720000000001,-0.41466870000000006,9.818044200000001,-0.0031071692004367435,0,0.0014737451356457495,0.0,1,7.945681091068816e-06
3.672,0.04041720000000001,-0.41466870000000006,9.818044200000001,-0.003085496477854832,0,0.0013545451613694568,0.0,1,7.945681091068816e-06
3.688,0.0703377,-0.47755080000000005,9.818044200000001,-0.003004978169055761,0,0.005032394299941951,0.0,1,7.945681091068816e-06
3.703,0.0703377,-0.4520448,9.8405091,-0.002509675794243549,0,0.03302015832081484,0.0,1,7.945681091068816e-06
3.719,0.04041720000000001,-0.4520448,9.833053500000002,-0.002173416105401671,0,0.021016230552617348,0.0,1,7.945681091068816e-06
3.735,0.0777933,-0.5299362,9.833053500000002,-0.0017631859177011933,0,0.025639386731279832,0.0,1,7.945681091068816e-06
3.75,0.0777933,-0.3532581,9.8240283,-0.0016932554809638845,0,0.004662029115820548,0.0,1,7.945681091068816e-06
3.766,0.1466595,-0.3532581,9.8105886,-0.001872605463729471,0,-0.011209373922849142,0.0,1,7.945681091068816e-06
3.781,0.1511721,-0.36071369999999997,9.7806681,-0.0026279907982385,0,-0.05035902230060151,0.0,1,7.945681091068816e-06
3.797,0.1526436,-0.34580249999999996,9.7806681,-0.003378668770077198,0,-0.04691737323991858,0.0,1,7.945681091068816e-06
3.813,0.1526436,-0.3622833,9.7297542,-0.005100441184501037,0,-0.10761077590148983,-3.3955310594793384e-05,1,7.674038606310468e-06
3.828,0.1781496,-0.3622833,9.7911648,-0.005576858268323548,0,-0.031761138921501425,0.0,1,7.4193737768495235e-06
3.844,0.1377324,-0.37425150000000007,9.7911648,-0.006047887741035041,0,-0.02943934204446827,0.0,1,7.4193737768495235e-06
3.86,0.15421320000000002,-0.3338343,9.7656588,-0.007033265811402956,0,-0.06158612939799463,0.0,1,7.4193737768495235e-06
3.875,0.15421320000000002,-0.3338343,9.7656588,-0.007999322743135195,0,-0.06440379544881546,0.0,1,7.4193737768495235e-06
3.891,0.1497006,-0.38023560000000006,9.7656588,-0.008914575835843763,0,-0.05720331829428544,-5.973785577621793e-05,1,6.94147093063978e-06
3.906,0.1497006,-0.3503151,9.7582032,-0.009979885985382353,0,-0.07102067663590539,0.0,1,6.493437012318142e-06
3.922,0.1332198,-0.344331,9.821085300000002,-0.009801055638904543,0,0.01117689665486309,0.0,1,6.493437012318142e-06
3.938,0.1406754,-0.3023442,9.821085300000002,-0.009650781591101776,0,0.009392127987672963,-1.530855026976065e-05,1,6.370968610160056e-06
3.953,0.1406754,-0.3023442,9.821085300000002,-0.009503454093255925,0,0.009821833189723577,0.0,1,6.256154483136854e-06
3.969,0.1406754,-0.34128990000000003,9.9033912,-0.00772129659963916,0,0.11138484335104772,0.0,1,6.256154483136854e-06
3.985,0.18864630000000002,-0.34128990000000003,9.8704296,-0.0066042594217972095,0,0.06981482361512187,0.0,1,6.256154483136854e-06
4.0,0.18266220000000002,-0.37268190000000007,9.8704296,-0.005489086597357584,0,0.07434485496264107,-2.0678667607548773e-06,1,6.240645482431192e-06
4.016,0.18266220000000002,-0.3847482,9.7971489,-0.005822241032491959,0,-0.02082215219589843,0.0,1,6.224102548345153e-06
4.031,0.1287072,-0.3847482,9.7926363,-0.006254065996953884,0,-0.028788330964128903,0.0,1,6.224102548345153e-06
4.047,0.16166880000000003,-0.3278502,9.7926363,-0.0067084095861638104,0,-0.0283964743256204,0.0,1,6.224102548345153e-06
4.063,0.16166880000000003,-0.37572300000000003,9.6639291,-0.00964159282574606,0,-0.18332395247389038,0.0,1,6.224102548345153e-06
4.078,0.11821050000000001,-0.37572300000000003,9.6474483,-0.012852475713245326,0,-0.21405885916660966,-8.63361285230544e-05,1,5.576581584422221e-06
4.094,0.1437165,-0.36826739999999997,9.695321100000001,-0.015061349695846715,0,-0.13805462391258672,0.0,1,4.885892556237785e-06
4.11,0.173637,-0.3503151,9.6235119,-0.018637224039494527,0,-0.223492146477988,-7.923532167852104e-05,2,4.252009982809616e-06
4.125,0.173637,-0.3503151,9.6235119,-0.022142983199932686,0,-0.23371727736254896,0.0,2,3.657745070220721e-06
4.141,0.1332198,-0.3503151,9.5501331,-0.027030328520254443,0,-0.3054590825201095,-0.00027847336973571557,2,1.4299581123349947e-06
4.156,0.1466595,-0.36375480000000004,9.5501331,-0.031808141220015074,0,-0.3185208466507155,-0.00021976189278772804,2,-2.306806356590753e-06
4.172,0.1466595,-0.36669779999999996,9.5591583,-0.03631325261785889,0,-0.28156946236523844,-0.0002647330434907211,3,-6.1827658468183485e-06
4.188,0.1646118,-0.36669779999999996,9.4827384,-0.04222139818688575,0,-0.3692590980641782,-0.00039301024992867764,3,-1.1444712194173543e-05
4.203,0.16765290000000002,-0.36669779999999996,9.4827384,-0.048012654030090474,0,-0.38608372288030024,-0.0005697656415560247,3,-1.8665531380309083e-05
4.219,0.16765290000000002,-0.32333760000000006,9.4738113,-0.05389617603943542,0,-0.36772012558405864,-0.000885036282112233,3,-3.0303946769655155e-05
4.235,0.11978010000000001,-0.35777070000000005,9.334607400000001,-0.06238160651126634,0,-0.5303394044894323,-0.001315258542517849,3,-4.790630536669582e-05
4.25,0.1212516,-0.35777070000000005,9.325582200000001,-0.07087710362266542,1,-0.5663664740932838,-0.0023146988685223153,3,-7.513098594949648e-05
4.266,0.1212516,-0.35777070000000005,9.325582200000001,-0.07920602235933139,1,-0.5205574210416226,-0.0035153638763782903,3,-0.00012177148790870135
4.281,0.1392039,-0.3891627,9.325582200000001,-0.08734208952077793,1,-0.5424044774297814,-0.004764474715479083,3,-0.00018387027734763034
4.297,0.1392039,-0.36973890000000004,9.2927187,-0.09597791109728071,1,-0.5397388485314232,-0.006231034720423552,3,-0.0002718343528348515
4.313,0.3083283,-0.1511721,9.2627001,-0.10507283292252012,1,-0.5684326140774626,-0.007839440672581958,3,-0.0003843981559788957
4.328,0.3083283,-0.1511721,9.2627001,-0.11398942294726488,1,-0.5944393349829618,-0.009482407591605409,3,-0.0005143120179603058
4.344,0.3083283,-0.18864630000000002,9.2103147,-0.12374408819746918,1,-0.609666578137768,-0.011384275680763285,3,-0.0006812454841392555
4.36,0.2664396,-0.18864630000000002,9.1490022,-0.13453454194055858,1,-0.674403358943087,-0.013450504721867509,3,-0.0008799237273603021
4.375,0.24397470000000002,-0.2529999,9.1490022,-0.14509526180674293,1,-0.7040479910789712,-0.015547728249972227,3,-0.0010974104746490955
4.391,0.24397470000000002,-0.258984,9.0696393,-0.15700057769073794,1,-0.7440822427496878,-0.017964494965952076,3,-0.00136550826037649
4.406,0.24103170000000002,-0.16912439999999998,8.9737956,-0.1705938432668006,1,-0.9062177050708635,-0.02042145312313356,3,-0.0016534028710446262
4.422,0.2709522,-0.16912439999999998,9.002244600000001,-0.18334637649040353,1,-0.7970333264751821,-0.023252974881191192,3,-0.0020027982950792246
4.438,0.13469129999999999,-0.3023442,9.002244600000001,-0.19584065872155954,1,-0.7808926394472497,-0.026286471162886904,3,-0.00239911386343185
4.453,0.13469129999999999,-0.36826739999999997,8.924451300000001,-0.20956574951858364,1,-0.9150060531349059,-0.02932701922468809,3,-0.002816215041338678
4.469,0.1437165,-0.36826739999999997,8.909442,-0.22331297448105403,1,-0.8592015601543982,-0.0327900490166852,3,-0.0033131515872696646
4.485,0.0928026,-0.38023560000000006,8.909442,-0.23679403619775918,1,-0.8425663572940715,-0.0364709051021157,3,-0.0038672392202200724
4.5,0.0928026,-0.4445892,8.9333784,-0.24948368565657475,1,-0.8459766305877224,-0.04011798801602313,3,-0.004441655918606101
4.516,0.053856900000000006,-0.4445892,8.8121268,-0.2643052384173501,1,-0.9263470475484584,-0.04422829940861453,3,-0.005116426218003203
4.531,0.09427410000000001,-0.47450970000000003,8.8121268,-0.278798968659574,1,-0.9662486828149466,-0.048301580961691376,3,-0.005810400320780482
4.547,0.09427410000000001,-0.3847482,8.777791800000001,-0.2937667627387235,1,-0.9354871299468429,-0.05288210681287776,3,-0.006619869822977036
4.563,0.16912439999999998,-0.41908320000000004,8.761311000000001,-0.30871101101318743,1,-0.9340155171539958,-0.057701929002893046,3,-0.007504542109503203
4.578,0.08083440000000001,-0.41908320000000004,8.7448302,-0.32370966834219495,1,-0.999910488600463,-0.0624450840980586,3,-0.008405644707760375
4.594,0.09878670000000002,-0.43556400000000006,8.7448302,-0.3383948522268767,1,-0.9178239927926094,-0.06774192026261118,3,-0.009447140742645735
4.625,0.1287072,-0.37425150000000007,8.7238368,-0.35325128295612274,1,-0.479239700943425,-0.07846243535794757,3,-0.011713308254764373
4.625,0.0703377,-0.5194394999999999,8.7238368,-0.3676838376718603,1,0.0,-0.07846243535794757,3,-0.011713308254764373
4.641,0.0703377,-0.5194394999999999,8.7238368,-0.38183340111866215,1,-0.8843477154251148,-0.08445857326827176,3,-0.013016676323774129
4.656,0.0703377,-0.45802890000000007,8.6969574,-0.39629917548184324,1,-0.9643849575454261,-0.09029456759277543,3,-0.014327324880231956
4.672,0.0703377,-0.45802890000000007,8.684891100000002,-0.41071756572494067,1,-0.9011493901935889,-0.0967507015224297,3,-0.015823687033153597
4.688,0.16019730000000001,-0.48951900000000004,8.684891100000002,-0.42479626505268975,1,-0.8799187079843166,-0.10343481216865075,3,-0.017425171142682244
4.703,0.16019730000000001,-0.318825,8.6953878,-0.43854882264662187,1,-0.9168371729287735,-0.10990990032639583,3,-0.019025256486395154
4.719,0.15421320000000002,-0.36973890000000004,8.7508143,-0.45090870250708015,1,-0.7724924912786417,-0.11702556052762544,3,-0.020840740173227325
4.735,0.16166880000000003,-0.36973890000000004,8.7702381,-0.46264314064603695,1,-0.7334023836847996,-0.1243339752728504,3,-0.022771616459631133
4.75,0.17667810000000003,-0.35777070000000005,8.7702381,-0.474151543833516,1,-0.7672268791652852,-0.1313599354064469,3,-0.02468932078972582
4.766,0.17667810000000003,-0.344331,8.7193242,-0.48644216519848626,1,-0.7681638353106417,-0.1390446850787029,3,-0.02685255775360702
4.781,0.1317483,-0.344331,8.7718077,-0.49747918559945425,1,-0.7358013600645483,-0.1464240952096873,3,-0.0289935736057699
4.797,0.10928340000000002,-0.35777070000000005,8.7718077,-0.5082953034207947,1,-0.6760073638337744,-0.1544702911218493,3,-0.031400728696422193
4.828,0.10928340000000002,-0.3427614,8.785247400000001,-0.5186477793776216,1,-0.33395083731699304,-0.17038790890522504,3,-0.03643603079684194
4.828,0.1586277,-0.3427614,8.8077123,-0.5283424430552017,1,0.0,-0.17038790890522504,3,-0.03643603079684194
4.844,0.1437165,-0.3547296,8.8077123,-0.5378427456070956,1,-0.5937689094933635,-0.17891739041452343,3,-0.03923047319139993
4.86,0.1437165,-0.3547296,8.8077123,-0.5471567677167961,1,-0.5821263818562844,-0.18759738652111457,3,-0.04216259140688504
4.891,0.1272357,-0.34580249999999996,8.780734800000001,-0.5568285896378775,1,-0.311994255518758,-0.20470915956011185,3,-0.048243342871143985
4.906,0.1781496,-0.34580249999999996,8.7597414,-0.5667046549709625,1,-0.6584043555390099,-0.21313565889467798,3,-0.051377179009554845
4.938,0.1482291,-0.36071369999999997,8.821152,-0.5751832653237994,1,-0.26495657352615365,-0.2314058656193942,3,-0.058489843401780005
4.953,0.1856052,-0.36071369999999997,8.7702381,-0.5844790266385953,1,-0.6197174209863715,-0.24010333280911247,3,-0.062026162389993936
4.969,0.1646118,-0.3817071,8.7702381,-0.5935833240636388,1,-0.5690185890652172,-0.24952783161473036,3,-0.06594321170538468
4.985,0.1646118,-0.3592422,8.7433587,-0.6030542044518192,1,-0.5919300242612774,-0.25910093184285404,3,-0.07001224181304536
5.0,0.18109260000000002,-0.3592422,8.7433587,-0.6123329993506879,1,-0.6185863265912549,-0.26821633587137267,3,-0.07396712132090197
5.016,0.1332198,-0.318825,8.7433587,-0.6214774154333735,1,-0.5715260051678545,-0.2780868191896452,3,-0.07833754656139011
5.031,0.18109260000000002,-0.3307932,8.704413,-0.6311798897340033,1,-0.6468316200419978,-0.2874817489784003,3,-0.08257931082265035
5.047,0.18109260000000002,-0.3712104,8.740317600000001,-0.6399569715896991,1,-0.5485676159809878,-0.29765084386898993,3,-0.08726037156542948
5.063,0.16765290000000002,-0.3712104,8.704413,-0.6492704508244174,1,-0.5820924521698906,-0.30796466324830285,3,-0.09210529562236783
5.078,0.1287072,-0.37425150000000007,8.704413,-0.6584117482205922,1,-0.6094198264116345,-0.3177722797411408,3,-0.09679832269478883
5.094,0.1287072,-0.344331,8.756798400000001,-0.6663717419777768,1,-0.4974996098240365,-0.3283705476627278,3,-0.10196746531401979
5.11,0.1482291,-0.344331,8.8405758,-0.6725284049458775,1,-0.3847914355062928,-0.33908174883811704,3,-0.10730708368602655
5.125,0.1586277,-0.3338343,8.8405758,-0.6785687007798202,1,-0.40268638892952335,-0.34921497713105953,3,-0.11246930913079527
5.141,0.1586277,-0.3712104,8.7417891,-0.6863963192013021,1,-0.48922615134261394,-0.3601346972909085,3,-0.11814410652617102
5.156,0.15421320000000002,-0.3712104,8.7283494,-0.6943352470474959,1,-0.5292618564129364,-0.3704901840377743,3,-0.12362379313613603
5.172,0.1930608,-0.3817071,8.8031997,-0.700628597942007,1,-0.39333443090694387,-0.3816498947976903,3,-0.12964091376681974
5.188,0.1631403,-0.40711500000000006,8.8031997,-0.7067881110194545,1,-0.38496956734046484,-0.392909228469382,3,-0.13583738675295634
5.203,0.1631403,-0.3891627,8.7837759,-0.7132231714370381,1,-0.42900402783888847,-0.40355931308780607,3,-0.1418109008146355
5.219,0.18413369999999998,-0.3891627,8.773279200000001,-0.7197294971635237,1,-0.4066453579053549,-0.4150229344366106,3,-0.14835955879483081
5.235,0.1930608,-0.37866600000000006,8.773279200000001,-0.7261134853097762,1,-0.39899925914077505,-0.426589678296397,3,-0.15509245969669488
5.25,0.1930608,-0.36669779999999996,8.672922900000001,-0.7343478080976471,1,-0.5489548525247417,-0.43754313799695244,3,-0.16157345581889487
5.266,0.1466595,-0.36669779999999996,8.732862,-0.7412644051421697,1,-0.4322873152826641,-0.44934803570287096,3,-0.16866858520849345
5.281,0.17667810000000003,-0.3262806,8.732862,-0.7480659096896982,1,-0.4534336365019084,-0.4605180130641097,3,-0.17549258057424566
5.297,0.17667810000000003,-0.3622833,8.761311000000001,-0.7541490159170507,1,-0.3801941392095328,-0.47253573246896374,3,-0.18295701053851027
5.313,0.15568469999999998,-0.3622833,8.740317600000001,-0.7605318632514706,1,-0.3989279584012403,-0.4846531795023119,3,-0.1906145218342805
5.328,0.142245,-0.3218661,8.773279200000001,-0.7661792472719906,1,-0.3764922680346529,-0.4961035128312382,3,-0.1979701970267824
5.344,0.1482291,-0.3547296,8.773279200000001,-0.7716891320542203,1,-0.3443677988893553,-0.5084064598658482,3,-0.2060062768083591
5.36,0.1482291,-0.35178660000000006,8.777791800000001,-0.7770049024542498,1,-0.3322356500018439,-0.520796012141916,3,-0.21423989658442122
5.375,0.1571562,-0.35178660000000006,8.7597414,-0.782566988308405,1,-0.3708057236103536,-0.5324928013226357,3,-0.2221395626854052
5.391,0.12272310000000002,-0.37572300000000003,8.7597414,-0.7880113184166717,1,-0.3402706317666701,-0.5450574277764363,3,-0.23075996451819777
5.406,0.12272310000000002,-0.3532581,8.7912315,-0.7927503148593367,1,-0.31593309617767046,-0.5569131400260061,3,-0.23902474377671593
5.422,0.1631403,-0.3532581,8.7957441,-0.7972951213540362,1,-0.28405040591872294,-0.5696335035157131,3,-0.24803711692504968
5.438,0.18413369999999998,-0.37572300000000003,8.7957441,-0.8017244621020456,1,-0.27683379675058606,-0.5824256601833617,3,-0.2572535902346423
5.453,0.18413369999999998,-0.36071369999999997,8.7537573,-0.8069016550097601,1,-0.34514619384761736,-0.5944903560617008,3,-0.2660804603564806
5.469,0.18413369999999998,-0.36071369999999997,8.756798400000001,-0.8119177686120533,1,-0.31350710014332844,-0.6074409114506752,3,-0.2756959104965796
5.485,0.1526436,-0.3278502,8.7553269,-0.8169015275074738,1,-0.31148493096377877,-0.6204714658196315,3,-0.2855192095147421
5.5,0.15568469999999998,-0.33824879999999996,8.7553269,-0.8217787673517591,1,-0.32514932295236304,-0.6327615680310755,3,-0.2949184572686222
5.516,0.15568469999999998,-0.36669779999999996,8.768766600000001,-0.8262746882682972,1,-0.28099505728362817,-0.6459459956760359,3,-0.3051481177782791
5.531,0.13469129999999999,-0.36669779999999996,8.7103971,-0.8318326209291662,1,-0.3705288440579422,-0.6583818004950166,3,-0.3149305762495618
5.547,0.1392039,-0.3907323,8.7103971,-0.8372597168558524,1,-0.3391934954178885,-0.6717345391972968,3,-0.3255715069671003
5.563,0.1392039,-0.3907323,8.7103971,-0.842580399136919,1,-0.3325426425666575,-0.6851732601252389,3,-0.3364267693616806
5.578,0.1437165,-0.42065280000000005,8.735805,-0.8472704789503371,1,-0.3126719875612001,-0.6978471417108938,3,-0.34679942237545197
5.594,0.1437165,-0.42065280000000005,8.735805,-0.851868596414473,1,-0.28738234150849057,-0.7114402543138123,3,-0.35807372154364964
5.61,0.11821050000000001,-0.38023560000000006,8.735805,-0.8564203286900476,1,-0.28448326722341183,-0.7251065657146485,3,-0.36956609610387736
5.625,0.1332198,-0.3817071,8.7597414,-0.8604084828620504,1,-0.2658769448001938,-0.737982781801289,3,-0.38053926621024664
5.641,0.1332198,-0.3817071,8.7597414,-0.8643184379326421,1,-0.2443721919119788,-0.7517805971676466,3,-0.39245737324199814
5.656,0.1856052,-0.3817071,8.7747507,-0.8678390997196423,1,-0.23471078580002358,-0.7647717787000384,3,-0.40383151606100554
5.672,0.16019730000000001,-0.3891627,8.7747507,-0.8712941202256488,1,-0.21593878162540195,-0.7786848444596007,3,-0.41617916904628266
5.688,0.16019730000000001,-0.3547296,8.7433587,-0.875324906117358,1,-0.2519241182318275,-0.7926577966703447,3,-0.4287499101753222
5.703,0.1661814,-0.3547296,8.7553269,-0.879040033443891,1,-0.24767515510219112,-0.8058155337170546,3,-0.44073846015322815
5.719,0.19011780000000003,-0.36071369999999997,8.7553269,-0.8826679860797597,1,-0.22674703974179236,-0.8199091978732438,3,-0.45374425800595053
5.735,0.19011780000000003,-0.3307932,8.7388461,-0.8865707930597839,1,-0.24392543625151286,-0.8340631081063602,3,-0.4669760364537874
5.75,0.2080701,-0.36375480000000004,8.756798400000001,-0.890011803870058,1,-0.22940072068494066,-0.8473874775833338,3,-0.4795869158464598
5.766,0.2080701,-0.36375480000000004,8.756798400000001,-0.89338534388013,1,-0.2108462506295037,-0.8616546547653353,3,-0.49325925290524913
5.781,0.2080701,-0.3532581,8.7792633,-0.8962611453809135,1,-0.1917201000522362,-0.8750770034347929,3,-0.5062847403417499
5.797,0.1571562,-0.3218661,8.7208938,-0.9002684907136658,1,-0.2504590832970164,-0.8894492405235496,3,-0.5204009502934166
5.813,0.1406754,-0.3218661,8.7283494,-0.9040567042718646,1,-0.2367633473874251,-0.9038838420834339,3,-0.5347476149542725
5.828,0.173637,-0.2784078,8.7283494,-0.9077882903526451,1,-0.2487724053853574,-0.9174726795431182,3,-0.5484077888664721
5.844,0.173637,-0.290376,8.7597414,-0.9108239983162161,1,-0.1897317477231873,-0.9320215778524691,3,-0.5632037429256368
5.86,0.10477080000000001,-0.315882,8.7718077,-0.9135679076385852,1,-0.17149433264806987,-0.9466167131001075,3,-0.5782328492532575
5.875,0.10477080000000001,-0.3562992,8.764254,-0.9163756541001593,1,-0.18718309743827813,-0.9603412898131478,3,-0.5925350342751066
5.891,0.10477080000000001,-0.3562992,8.764254,-0.9191283467095452,1,-0.17204328808662056,-0.9750253218196254,3,-0.6080179671681688
5.906,0.1122264,-0.3562992,8.8331202,-0.9204761545255735,1,-0.08985385440188719,-0.9888223555788885,3,-0.6227468247486574
5.922,0.145188,-0.4101561,8.8331202,-0.9217423598822894,1,-0.07913783479474017,-1.0035601036941515,3,-0.6386858844228417
5.938,0.145188,-0.39818790000000004,8.8436169,-0.922788881288497,1,-0.06540758788797779,-1.0183163536235178,3,-0.6548608960813831
5.953,0.15421320000000002,-0.36826739999999997,8.903457900000001,-0.9226651187095047,1,0.008250838599484372,-1.0321572586235033,3,-0.6702394481732363
5.969,0.1856052,-0.36826739999999997,8.8690248,-0.9232064815113983,1,-0.0338351751183463,-1.0469242314252705,3,-0.6868721000936265
5.985,0.2080701,-0.38023560000000006,8.8690248,-0.9237175730492098,1,-0.03194322111321754,-1.0616996238617553,3,-0.7037410909359227
6.0,0.2080701,-0.39818790000000004,8.934948,-0.9229122460515686,1,0.05368846650940991,-1.0755493475050109,3,-0.7197704582211731
6.016,0.19757340000000004,-0.39818790000000004,8.9902764,-0.9210438372008873,1,0.1167755531675806,-1.0903009961710306,3,-0.7370972609705815
6.031,0.18109260000000002,-0.37572300000000003,8.9902764,-0.9192377990772336,1,0.12040254157692015,-1.1041031084431163,3,-0.7535552917551872
6.047,0.18109260000000002,-0.4101561,9.0906327,-0.915472343344657,1,0.23534098328603625,-1.1187807895824915,3,-0.7713383629393921
6.063,0.15568469999999998,-0.4101561,9.0591426,-0.9124066700055273,1,0.19160458369560357,-1.133403821689293,3,-0.7893558398295664
6.078,0.17069399999999998,-0.3652263,9.0591426,-0.9094334733667253,1,0.19821310925346067,-1.1470676227645853,3,-0.8064593756629711
6.094,0.13469129999999999,-0.33530580000000004,9.1280088,-0.905203873121879,1,0.26435001530289415,-1.161584721536494,3,-0.8249285944173798
6.11,0.1511721,-0.33530580000000004,9.171467100000001,-0.9002007142613948,1,0.3126974287802617,-1.1760279582355602,3,-0.8436294958555562
6.125,0.1511721,-0.33530580000000004,9.171467100000001,-0.895295656555037,1,0.32700384709053043,-1.189494181016683,3,-0.8613709118999477
6.141,0.10928340000000002,-0.3427614,9.171467100000001,-0.8904930300140776,1,0.30016415880995656,-1.203780490509236,3,-0.8805171092721551
6.156,0.10928340000000002,-0.37572300000000003,9.2432763,-0.8843525246075661,1,0.4093670271007797,-1.217091832168898,3,-0.8986736516922407
6.172,0.0928026,-0.37572300000000003,9.3001743,-0.8772212742924079,1,0.4457031446973843,-1.2311844225600976,3,-0.9182598617300727
6.188,0.1482291,-0.35777070000000005,9.3001743,-0.8702296505645428,1,0.4369764829915686,-1.2451640299589533,3,-0.9380706493502251
6.203,0.1482291,-0.347274,9.377967600000002,-0.8618587987945574,1,0.5580567846656737,-1.258154693329147,3,-0.9568455397748866
6.219,0.1526436,-0.347274,9.4603716,-0.8520362380318627,1,0.6139100476684195,-1.2718658536237584,3,-0.9770857041505099
6.235,0.1661814,-0.3562992,9.4603716,-0.8423952322909827,1,0.6025628588049997,-1.2854213053863413,3,-0.9975440014225907
6.25,0.1661814,-0.3831786,9.4573305,-0.8329822576134713,1,0.6275316451674362,-1.2979866365606243,3,-1.0169195609871926
6.266,0.1661814,-0.3831786,9.4573305,-0.8237538510668916,1,0.5767754091612337,-1.3112405254300672,3,-1.0377933782831181
6.281,0.2394621,-0.3622833,9.601047000000001,-0.8118766921114631,1,0.7918105970285844,-1.3235077545039047,3,-1.0575539903826225
6.297,0.2394621,-0.3622833,9.601047000000001,-0.8002324186257503,1,0.727767092857045,-1.3364046273898025,3,-1.0788332894377721
6.313,0.23347800000000002,-0.33824879999999996,9.601047000000001,-0.7888365274176312,1,0.7122432005074446,-1.3491171789581495,3,-1.1003174638885558
6.328,0.23347800000000002,-0.315882,9.5980059,-0.7777385915002313,1,0.739862394493301,-1.360866492350034,3,-1.120642341423368
6.344,0.11978010000000001,-0.3307932,9.708858900000001,-0.7647172693234907,1,0.8138326360462848,-1.3732061392366237,3,-1.1425149224760611
6.375,0.11978010000000001,-0.3532581,9.7806681,-0.7505287672787837,1,0.45769361434539185,-1.3966924528039588,3,-1.1854483506526898
6.375,0.1272357,-0.3532581,9.851005800000001,-0.7352384637963745,1,0.0,-1.3966924528039588,3,-1.1854483506526898
6.391,0.1272357,-0.3532581,9.851005800000001,-0.7202479701861684,1,0.9369058506378806,-1.4083363442758192,3,-1.207888581029328
6.406,0.145188,-0.3562992,9.851005800000001,-0.705544398262619,1,0.9802381282366421,-1.4190297870391848,3,-1.2290938270141902
6.422,0.10928340000000002,-0.3936753,9.774684,-0.6926055532321573,1,0.8086778144038569,-1.430214986651143,3,-1.251887785203713
6.438,0.10928340000000002,-0.37425150000000007,9.843550200000001,-0.6785861069732011,1,0.876215391184764,-1.441184519932786,3,-1.2748589812563844
6.453,0.0718092,-0.37425150000000007,9.7851807,-0.6659919438264215,1,0.8396108764519439,-1.4512688553137836,3,-1.2965523815707345
6.469,0.1287072,-0.3039138,9.7851807,-0.6536810620628284,1,0.7694301102245664,-1.4618262393608976,3,-1.319857142328132
6.485,0.1287072,-0.3652263,9.8495343,-0.6403096378661406,1,0.8357140122929866,-1.4721781649603294,3,-1.3433291775627019
6.5,0.16912439999999998,-0.3652263,9.8584614,-0.6270135309548479,1,0.8864071274195311,-1.4816830887264867,3,-1.3654831369653526
6.516,0.1870767,-0.36973890000000004,9.8584614,-0.6139684827936271,1,0.8153155100762969,-1.4916109448364745,3,-1.3892694892338564
6.531,0.1870767,-0.37572300000000003,9.830012400000001,-0.6017321048157704,1,0.8157585318571311,-1.5007286992435447,3,-1.411712036564456
6.547,0.1915893,-0.37572300000000003,9.777627,-0.5907601687032447,1,0.6857460070328608,-1.5102686374316967,3,-1.4358000152578578
6.563,0.21552570000000001,-0.33226469999999997,9.777627,-0.5800244297768238,1,0.6709836829013044,-1.5196349142195373,3,-1.4600392436710676
6.578,0.16765290000000002,-0.3547296,9.7582032,-0.5698826635183085,1,0.6761177505676584,-1.528259217419251,3,-1.4828984496583595
6.594,0.16765290000000002,-0.29783160000000003,9.7911648,-0.5593311211550969,1,0.6594713977007277,-1.5372929276966383,3,-1.5074228668192866
6.61,0.1437165,-0.29783160000000003,9.8824959,-0.5472041353872683,1,0.7579366104892842,-1.5461452097489772,3,-1.5320903719188514
6.625,0.142245,-0.3503151,9.8824959,-0.5352816260632078,1,0.7948339549373816,-1.5542638529598556,3,-1.5553434398891672
6.641,0.142245,-0.37425150000000007,9.889951500000002,-0.5234296306503943,1,0.7407497133008472,-1.5627335430135645,3,-1.5802794190569547
6.656,0.11673900000000001,-0.37425150000000007,9.9693144,-0.5102616463877947,1,0.877865617506657,-1.5704862275913507,3,-1.603778567336491
6.672,0.1122264,-0.3278502,9.9693144,-0.4973848891929382,1,0.8047973246785294,-1.5785473998759967,3,-1.6289708363562299
6.688,0.1122264,-0.3307932,9.975298500000001,-0.4846414489872437,1,0.7964650128559063,-1.586403610581438,3,-1.6542904444398894
6.703,0.08083440000000001,-0.3307932,10.0516203,-0.4706581917544703,1,0.9322171488515235,-1.5935683578870012,3,-1.6781402342034035
6.719,0.1482291,-0.31284090000000003,10.0710441,-0.45656469739273575,1,0.8808433976084099,-1.6009861410001789,3,-1.7036966701945009
6.735,0.1526436,-0.347274,10.0710441,-0.44272414137290284,1,0.8650347512395565,-1.608180451710304,3,-1.7293700029361847
6.75,0.1526436,-0.347274,10.1444229,-0.4277171810101432,1,1.0004640241839955,-1.6147087616281768,3,-1.7535416720362227
6.766,0.19610190000000002,-0.347274,10.1518785,-0.4128437628909811,1,0.9295886324476302,-1.6214332491793857,3,-1.7794308081226833
6.781,0.1631403,-0.3307932,10.1518785,-0.3982841919287665,1,0.9706380641476612,-1.6275167088405336,3,-1.8037979328078322
6.797,0.1631403,-0.3338343,10.2297699,-0.38248188394588567,1,0.9876442489300521,-1.6337628374475308,3,-1.8298881691781368
6.813,0.1631403,-0.3338343,10.340524799999999,-0.3648191762193136,1,1.1039192329107541,-1.6397412459288525,3,-1.856076201845148
6.828,0.1870767,-0.3562992,10.340524799999999,-0.3474801648084451,1,1.155934094057854,-1.6450834909865608,3,-1.8807123873720146
6.844,0.1870767,-0.344331,10.351021500000002,-0.330283408134342,1,1.0747972921314455,-1.650505599570103,3,-1.907077100096468
6.86,0.1796211,-0.344331,10.4318559,-0.3118425479469522,1,1.1525537617118597,-1.6556426072187533,3,-1.933526285750779
6.875,0.21101310000000004,-0.3547296,10.4228307,-0.29392175668522214,1,1.194719417448697,-1.6601858395034945,3,-1.9583949991011953
6.891,0.21101310000000004,-0.3547296,10.4228307,-0.27635235348744835,1,1.0980876998608604,-1.6647480323848758,3,-1.9849944700763023
6.906,0.1482291,-0.35178660000000006,10.4228307,-0.25915060272802215,1,1.1467833839617714,-1.6687643045564917,3,-2.009995812603362
6.922,0.1482291,-0.3427614,10.4886558,-0.24100216776623284,1,1.1342771851118305,-1.6727655267204458,3,-2.0367280512535775
6.938,0.09133110000000001,-0.3218661,10.5216174,-0.22258931305620422,1,1.150803419376788,-1.6764742585670254,3,-2.063521969535877
6.953,0.09133110000000001,-0.3218661,10.5216174,-0.20453749471303873,1,1.2034545562109873,-1.6796777096252948,3,-2.08869310929732
6.969,0.09133110000000001,-0.318825,10.6818147,-0.18370186056285753,1,1.3022271343863234,-1.682783624467502,3,-2.1155927999700626
6.985,0.1272357,-0.318825,10.687798800000001,-0.1631502944694514,1,1.2844728808378825,-1.6855584417077605,3,-2.1425395364994646
7.0,0.142245,-0.35178660000000006,10.687798800000001,-0.14297772737082326,1,1.3448378065752378,-1.6878544018715624,3,-2.167840132826309
7.016,0.142245,-0.318825,10.743127200000002,-0.12213667017238805,1,1.3025660749021994,-1.689975317051908,3,-2.194862770577697
7.031,0.1332198,-0.318825,10.731159000000002,-0.10194107791127394,1,1.3463728174076364,-1.6916559001625355,3,-2.220225004706805
7.047,0.1466595,-0.3652263,10.7042796,-0.0826357542699423,1,1.2065827275832264,-1.6931325148199852,3,-2.247303312026665
7.063,0.1466595,-0.40868460000000006,10.731159000000002,-0.06315157043948538,2,1.217761489403556,-1.6942988134176606,3,-2.2744027626525662
7.078,0.1466595,-0.40868460000000006,10.731159000000002,-0.04404942942923462,2,1.2734760673500025,-1.695102820916676,3,-2.2998232749100747
7.094,0.1526436,-0.40868460000000006,10.7955126,-0.024059405189154504,2,1.2493765150050062,-1.6956476915936232,3,-2.326949279010157
7.11,0.1781496,-0.4311495000000001,10.7955126,-0.004436567810076397,2,1.2264273361923805,-1.695875659377617,3,-2.354081465817927
7.125,0.21709530000000002,-0.41309910000000005,10.798553700000001,0.014861221625857013,2,1.2865192957289215,-1.6957974744739985,3,-2.3795190143218137
7.141,0.21709530000000002,-0.41309910000000005,10.798553700000001,0.03378062303363372,2,1.1824625879860429,-1.6954083397167226,3,-2.4066486608353395
7.156,0.18864630000000002,-0.37268190000000007,10.798553700000001,0.05228977525303691,2,1.2339434812935723,-1.6947628117295725,3,-2.432074944471186
7.172,0.18864630000000002,-0.2994012,10.7387127,0.069218597383637,3,1.0580513831625051,-1.6937907447484792,3,-2.4591833729230106
7.188,0.18266220000000002,-0.2994012,10.686229200000001,0.08478491724471304,3,0.9728949913172515,-1.6925587166314524,3,-2.48627416861405
7.203,0.10182780000000001,-0.34128990000000003,10.744696800000002,0.10119532801527953,3,1.0940273847043909,-1.6911638647920024,3,-2.511652087974727
7.219,0.16019730000000001,-0.287433,10.744696800000002,0.1172670335083339,3,1.004481593315897,-1.6894161658998135,3,-2.5386967282202613
7.235,0.16019730000000001,-0.3023442,10.674261000000001,0.13165123813212354,3,0.8990127889868519,-1.68742481972669,3,-2.5657114561052734
7.25,0.1631403,-0.3023442,10.6818147,0.1459023082377744,3,0.9500713403767438,-1.6853431681289157,3,-2.59100721601419
7.266,0.1466595,-0.3173535,10.6818147,0.15987779424227355,3,0.8734678752811967,-1.6828969273090753,3,-2.617953136777694
7.281,0.1466595,-0.32333760000000006,10.731159000000002,0.17454977179469644,3,0.9781318368282134,-1.680388720563798,3,-2.64317777913674
7.297,0.1661814,-0.32333760000000006,10.7296875,0.18891080353665224,3,0.8975644838722366,-1.6774810359611472,3,-2.67004073718894
7.313,0.1721655,-0.3143124,10.7296875,0.20298683997704892,3,0.8797522775247916,-1.6743458548130377,3,-2.6968553523151333
7.328,0.1721655,-0.35777070000000005,10.707222600000001,0.21637336033897192,3,0.8924346907948332,-1.6712006533106674,3,-2.721946951126062
7.344,0.1062423,-0.40417200000000003,10.8060093,0.2314484898326512,3,0.9421955933549544,-1.6676180785092944,3,-2.7486575009806216
7.36,0.145188,-0.4235958000000001,10.8060093,0.24625148116266615,3,0.9251869581259334,-1.663796478741332,3,-2.7753088174386265
7.375,0.145188,-0.4235958000000001,10.8060093,0.2607642177607197,3,0.9675157732035887,-1.6599938609994067,3,-2.8002372449866813
7.391,0.145188,-0.42506730000000004,10.7701047,0.27429012060895985,3,0.8453689280150104,-1.6557134262924493,3,-2.826762903285016
7.406,0.13469129999999999,-0.3771945,10.7641206,0.28739594948194025,3,0.8737219248653784,-1.6515007807667677,3,-2.8515670098379595
7.422,0.13469129999999999,-0.3562992,10.7506809,0.299967492643578,3,0.7857214476023604,-1.6468018732297636,3,-2.877953431069932
7.438,0.13469129999999999,-0.3562992,10.7506809,0.3122925349589085,3,0.7703151447081551,-1.6419037930089437,3,-2.904263076399842
7.453,0.17069399999999998,-0.3562992,10.7387127,0.32415141758687227,3,0.7905921751975534,-1.6371304633648502,3,-2.9288558333226464
7.469,0.1526436,-0.3532581,10.7387127,0.3357704795901668,3,0.7261913752059084,-1.631851088187434,3,-2.955007685735065
7.485,0.1526436,-0.2918475,10.732728600000002,0.3470082890591186,3,0.7023630918094874,-1.6263888580382397,3,-2.98107360530487
7.5,0.16912439999999998,-0.2918475,10.734200099999999,0.3580594297667208,3,0.7367427138401595,-1.621100850147046,3,-3.0054297781162593
7.516,0.10928340000000002,-0.2829204,10.759608,0.36937198348451616,3,0.7070346073622107,-1.6152813988410362,3,-3.031320836108164
7.531,0.1781496,-0.2604555,10.759608,0.3804696331611357,3,0.7398433117746508,-1.609657586716194,3,-3.0555078784998426
7.547,0.1781496,-0.34580249999999996,10.731159000000002,0.3908393444358378,3,0.6481069546688806,-1.6034871148954182,3,-3.0812130361127354
7.563,0.1272357,-0.34580249999999996,10.758136499999999,0.40152019182163023,3,0.6675529616120274,-1.5971482386053584,3,-3.106818118940742
7.578,0.1272357,-0.34580249999999996,10.758136499999999,0.4119916108273092,3,0.6980946003785695,-1.591046900085491,3,-3.130729582480924
7.594,0.1571562,-0.3503151,10.758136499999999,0.4222683184909588,3,0.6422942289781014,-1.5843728206509449,3,-3.1561329402468155
7.61,0.1571562,-0.3083283,10.8030663,0.4331988580457633,3,0.6831587221752805,-1.577529083238651,3,-3.1814281554779322
7.625,0.173637,-0.3083283,10.767063600000002,0.4432144625930725,3,0.6677069698206282,-1.57095598333386,3,-3.2050417934772257
7.641,0.1526436,-0.3547296,10.767063600000002,0.4530554474349806,3,0.6150615526192554,-1.5637858240536355,3,-3.2301197279363256
7.656,0.1526436,-0.38621970000000005,10.777560300000001,0.46293036735076143,3,0.6583279943854021,-1.5569159304427427,3,-3.253524991095048
7.672,0.1272357,-0.38621970000000005,10.8538821,0.47410064666629026,3,0.6981424572205512,-1.5494196823306063,3,-3.2783756759972347
7.688,0.1466595,-0.4400766,10.8599643,0.48521601699941996,3,0.6947106458206058,-1.5417451490212806,3,-3.30310499464805
7.703,0.15421320000000002,-0.37572300000000003,10.8599643,0.4960681326062186,3,0.7234743737865501,-1.534385517899238,3,-3.3261759746499546
7.719,0.15421320000000002,-0.42065280000000005,10.810521900000001,0.50577110711051,3,0.6064359065182096,-1.5263708039815043,3,-3.3506620252250006
7.735,0.1511721,-0.42065280000000005,10.822490100000001,0.5155174561655773,3,0.6091468159417074,-1.5182004954752955,3,-3.375018595620655
7.75,0.1377324,-0.37572300000000003,10.822490100000001,0.5250367971090224,3,0.6346227295630193,-1.5103963385757362,3,-3.3977330718760372
7.766,0.1377324,-0.3592422,10.785114,0.5336261182706288,3,0.5368325726003982,-1.501927035252699,3,-3.421831658866665
7.781,0.1661814,-0.3592422,10.7132067,0.5406458835667145,3,0.4679843530723915,-1.4938699952389192,3,-3.4443001365953516
7.797,0.1466595,-0.3338343,10.7132067,0.5475063161910381,3,0.4287770390202224,-1.4851647776408572,3,-3.4681324147783896
7.813,0.1466595,-0.30685680000000004,10.7057511,0.5540703072723048,3,0.4102494425791688,-1.4763521646531503,3,-3.4918245503167418
7.828,0.1482291,-0.2963601,10.722231899999999,0.5608232192408433,3,0.45019413123588664,-1.4679904632043015,3,-3.5139071200256735
7.844,0.1392039,-0.2963601,10.7476398,0.5679393128684715,3,0.4447558517267632,-1.458960362947427,3,-3.5373227266348874
7.86,0.1571562,-0.2738952,10.7476398,0.5749090456317365,3,0.43560829770405946,-1.4498175760794254,3,-3.560592950147102
7.875,0.1571562,-0.3083283,10.719190800000002,0.5812028619058349,3,0.41958775160657014,-1.4411467367728938,3,-3.582275182493494
7.891,0.1661814,-0.3083283,10.765592100000001,0.5882852837922758,3,0.4426513679025575,-1.431790831607309,3,-3.6052586830405358
7.906,0.173637,-0.3652263,10.765592100000001,0.5952660194485979,3,0.4653823770881478,-1.4229141968330026,3,-3.6266689707538378
7.922,0.173637,-0.34580249999999996,10.7626491,0.6020396406119257,3,0.4233513227079873,-1.4133357515525184,3,-3.649358970340922
7.938,0.1482291,-0.34580249999999996,10.7701047,0.6088190999520204,3,0.4237162087559195,-1.4036488816280068,3,-3.6718948474063664
7.953,0.1870767,-0.37572300000000003,10.7701047,0.615497116159176,3,0.4452010804770217,-1.3944665100071725,3,-3.692880712843631
7.969,0.1870767,-0.36973890000000004,10.8030663,0.6226859626967691,3,0.44930290859956884,-1.3845610453763249,3,-3.715112933286699
7.985,0.21552570000000001,-0.40711500000000006,10.755095400000002,0.6288308177908704,3,0.38405344338132663,-1.3745489111324238,3,-3.737185812938769
8.0,0.17510850000000003,-0.40711500000000006,10.7791299,0.6353116722053365,3,0.4320569609644164,-1.3650678424574525,3,-3.7577329385906926
8.016,0.1497006,-0.36071369999999997,10.7791299,0.6416255700007696,3,0.39461861221456973,-1.3548523445198037,3,-3.7794923000865106
8.031,0.1497006,-0.2948886,10.7476398,0.6471592755224265,3,0.3689137014437783,-1.3451864581783795,3,-3.7997425911067477
8.047,0.1661814,-0.2948886,10.7206623,0.6520605157975954,3,0.306327517198057,-1.3347926998478192,3,-3.8211824243709573
8.063,0.1437165,-0.3592422,10.7206623,0.6568977643639347,3,0.30232803539620406,-1.324321033606527,3,-3.842455334238592
8.078,0.1437165,-0.3622833,10.761079500000001,0.6624341430922449,3,0.36909191522071333,-1.3144260443006064,3,-3.862245937322894
8.094,0.08534699999999999,-0.3622833,10.7835444,0.6682900174637272,3,0.3659921482176417,-1.3037802510161587,3,-3.8831915876854284
8.11,0.13469129999999999,-0.3367773,10.789528500000001,0.674142004276522,3,0.3657491757996786,-1.2930407948422367,3,-3.9039661560522956
8.125,0.13469129999999999,-0.3367773,10.789528500000001,0.6798792462498504,3,0.3824827982218766,-1.2828856354632885,3,-3.9232856042795876
8.141,0.16019730000000001,-0.3367773,10.6967259,0.6836922602804467,3,0.23831337691226895,-1.271977063411046,3,-3.9437245058705823
8.156,0.142245,-0.3307932,10.786585500000001,0.68918284044973,3,0.36603867795220457,-1.2616805001555693,3,-3.9627269375973326
8.172,0.1796211,-0.34128990000000003,10.786585500000001,0.6945830979398036,3,0.337516093129597,-1.250610372648453,3,-3.982825264579765
8.188,0.1796211,-0.3039138,10.7162478,0.6984771349012711,3,0.24337731009171892,-1.2394658907857243,3,-4.002745874687238
8.203,0.19011780000000003,-0.3039138,10.7806014,0.7035595009394484,3,0.3388244025451843,-1.2289506160169197,3,-4.021258998488257
8.219,0.17069399999999998,-0.3338343,10.7806014,0.7085531859947558,3,0.3121053159567119,-1.217653714521446,3,-4.040831833132564
8.235,0.17069399999999998,-0.3338343,10.7806014,0.7134489556568226,3,0.3059856038791772,-1.2062776973882334,3,-4.060223284427841
8.25,0.1661814,-0.34580249999999996,10.7387127,0.7174339153676748,3,0.2656639807234639,-1.1955460758555494,3,-4.07823696272717
8.266,0.16912439999999998,-0.3487455,10.7387127,0.7213435038585079,3,0.2443492806770695,-1.18403585650174,3,-4.097273618186029
8.281,0.16912439999999998,-0.3503151,10.7162478,0.7247372359202622,3,0.2262488041169452,-1.1731902509533987,3,-4.114952813991943
8.297,0.16912439999999998,-0.3503151,10.7162478,0.7280644242160985,3,0.20794926848977083,-1.1615678376723078,3,-4.133630878700949
8.313,0.11526750000000001,-0.3248091,10.6818147,0.7306218160123503,3,0.15983698726573778,-1.14989834775048,3,-4.152122608184331
8.328,0.10182780000000001,-0.3248091,10.6982955,0.7334493755818876,3,0.1885039713025009,-1.138917813813524,3,-4.169288729396059
8.344,0.145188,-0.344331,10.6982955,0.7362432667385246,3,0.1746181972898107,-1.1271602726749608,3,-4.187417354087967
8.36,0.1122264,-0.33226469999999997,10.695254400000001,0.7389075301085288,3,0.16651646062526546,-1.1153590663001844,3,-4.205357508799768
8.375,0.1122264,-0.33226469999999997,10.695254400000001,0.7415195530202965,3,0.1741348607845036,-1.1042558631767179,3,-4.2220046207708455
8.391,0.1032993,-0.3307932,10.695254400000001,0.7440777031575507,3,0.15988438357839016,-1.092371085127295,3,-4.239577636357278
8.406,0.1032993,-0.36826739999999997,10.719190800000002,0.7470787350564887,3,0.20006879326252355,-1.0811874118406892,3,-4.255879325084538
8.422,0.1362609,-0.36826739999999997,10.701238500000002,0.7496763709878191,3,0.16235224570815263,-1.0692133709923348,3,-4.273082531347202
8.438,0.15421320000000002,-0.3891627,10.701238500000002,0.7522423360829773,3,0.16037281844738502,-1.0571980213357683,3,-4.290093822485827
8.453,0.15421320000000002,-0.37572300000000003,10.7206623,0.7551291625915137,3,0.19245510056911178,-1.0458927350957106,3,-4.305867003159062
8.469,0.16166880000000003,-0.3876912,10.70271,0.7576181504204218,3,0.15556173930675307,-1.0337907565916151,3,-4.32250447109256
8.485,0.16019730000000001,-0.3876912,10.732728600000002,0.7606460507284556,3,0.1892437692521119,-1.0216446429824242,3,-4.338947954289153
8.5,0.17667810000000003,-0.36826739999999997,10.732728600000002,0.7636062452755414,3,0.19734630313904908,-1.0102127507623937,3,-4.35418688474224
8.516,0.17667810000000003,-0.347274,10.743127200000002,0.7666984446147076,3,0.19326245869788466,-0.9979703132432718,3,-4.370252349254285
8.531,0.1362609,-0.347274,10.6802451,0.7684862421962126,3,0.11918650543366523,-0.9864564280921895,3,-4.385135549814302
8.547,0.1586277,-0.33530580000000004,10.6802451,0.7702375413714186,3,0.10945619845037492,-0.9741466378236484,3,-4.400820374341628
8.563,0.1586277,-0.3532581,10.626388200000001,0.7709105205565638,3,0.04206119907157465,-0.9618174533282245,3,-4.416308087070843
8.578,0.16166880000000003,-0.3532581,10.695254400000001,0.7729206240748514,3,0.13400690121918177,-0.9502387197434898,3,-4.43064850836888
8.594,0.1406754,-0.3503151,10.695254400000001,0.7748836024297692,3,0.12268614718236026,-0.9378562859314529,3,-4.44575326841428
8.61,0.1406754,-0.31136939999999996,10.6459101,0.7758174425767734,3,0.05836500918776628,-0.9254506775714005,3,-4.460659724122303
8.625,0.1586277,-0.34580249999999996,10.662292800000001,0.7770797690568738,3,0.08415509867335576,-0.9138039484841477,3,-4.47445413381772
8.641,0.1586277,-0.34580249999999996,10.662292800000001,0.7783173440373652,3,0.0773484362807108,-0.9013607715793938,3,-4.488975451578228
8.656,0.12272310000000002,-0.318825,10.662292800000001,0.7795048925790198,3,0.07916990277696985,-0.8896771048047705,3,-4.50240823565111
8.672,0.12272310000000002,-0.3891627,10.5949962,0.7793963467923621,3,-0.006784111666102704,-0.8772058948897994,3,-4.516543299648666
8.688,0.1377324,-0.3891627,10.5949962,0.7792935440136706,3,-0.006425173668223033,-0.8647363757633512,3,-4.530478837813892
8.703,0.1661814,-0.3173535,10.5949962,0.7791538370637987,3,-0.009313796658125087,-0.8530480204052711,3,-4.543362220785156
8.719,0.1661814,-0.3278502,10.560563100000001,0.7783483810556255,3,-0.05034100051082287,-0.8405880026603156,3,-4.55691130896968
8.735,0.18413369999999998,-0.3278502,10.529073,0.7769474923144539,3,-0.08755554632322574,-0.828145635673355,3,-4.57026117807635
8.75,0.1377324,-0.36826739999999997,10.529073,0.7755863547932726,3,-0.0907425014120817,-0.8165016318200465,3,-4.5825960325825505
8.766,0.1377324,-0.3562992,10.472175,0.7731289276109621,3,-0.15358919889441033,-0.8041119095608127,3,-4.595560940913598
8.781,0.16765290000000002,-0.33226469999999997,10.452751200000002,0.7703321326440822,3,-0.18645299779198632,-0.7925359516088994,3,-4.6075357998723705
8.797,0.17667810000000003,-0.33226469999999997,10.3914387,0.766391666739155,3,-0.24627911905794586,-0.7802421612138335,3,-4.6201180247749525
8.813,0.173637,-0.3487455,10.3914387,0.762538042285005,3,-0.24085152838437796,-0.7680107235416402,3,-4.632504047852996
8.828,0.173637,-0.3503151,10.4063499,0.7590531836009315,3,-0.23232391227158164,-0.7565987893474966,3,-4.643938619199663
8.844,0.16765290000000002,-0.3503151,10.3180599,0.7539047708927864,3,-0.32177579425907127,-0.7444951257115469,3,-4.655947370520136
8.86,0.13469129999999999,-0.36071369999999997,10.3180599,0.7488548652858533,3,-0.31561910043331726,-0.7324730486221177,3,-4.667763115914805
8.875,0.13469129999999999,-0.36071369999999997,10.3180599,0.7439039774359184,3,-0.3300591899956485,-0.721277357301704,3,-4.678666243959234
8.891,0.13469129999999999,-0.3652263,10.3584771,0.7398452091938506,3,-0.2536730151292408,-0.7094073638086658,3,-4.690111721728117
8.906,0.16166880000000003,-0.38621970000000005,10.267146,0.7340991736151548,3,-0.3830690385797052,-0.6983527809375978,3,-4.700669922813715
8.922,0.13469129999999999,-0.3712104,10.283626800000002,0.7287702445557525,3,-0.3330580662126434,-0.6866498255922305,3,-4.711749943665954
8.938,0.13469129999999999,-0.3487455,10.2252573,0.7223866556520164,3,-0.3989743064835013,-0.6750405703905684,3,-4.722643466833816
8.953,0.13469129999999999,-0.3487455,10.2252573,0.7161282351581573,3,-0.41722803292397775,-0.664251708709493,3,-4.732688158927066
8.969,0.16765290000000002,-0.3487455,10.232712900000001,0.7101481610385143,3,-0.3737546324776849,-0.6528414975399196,3,-4.743224904577061
8.985,0.18413369999999998,-0.33530580000000004,10.232712900000001,0.7042820921460002,3,-0.3666293057821287,-0.6415260555144435,3,-4.753579845001496
9.0,0.18413369999999998,-0.3307932,10.205735400000002,0.6979995583543843,3,-0.41883558610771204,-0.6310089431356902,3,-4.763123857491372
9.016,0.1571562,-0.3307932,10.148935500000002,0.6907183695846513,3,-0.4550742981083152,-0.6198991997121779,3,-4.7731311226341555
9.031,0.18266220000000002,-0.3712104,10.148935500000002,0.6836157039741888,3,-0.4735110406974798,-0.6095916941604862,3,-4.782352304338201
9.047,0.18266220000000002,-0.3487455,10.142951400000001,0.6765194476982526,3,-0.4435160172460147,-0.5987106129471067,3,-4.792018722795062
9.063,0.1571562,-0.3487455,10.088996400000001,0.6684967765022982,3,-0.5014169497471461,-0.5879504831535023,3,-4.801512011563867
9.078,0.1406754,-0.36669779999999996,10.088996400000001,0.6606391180266389,3,-0.5238438983773311,-0.577981963944536,3,-4.810256504917102
9.094,0.1377324,-0.36826739999999997,10.1683593,0.6544908199866821,3,-0.38426862749729696,-0.5674609244404295,3,-4.819420048024181
9.11,0.1377324,-0.3712104,10.1189169,0.6474964523837752,3,-0.43714797518168386,-0.5570450262614658,3,-4.828416095629796
9.125,0.1466595,-0.3712104,10.109989800000001,0.6404667820642107,3,-0.46864468797094716,-0.5473853020031055,3,-4.836699323091781
9.141,0.1497006,-0.3367773,10.109989800000001,0.6335521986209613,3,-0.43216146520308435,-0.5371931501576241,3,-4.845375950709067
9.156,0.1497006,-0.38023560000000006,10.06506,0.6259231352176222,3,-0.5086042268892561,-0.5277470851538344,3,-4.853363002473903
9.172,0.1392039,-0.38023560000000006,10.0425951,0.6180005784179823,3,-0.4951597999774955,-0.5177956954447496,3,-4.861727344718691
9.188,0.1781496,-0.3338343,10.0425951,0.6102131007973313,3,-0.48671735129068816,-0.507969986011027,3,-4.869933470170337
9.203,0.1781496,-0.33226469999999997,10.024642799999999,0.6022255412230191,3,-0.5325039716208553,-0.498876696195875,3,-4.877484820286888
9.235,0.1586277,-0.39818790000000004,9.951264,0.5929977543309164,3,-0.28836834037820863,-0.4797531234670119,3,-4.8931428974014946
9.235,0.1586277,-0.39818790000000004,9.951264,0.5839509044366977,3,0.0,-0.4797531234670119,3,-4.8931428974014946
9.25,0.15421320000000002,-0.33530580000000004,10.012674599999999,0.5762379874220436,3,-0.5141944676435907,-0.471051706778071,3,-4.900273933628333
9.266,0.15421320000000002,-0.33981839999999996,10.005219,0.5685331983419033,3,-0.4815493175087666,-0.4618935372919594,3,-4.907737495580894
9.281,0.1317483,-0.33981839999999996,10.0545633,0.5619400901200304,3,-0.43954054812484117,-0.4534149876284946,3,-4.9146023095177975
9.297,0.1781496,-0.3622833,10.0545633,0.5555056377140488,3,-0.4021532753738507,-0.44447542180582195,3,-4.921785432793272
9.313,0.1781496,-0.3503151,10.0171872,0.5484567382373644,3,-0.44055621729277533,-0.4356437227982106,3,-4.928826385950105
9.328,0.1661814,-0.3503151,9.9528336,0.5402811372426921,3,-0.5450400663115301,-0.42747818873211085,3,-4.9352998002865816
9.344,0.17667810000000003,-0.3248091,9.9528336,0.5322524348264395,3,-0.5017939010157897,-0.41889792015555777,3,-4.942070809157683
9.36,0.17667810000000003,-0.3487455,9.978241500000001,0.5248948388114307,3,-0.45984975093804575,-0.4104407419664548,3,-4.948705518454659
9.375,0.1317483,-0.3487455,9.951264,0.5171393031189915,3,-0.517035712829264,-0.40262548590197633,3,-4.954803515163673
9.391,0.1362609,-0.35178660000000006,9.951264,0.5095391247756247,3,-0.4750111464604241,-0.3944120584788194,3,-4.961179815518719
9.406,0.1586277,-0.3532581,9.9243846,0.5015688367730036,3,-0.5313525335080543,-0.38682874876720436,3,-4.967039121573064
9.422,0.1586277,-0.33226469999999997,9.922913099999999,0.49371178934682547,3,-0.4910654641361307,-0.3788665037582457,3,-4.973164683593268
9.438,0.1796211,-0.33226469999999997,9.907903800000001,0.48572172585810236,3,-0.4993789680451939,-0.3710310356366063,3,-4.979163863908426
9.453,0.1586277,-0.3712104,9.907903800000001,0.4779083979980143,3,-0.5208885240059111,-0.363803809707686,3,-4.984675125248508
9.469,0.1586277,-0.34128990000000003,9.9288972,0.4706385336316057,3,-0.45436652290053964,-0.356215434254649,3,-4.990435279200207
9.485,0.1257642,-0.34128990000000003,9.8674866,0.462298676303341,3,-0.5212410830165433,-0.34875193657516945,3,-4.996075018166845
9.5,0.1212516,-0.2994012,9.8674866,0.45409459011303355,3,-0.5469390793538084,-0.3418789870770464,3,-5.001254750094237
9.516,0.1212516,-0.2994012,9.8674866,0.4460513683578302,3,-0.5027013597002079,-0.3346778194092795,3,-5.006667204546128
9.531,0.1212516,-0.3307932,9.8165727,0.4371878281928421,3,-0.5909026776658535,-0.3280535254351492,3,-5.011637689632461
9.547,0.16912439999999998,-0.3307932,9.7971489,0.4281313708800649,3,-0.5660285820485716,-0.32113097184256595,3,-5.016831165610682
9.563,0.1721655,-0.3831786,9.777627,0.4189084955955167,3,-0.5764297052842643,-0.3143546529107613,3,-5.021915050608709
9.578,0.1721655,-0.3831786,9.777627,0.40986646100282265,3,-0.602802306179651,-0.3081388407362743,3,-5.026583751811062
9.594,0.29783160000000003,-0.09878670000000002,9.866015100000002,0.40265577947092446,3,-0.4506675957436364,-0.3016386628124843,3,-5.031461971839452
9.61,0.2559429,-0.19011780000000003,9.866015100000002,0.39558965122480316,3,-0.44163301538258054,-0.2952526993669185,3,-5.036237102736887
9.625,0.2559429,-0.3831786,9.8584614,0.38862402004032504,3,-0.4643754122985242,-0.28937109683242984,3,-5.040621781208382
9.641,0.2559429,-0.3831786,9.8584614,0.38179496985946315,3,-0.4268156363038674,-0.28320774491323153,3,-5.0452024119423475
9.656,0.09584369999999999,-0.3831786,9.856989900000002,0.375015036637361,3,-0.4519955481401249,-0.2775316698645051,3,-5.04940795755318
9.672,0.0150093,-0.4654845,9.856989900000002,0.3684285466833792,3,-0.4116556221238628,-0.2715841211979392,3,-5.05380088388168
9.688,0.0150093,-0.6301944,9.888480000000001,0.36276661627583984,3,-0.35387065047121047,-0.2657345598942654,3,-5.058099433330417
9.703,-0.0658251,-0.6301944,9.8674866,0.356808977313154,3,-0.3971759308457562,-0.2603377429423484,3,-5.062044975601691
9.719,0.18109260000000002,-0.36669779999999996,9.8674866,0.3507357865073466,3,-0.3795744253629604,-0.25467738483178437,3,-5.066165096623885
9.735,0.16166880000000003,-0.36669779999999996,9.8405091,0.34424653492050794,3,-0.40557822417741607,-0.24911752626036154,3,-5.070195455912621
9.75,0.16166880000000003,-0.3053853,9.834525,0.33772623633988275,3,-0.43468657204166317,-0.24400273047590842,3,-5.073893857838144
9.766,0.1257642,-0.3053853,9.856989900000002,0.3317637453919122,3,-0.3726556842481573,-0.23864681062205406,3,-5.077755054166928
9.781,0.23347800000000002,-0.2694807,9.856989900000002,0.32593611293035174,3,-0.38850883077068415,-0.2337140616846369,3,-5.081297760709228
9.797,0.23347800000000002,-0.21258269999999999,9.8944641,0.3209298958477884,3,-0.3128885676602075,-0.22853913361441178,3,-5.08499578627162
9.813,0.2694807,-0.21258269999999999,9.8495343,0.31515932763517895,3,-0.360660513288091,-0.22345041982654804,3,-5.088611702699148
9.828,0.2365191,-0.24544620000000003,9.8495343,0.30950029019430936,3,-0.37726916272467015,-0.21876547269282726,3,-5.091928321893043
9.844,0.2365191,-0.40113090000000007,9.7866522,0.3028207265626879,3,-0.4174727269763419,-0.21386690455877128,3,-5.0953893809110555
9.86,0.0614106,-0.40113090000000007,9.831582000000001,0.2971001481956126,3,-0.35753614794220534,-0.20906753756070487,3,-5.0987728564480115
9.875,0.0045126,-0.5433759,9.848062800000001,0.2919444777302722,3,-0.3437113643560122,-0.20464970286626055,3,-5.1018757357512134
9.891,0.1631403,-0.5972328,9.848062800000001,0.28697737546360536,3,-0.31044389166667824,-0.20001832804070951,3,-5.105113079998469
9.906,0.1631403,-0.3712104,9.8764137,0.28244549634358584,3,-0.3021252746679559,-0.19574765650215542,3,-5.108081324882541
9.922,0.1856052,-0.3712104,9.891423,0.27830428881799385,3,-0.25882547034949943,-0.19126165822086277,3,-5.111177399400325
9.938,0.1482291,-0.42065280000000005,9.891423,0.27427069462945575,3,-0.25209963678363123,-0.18684105835328318,3,-5.114202221132918
9.953,0.1482291,-0.3891627,9.8689581,0.2698508414632119,3,-0.2946568777496121,-0.1827601468325885,3,-5.116974230171811
9.969,0.1721655,-0.3891627,9.7986204,0.26414738266266546,3,-0.35646617503415323,-0.17848816103958148,3,-5.119864216634789
9.985,0.1571562,-0.3367773,9.7986204,0.2585127972845047,3,-0.35216158613504656,-0.17430687960000413,3,-5.1226865769599055
10.0,0.1571562,-0.347274,9.821085300000002,0.2534360289190367,3,-0.3384512243645204,-0.17046726340347743,3,-5.125272383032431
10.016,0.1661814,-0.347274,9.8136297,0.248315639944801,3,-0.32002431088973243,-0.16645325005256673,3,-5.1279677471400795
10.031,0.1511721,-0.35777070000000005,9.8255979,0.2435327707278141,3,-0.3188579477991143,-0.16276438697252196,3,-5.1304368794177675
10.047,0.1482291,-0.315882,9.8255979,0.23881466835839937,3,-0.2948813980884199,-0.15890560745983226,3,-5.133010239373227
10.063,0.1482291,-0.2948886,9.8196138,0.23405902245780652,3,-0.29722786878705304,-0.15512261793330262,3,-5.135522465176372
10.078,0.1032993,-0.2948886,9.830012400000001,0.22958913857657315,3,-0.29799225874891544,-0.15164525672554505,3,-5.137823224236313
10.094,0.11821050000000001,-0.3173535,9.8196138,0.22502012870365817,3,-0.2855631170571857,-0.1480083825873032,3,-5.140220453350816
10.11,0.11821050000000001,-0.3173535,9.8196138,0.22054070725962482,3,-0.2799638402520841,-0.14444389589959694,3,-5.142560071578711
10.125,0.1406754,-0.3173535,9.7986204,0.21574354284994612,3,-0.31981096064523457,-0.14117176402377504,3,-5.144702189028137
10.141,0.11673900000000001,-0.33824879999999996,9.7986204,0.21104797712221846,3,-0.293472857982979,-0.13775743186399772,3,-5.146933622595239
10.156,0.11673900000000001,-0.3996594,9.8375661,0.20725274110912117,3,-0.2530157342064758,-0.13462017647726254,3,-5.148976454657799
10.172,0.173637,-0.3996594,9.7956774,0.20272783230197966,3,-0.2828068004463444,-0.13134033188997374,3,-5.151104138724737
10.188,0.17510850000000003,-0.37572300000000003,9.8105886,0.19856571775527954,3,-0.26013215916875754,-0.12812998348951565,3,-5.153179901247773
10.203,0.17510850000000003,-0.37572300000000003,9.8105886,0.19448521329772994,3,-0.2720336305033282,-0.12518210150661832,3,-5.155079741885244
10.219,0.17667810000000003,-0.4176117,9.860031000000001,0.1914868767698774,3,-0.18739603299078295,-0.12209432478607746,3,-5.157057953295586
10.235,0.1497006,-0.4176117,9.886910400000001,0.18906510126750753,3,-0.15136096889811754,-0.11904990896177836,3,-5.158987107165569
10.25,0.1781496,-0.3652263,9.886910400000001,0.1866594242632651,3,-0.16037846694948957,-0.11623197502029747,3,-5.160751721295434
10.266,0.1781496,-0.3652263,9.886910400000001,0.18430091739636012,3,-0.14740667918156078,-0.11326429228702047,3,-5.162587691433893
10.281,0.1511721,-0.3592422,9.8091171,0.1804513921734916,3,-0.2566350148578917,-0.11052864996524647,3,-5.164266138500785
10.297,0.16912439999999998,-0.3262806,9.8091171,0.1766605234304226,3,-0.23692929644181215,-0.10767175464041516,3,-5.16601174173763
10.313,0.16912439999999998,-0.33824879999999996,9.839037600000001,0.17353817099227697,3,-0.19514702738410145,-0.10487016508503356,3,-5.167712077095433
10.328,0.16912439999999998,-0.33824879999999996,9.839037600000001,0.1704770411509582,3,-0.2040753227546023,-0.1022900509939595,3,-5.169265778716025
10.344,0.1287072,-0.33824879999999996,9.8046045,0.16678924643825965,3,-0.23048716954365814,-0.09959192069324577,3,-5.170880834489523
10.36,0.15568469999999998,-0.3307932,9.774684,0.1625901756816468,3,-0.2624419222883032,-0.09695688531628652,3,-5.172453224937599
10.375,0.1332198,-0.31136939999999996,9.774684,0.15845443182287688,3,-0.2757162572513171,-0.0945490507600025,3,-5.1738895194581715
10.391,0.1332198,-0.32932170000000005,9.8240283,0.1553782101418637,3,-0.1922638550633236,-0.09203838962428458,3,-5.1753822189812455
10.406,0.0868185,-0.32932170000000005,9.8255979,0.15238288174914416,3,-0.19968855951462863,-0.08973018143510193,3,-5.176745483264191
10.422,0.2080701,-0.2769363,9.8255979,0.14945027068078076,3,-0.18328819177271233,-0.08731551621566253,3,-5.178161848845397
10.438,0.2080701,-0.1646118,9.842078700000002,0.14684873430975287,3,-0.16259602318924302,-0.08494512417573825,3,-5.179539933968528
10.453,0.2724237,-0.1646118,9.7851807,0.14321393573362862,3,-0.24231990507496978,-0.08276965415041307,3,-5.180797794805974
10.469,0.2858634,-0.16019730000000001,9.7851807,0.13965648537261366,3,-0.22234064756343466,-0.08050669078156313,3,-5.18210400556543
10.485,0.2858634,-0.1796211,9.866015100000002,0.1377594517258416,3,-0.11856460292325444,-0.07828736328477548,3,-5.183374357997961
10.5,0.2858634,-0.1796211,9.8151012,0.13490189007035092,3,-0.19050411036603745,-0.07624240322130396,3,-5.184533331246756
10.516,0.2575125,-0.24701580000000004,9.8016615,0.1318503340493571,3,-0.19072225131211412,-0.0741083854283463,3,-5.185736137555954
10.531,0.20208600000000002,-0.3143124,9.8016615,0.12887090830096426,3,-0.19862838322618098,-0.07215297611071882,3,-5.186833097767496
10.547,0.20208600000000002,-0.2934171,9.800091900000002,0.1259064536920036,3,-0.1852784130600414,-0.07011475721477507,3,-5.1879712396341
10.563,0.23053500000000002,-0.2934171,9.8704296,0.12439060859889395,3,-0.09474031831935284,-0.06811238071644789,3,-5.18907705673755
10.578,0.21552570000000001,-0.29783160000000003,9.8704296,0.12290043134614059,3,-0.09934515018356502,-0.06625769791686027,3,-5.190084832327299
10.594,0.21552570000000001,-0.5792805,9.831582000000001,0.12092412463568536,3,-0.12351916940345198,-0.06430710146900566,3,-5.191129350722386
10.61,0.0733788,-0.5792805,9.7686999,0.11771489445013827,3,-0.20057688659669265,-0.06239798931631907,3,-5.1921429914486685
10.625,0.142245,-0.37425150000000007,9.7686999,0.11438752406559871,3,-0.22182469230262913,-0.06065722117745098,3,-5.193065905527372
10.641,0.142245,-0.2784078,9.843550200000001,0.1125295673919382,3,-0.11612229210378179,-0.05884188444579068,3,-5.194021898372358
10.656,0.17510850000000003,-0.2784078,9.842078700000002,0.11068958624020908,3,-0.12266541011527,-0.05716774079354951,3,-5.194891970561653
10.672,0.21552570000000001,-0.34128990000000003,9.803133,0.10817719175832075,3,-0.15702465511802086,-0.05541680656956127,3,-5.195792646940558
10.688,0.0344331,-0.5119839,9.7866522,0.1054916294932422,3,-0.16784764156740892,-0.05370745599954877,3,-5.196665641041111
10.703,0.0344331,-0.5119839,9.7866522,0.1028587253117923,3,-0.1755269454300076,-0.05214482833851114,3,-5.197459533173647
10.719,0.059841000000000005,-0.5119839,9.866015100000002,0.101833841484261,3,-0.06405523922070605,-0.05050728780414271,3,-5.198280750102788
10.735,-0.0389457,-0.5478885,9.866015100000002,0.10086476501989239,3,-0.06056727902303821,-0.04888569895210948,3,-5.199075893996838
10.75,-0.0389457,-0.45351630000000004,9.8165727,0.09885247906822414,3,-0.13415239677787805,-0.04738781962144855,3,-5.199797945386139
10.766,0.053856900000000006,-0.45351630000000004,9.8046045,0.09664661350612747,3,-0.13786659763104214,-0.045823826880853735,3,-5.200543638558158
10.781,0.0059841,-0.6062580000000001,9.8046045,0.09464275841634162,3,-0.13359033931905123,-0.044389156591435164,3,-5.2012202359342
10.797,0.0059841,-0.3503151,9.843550200000001,0.09319685109145759,3,-0.09036920780525196,-0.042886439715372766,3,-5.201918440704655
10.813,0.1497006,-0.3503151,9.8091171,0.09112691189780797,3,-0.12937119960310095,-0.04141184961145864,3,-5.20259282701927
10.828,0.15568469999999998,-0.35777070000000005,9.8240283,0.08939680295762997,3,-0.11534059601187589,-0.04005792175004297,3,-5.203203850304481
10.844,0.13469129999999999,-0.3622833,9.8240283,0.08769777910158716,3,-0.10618899100267577,-0.03864116509356923,3,-5.203833442999231
10.86,0.13469129999999999,-0.32333760000000006,9.7926363,0.08539030357338362,3,-0.1442172205127211,-0.03725646043216946,3,-5.204440624003436
10.875,0.1466595,-0.32333760000000006,9.836094600000001,0.08398300810928028,3,-0.09381969760688591,-0.035986160594549434,3,-5.204989943661137
10.891,0.11821050000000001,-0.36375480000000004,9.836094600000001,0.08262346137218302,3,-0.08497167106857877,-0.03465330883869772,3,-5.205555059416603
10.906,0.11821050000000001,-0.3503151,9.7821396,0.08022382342460688,3,-0.1599758631717365,-0.033431954202721756,3,-5.206065698889414
10.922,0.1915893,-0.3503151,9.7941078,0.0781284785335199,3,-0.1309590556929362,-0.032165135787056744,3,-5.206590475609332
10.938,0.1915893,-0.3503151,9.7941078,0.07607421883637677,0,-0.12839123107144512,-0.030431514208097567,3,-5.207091248809293
10.953,0.18413369999999998,-0.38621970000000005,9.7941078,0.07408388508150843,0,-0.1326889169912337,-0.02880532842871352,3,-5.207535525129069
10.969,0.1482291,-0.3532581,9.889951500000002,0.07397413071657155,0,-0.006859647808554741,-0.02712086430232888,3,-5.207982934670918
10.985,0.1437165,-0.3532581,9.874942200000001,0.0735711422995724,0,-0.025186776062446882,-0.025440502118199725,3,-5.208403425602282
11.0,0.1302768,-0.36375480000000004,9.874942200000001,0.07317986897222006,0,-0.026084888490154827,-0.02383986953366124,3,-5.208773028389671
11.016,0.1302768,-0.36375480000000004,9.874942200000001,0.07279626767089376,0,-0.023975081332894256,-0.022172060440516325,3,-5.209141123829465
11.031,0.1302768,-0.3547296,9.8165727,0.07127009703462583,0,-0.10174470908452418,-0.020591562705224886,3,-5.2094618510030575
11.047,0.11526750000000001,-0.3547296,9.8689581,0.07079660129343246,0,-0.029593483824585903,-0.018955029118600423,3,-5.209778223737648
11.063,0.15568469999999998,-0.34128990000000003,9.8689581,0.07033397495706595,0,-0.02891414602290696,-0.017325984508596435,3,-5.210068471846665
11.078,0.15568469999999998,-0.33530580000000004,9.8136297,0.06879229449707758,0,-0.10277869733256631,-0.015782537487690443,3,-5.210316785761638
11.094,0.09878670000000002,-0.33530580000000004,9.771642900000002,0.06644364159755156,0,-0.14679080622037585,-0.014200649998933407,3,-5.2105566512615304
11.11,0.1302768,-0.35777070000000005,9.771642900000002,0.06416388312968735,0,-0.14248490424151314,-0.012655789801115494,3,-5.210771502779931
11.125,0.1302768,-0.34580249999999996,9.7536906,0.06156862971726973,0,-0.17301689416116808,-0.01121279595476328,3,-5.2109505171731
11.141,0.1571562,-0.347274,9.8105886,0.06014784906100168,0,-0.08879879101675306,-0.009739064124537108,3,-5.211118132053735
11.156,0.1631403,-0.347274,9.7821396,0.058199444603607375,0,-0.12989363049294866,-0.008351459422052506,3,-5.211253810980335
11.172,0.1721655,-0.3771945,9.7821396,0.05631398120634579,0,-0.11784146232884918,-0.006935352015572879,3,-5.211376105471835
