timestamps,acc_x,acc_y,acc_z,aAcc,aStages,aJerk,aVelocity,avStages,aHeight
0.047,0.2230794,-0.4116276,9.821085300000002,0.019457082306891138,0,0.0,0.0,0,0.0
0.063,0.2230794,-0.4116276,9.821085300000002,0.019457082306891138,0,0.0,0.0,0,0.0
0.079,0.2230794,-0.35178660000000006,9.821085300000002,0.019400413492576263,0,-0.003541800894679703,0.00012217328330599742,0,9.773862664479793e-07
0.094,0.0823059,-0.35178660000000006,9.854046900000002,0.020095186612440585,0,0.04631820799095484,0.0,0,1.89368589124296e-06
0.11,0.1212516,-0.37572300000000003,9.8255979,0.02011103294015193,0,0.0009903954819590055,0.00024004004051436396,0,3.8140062153578714e-06
0.125,0.0673947,-0.4027005000000001,9.8255979,0.020139935721621427,0,0.0019268520979665027,4.1922305477664224e-05,0,5.928723810298083e-06
0.141,0.0673947,-0.3907323,9.8225568,0.02008224460648833,0,-0.0036056946958185096,0.0,0,6.264102254119397e-06
0.157,0.0973152,-0.3907323,9.836094600000001,0.020361987634592182,0,0.017483939256490708,0.00018725360603118624,1,7.762131102368888e-06
0.172,0.08829,-0.33824879999999996,9.836094600000001,0.020585431732511594,0,0.014896273194627474,0.0,1,9.166533147602784e-06
0.188,0.08829,-0.3173535,9.818044200000001,0.02034644507016381,0,-0.014936666396736506,0.000321814265705868,1,1.174104727324973e-05
0.204,0.11978010000000001,-0.3173535,9.8165727,0.02008555230585607,0,-0.016305797769233812,0.00014527024471402668,1,1.5477723356608886e-05
0.219,0.1078119,-0.3053853,9.8165727,0.019818387195069675,0,-0.017811007385759563,0.0,1,1.6567250191964086e-05
0.235,0.1078119,-0.261927,9.771642900000002,0.0184317340308926,0,-0.08666582276106734,0.0002505507607786679,1,1.8571656278193426e-05
0.25,0.1212516,-0.261927,9.7791966,0.017266898420121635,0,-0.0776557073847309,1.8290504161275027e-05,1,2.0587965765243e-05
0.266,0.1930608,-0.31136939999999996,9.764187300000001,0.015828108154819276,0,-0.08992439158139734,0.0,1,2.07342897985332e-05
0.282,0.1646118,-0.3592422,9.764187300000001,0.01445177757872429,0,-0.08602066100593686,2.5289642629150802e-05,1,2.0936606939566406e-05
0.297,0.1646118,-0.36071369999999997,9.747706500000001,0.012708698962974552,0,-0.11620524104998244,0.0,1,2.1126279259285036e-05
0.313,0.0793629,-0.36071369999999997,9.771642900000002,0.01156553097107249,0,-0.07144799949387874,0.0,1,2.1126279259285036e-05
0.329,0.10182780000000001,-0.3173535,9.771642900000002,0.01041865258940966,0,-0.07167989885392682,9.906052464812506e-05,1,2.1918763456470036e-05
0.344,0.10182780000000001,-0.3771945,9.788123700000002,0.009753231837001053,0,-0.044361383493907294,0.0,1,2.2661717391330973e-05
0.36,0.1107549,-0.3771945,9.836094600000001,0.010275487417061413,0,0.03264097375377248,0.0,1,2.2661717391330973e-05
0.375,0.1212516,-0.40113090000000007,9.836094600000001,0.010811100658122186,0,0.035707549404051485,6.872882244258159e-05,1,2.3177183559650334e-05
0.391,0.1212516,-0.37572300000000003,9.8196138,0.010907552199929782,0,0.006028221362974756,0.0,1,2.3727014139190986e-05
0.407,0.15568469999999998,-0.37572300000000003,9.8524773,0.01181434850101759,0,0.0566747688179882,0.0,1,2.3727014139190986e-05
0.422,0.1466595,-0.3503151,9.874942200000001,0.013220356566321811,0,0.09373387102028129,0.00011201353891962182,1,2.456711568108815e-05
0.438,0.1406754,-0.3427614,9.874942200000001,0.014583489152895979,0,0.08519578666088538,0.0,1,2.5463223992445126e-05
0.454,0.1406754,-0.33824879999999996,9.856989900000002,0.015472022623683301,0,0.05553334192420762,7.488839888599753e-05,1,2.6062331183533108e-05
0.469,0.1406754,-0.33824879999999996,9.856989900000002,0.01633888454640342,0,0.0577907948480081,0.0,1,2.6623994175178087e-05
0.485,0.1272357,-0.33824879999999996,9.7911648,0.015575746735645879,0,-0.0476961131723463,6.878725291804139e-05,1,2.717429219852242e-05
0.5,0.1392039,-0.3202965,9.7911648,0.014820475769154129,0,-0.05035139776611663,0.0,1,2.769019659540773e-05
0.516,0.1392039,-0.33226469999999997,9.8615025,0.01580774908681626,0,0.06170458235388304,4.178472055180529e-05,1,2.8024474359822172e-05
0.532,0.11673900000000001,-0.33226469999999997,9.746235,0.013954246643631762,0,-0.1158439026990309,0.0,1,2.8358752124236615e-05
0.547,0.09584369999999999,-0.3532581,9.695321100000001,0.010917469535652202,0,-0.20245180719863717,0.0,1,2.8358752124236615e-05
0.563,0.09584369999999999,-0.3532581,9.695321100000001,0.007954760162014907,0,-0.18516933585233208,0.00011739639532135429,1,2.9297923286807442e-05
0.579,0.09878670000000002,-0.3532581,9.747706500000001,0.0063418160890762465,0,-0.10080900455866618,0.0,1,3.0237094449378276e-05
0.594,0.0823059,-0.3218661,9.771642900000002,0.005321459691296937,0,-0.06802375985195391,0.0,1,3.0237094449378276e-05
0.61,0.11673900000000001,-0.36375480000000004,9.771642900000002,0.0043703564068486855,0,-0.05944395527801566,0.0,1,3.0237094449378276e-05
0.625,0.11673900000000001,-0.35178660000000006,9.7986204,0.004089287300329758,0,-0.01873794043459515,0.0,1,3.0237094449378276e-05
0.641,0.142245,-0.35178660000000006,9.821085300000002,0.004370803683208635,0,0.01759477392992979,2.79061581401948e-05,1,3.0460343714499835e-05
0.657,0.16166880000000003,-0.33226469999999997,9.821085300000002,0.0046362086363984645,0,0.01658780957436433,0.0,1,3.068359297962139e-05
0.672,0.16166880000000003,-0.315882,9.834525,0.005209548192411262,0,0.03822263706751979,0.0,1,3.068359297962139e-05
0.688,0.1466595,-0.315882,9.843550200000001,0.005983157970559816,0,0.04835061113428492,0.0,1,3.068359297962139e-05
0.704,0.11673900000000001,-0.347274,9.843550200000001,0.006753915967623314,0,0.04817237481646859,0.0,1,3.068359297962139e-05
0.719,0.11673900000000001,-0.3278502,9.866015100000002,0.008037222516563247,0,0.0855537699293288,0.0,1,3.068359297962139e-05
0.735,0.08534699999999999,-0.3278502,9.856989900000002,0.0090613950927807,0,0.06401078601359073,0.00011296615322850707,1,3.158732220544945e-05
0.75,0.0688662,-0.36375480000000004,9.8375661,0.009614730846665864,0,0.036889050259010944,0.0,1,3.2434568354663254e-05
0.766,0.08377740000000002,-0.3562992,9.8375661,0.010150739879401627,0,0.03350056454598513,0.0,1,3.2434568354663254e-05
0.782,0.08377740000000002,-0.31136939999999996,9.8255979,0.0103447606664826,0,0.012126299192560797,7.512486794996817e-05,1,3.3035567298263004e-05
0.797,0.0823059,-0.31136939999999996,9.783611100000002,0.00951022982483174,0,-0.05563538944339062,0.0,1,3.359900380788776e-05
0.813,0.1212516,-0.3307932,9.783611100000002,0.008721467718823206,0,-0.049297631625533654,0.0,1,3.359900380788776e-05
0.829,0.1212516,-0.3278502,9.836094600000001,0.009228802563681526,0,0.031708427803644995,1.3493039244102598e-05,1,3.3706948121840586e-05
0.844,0.1332198,-0.3278502,9.7956774,0.008742391621451517,0,-0.032427396148667235,0.0,1,3.3808145916171357e-05
0.86,0.1377324,-0.34580249999999996,9.7956774,0.008284411115512924,0,-0.028623781621162057,0.0,1,3.3808145916171357e-05
0.875,0.1377324,-0.31136939999999996,9.8016615,0.007955313862092694,0,-0.021939816894681958,0.0,1,3.3808145916171357e-05
0.891,0.15568469999999998,-0.33981839999999996,9.7612443,0.006678760491933389,0,-0.07978458563495654,2.336194969256543e-05,1,3.399504151371188e-05
0.907,0.1392039,-0.33530580000000004,9.7612443,0.005423471603734242,0,-0.07845555551244658,0.0,1,3.41819371112524e-05
0.922,0.1392039,-0.3367773,9.7701714,0.00441761693424958,0,-0.06705697796564411,0.0,1,3.41819371112524e-05
0.938,0.1392039,-0.3367773,9.7701714,0.0034362953054838385,0,-0.06133260179785919,0.0,1,3.41819371112524e-05
0.954,0.1032993,-0.3367773,9.806076000000001,0.003343202989601224,0,-0.005818269742663413,0.0,1,3.41819371112524e-05
0.969,0.0793629,-0.3562992,9.806076000000001,0.0032637626306524226,0,-0.005296023929920082,0.0,1,3.41819371112524e-05
0.985,0.0793629,-0.2934171,9.788123700000002,0.002697830110925281,0,-0.035370782482946304,0.0,1,3.41819371112524e-05
1.0,0.1122264,-0.2934171,9.7732125,0.0017900411802340699,0,-0.0605192620460807,0.0,1,3.41819371112524e-05
1.016,0.1377324,-0.3562992,9.7732125,0.0009632910764896252,0,-0.051671881484027744,0.0,1,3.41819371112524e-05
1.032,0.1377324,-0.32333760000000006,9.845021700000002,0.0018790927361713727,0,0.05723760373010917,0.0,1,3.41819371112524e-05
1.047,0.1287072,-0.34580249999999996,9.7971489,0.0016213830247053806,0,-0.017180647431066252,1.297857030120586e-05,1,3.427927638851144e-05
1.063,0.12272310000000002,-0.34580249999999996,9.8285409,0.0021332111902161444,0,0.031989260344422704,0.0,1,3.438310495092109e-05
1.079,0.09584369999999999,-0.35178660000000006,9.8285409,0.0026304472420441982,0,0.03107725323925334,0.0,1,3.438310495092109e-05
1.094,0.09584369999999999,-0.35178660000000006,9.8285409,0.0031155555852908634,0,0.03234055621644408,0.0,1,3.438310495092109e-05
1.11,0.1002582,-0.38023560000000006,9.7911648,0.002704845232612385,0,-0.02566939704240487,0.0,1,3.438310495092109e-05
1.125,0.1257642,-0.347274,9.7911648,0.0022814822603578477,0,-0.028224198150302672,0.0,1,3.438310495092109e-05
1.141,0.1257642,-0.3532581,9.7895952,0.0018354078682385477,0,-0.027879649507456226,0.0,1,3.438310495092109e-05
1.157,0.1257642,-0.3532581,9.7895952,0.0014002133393429261,0,-0.027199658055976326,0.0,1,3.438310495092109e-05
1.172,0.10182780000000001,-0.3532581,9.8046045,0.0013346748310141265,0,-0.004369233888586668,0.0,1,3.438310495092109e-05
1.188,0.1661814,-0.2798793,9.7851807,0.0007609340031482503,0,-0.03585880174161723,0.0,1,3.438310495092109e-05
1.204,0.1661814,-0.2798793,9.7851807,0.00020118685401016023,0,-0.0349841968211306,0.0,1,3.438310495092109e-05
1.219,0.1362609,-0.2694807,9.7268112,-0.0017862607314231838,0,-0.13249650569555516,0.0,1,3.438310495092109e-05
1.235,0.1377324,-0.2694807,9.759674700000001,-0.0029235663473468065,0,-0.07108160099522635,0.0,1,3.438310495092109e-05
1.25,0.1257642,-0.3008727,9.759674700000001,-0.004014710435566116,0,-0.07274293921462108,0.0,1,3.438310495092109e-05
1.266,0.1257642,-0.32932170000000005,9.834525,-0.0032324161247743177,0,0.04889339442448733,0.0,1,3.438310495092109e-05
1.282,0.09878670000000002,-0.32932170000000005,9.7956774,-0.003423630993619753,0,-0.011950929302839686,0.0,1,3.438310495092109e-05
1.297,0.1317483,-0.3427614,9.7956774,-0.0035894904754041335,0,-0.011057298785625445,0.0,1,3.438310495092109e-05
1.313,0.1317483,-0.318825,9.818044200000001,-0.0032258120937669332,0,0.022729898852324994,0.0,1,3.438310495092109e-05
1.329,0.1062423,-0.318825,9.800091900000002,-0.003316143474888733,0,-0.005645711320112485,0.0,1,3.438310495092109e-05
1.344,0.09133110000000001,-0.33981839999999996,9.800091900000002,-0.0033907396626933206,0,-0.004973079186972462,0.0,1,3.438310495092109e-05
1.36,0.09133110000000001,-0.39671639999999997,9.7372098,-0.004943786350111168,0,-0.09706541796361537,0.0,1,3.438310495092109e-05
1.375,0.10928340000000002,-0.3487455,9.834525,-0.004127310914995519,0,0.054431695674376945,0.0,1,3.438310495092109e-05
1.391,0.1257642,-0.3487455,9.851005800000001,-0.0029242633718009614,0,0.07519047144965978,0.0,1,3.438310495092109e-05
1.407,0.1631403,-0.35777070000000005,9.851005800000001,-0.0017293130463027495,0,0.07468439534363817,0.0,1,3.438310495092109e-05
1.422,0.1631403,-0.37572300000000003,9.752219100000001,-0.0029545505314256815,0,-0.08168249900819599,0.0,1,3.438310495092109e-05
1.438,0.1406754,-0.37572300000000003,9.8091171,-0.0027718416303130766,0,0.011419306319537793,0.0,1,3.438310495092109e-05
1.454,0.0823059,-0.3307932,9.7297542,-0.004583698497825139,0,-0.11324105421950383,0.0,1,3.438310495092109e-05
1.469,0.1272357,-0.3307932,9.8091171,-0.0044051631441544,0,0.011902356911382504,-4.616491143955535e-05,1,3.403686811512442e-05
1.485,0.0973152,-0.3592422,9.8091171,-0.004214940379405618,0,0.011888922796798863,0.0,1,3.366754882360798e-05
1.5,0.0973152,-0.3592422,9.8091171,-0.004029357194283989,0,0.012372212341442042,0.0,1,3.366754882360798e-05
1.516,0.1377324,-0.36375480000000004,9.783611100000002,-0.004454053182506357,0,-0.02654349926389796,0.0,1,3.366754882360798e-05
1.532,0.1377324,-0.3427614,9.7627158,-0.005396142742846166,0,-0.05888059752123803,0.0,1,3.366754882360798e-05
1.547,0.0928026,-0.3427614,9.8240283,-0.004833739461941988,0,0.037493552060278774,0.0,1,3.366754882360798e-05
1.563,0.0733788,-0.3008727,9.8240283,-0.004322506953533534,0,0.03195203177552838,0.0,1,3.366754882360798e-05
1.579,0.0733788,-0.3053853,9.7895952,-0.004659750469745205,0,-0.021077719763229457,-4.545896909379475e-05,1,3.330387707085762e-05
1.594,0.0777933,-0.3053853,9.7656588,-0.005571449265636019,0,-0.06077991972605377,0.0,1,3.2962934802654156e-05
1.61,0.1287072,-0.3338343,9.7656588,-0.0064250943352970324,0,-0.053352816853813274,0.0,1,3.2962934802654156e-05
1.625,0.1287072,-0.3562992,9.877983300000002,-0.0045009855057784875,0,0.12827392196790383,0.0,1,3.2962934802654156e-05
1.641,0.1392039,-0.3562992,9.7895952,-0.004774514984214662,0,-0.01709559240226087,0.0,1,3.2962934802654156e-05
1.657,0.1107549,-0.3173535,9.7895952,-0.005082886001638087,0,-0.01927318858896408,0.0,1,3.2962934802654156e-05
1.672,0.1406754,-0.3023442,9.8524773,-0.0038531233654381936,0,0.08198417574666012,-2.0194196784525595e-05,1,3.2811478326770216e-05
1.688,0.1406754,-0.3547296,9.855518400000001,-0.002536660031509541,0,0.08227895837054071,0.0,1,3.2649924752494014e-05
1.704,0.15421320000000002,-0.3547296,9.8151012,-0.002232393372434416,0,0.019016666192195313,0.0,1,3.2649924752494014e-05
1.719,0.10182780000000001,-0.3218661,9.8151012,-0.001979809853295933,0,0.016838901275898717,0.0,1,3.2649924752494014e-05
1.735,0.10182780000000001,-0.3367773,9.740250900000001,-0.0035456280624828196,0,-0.09786363807418033,0.0,1,3.2649924752494014e-05
1.75,0.1032993,-0.3367773,9.7732125,-0.0042694599251920096,0,-0.04825545751394631,0.0,1,3.2649924752494014e-05
1.766,0.1002582,-0.35178660000000006,9.7732125,-0.004963522016165456,0,-0.04337888068584035,0.0,1,3.2649924752494014e-05
1.782,0.1002582,-0.34580249999999996,9.7013052,-0.007398499955646898,0,-0.15218612121758998,0.0,1,3.2649924752494014e-05
1.797,0.1332198,-0.34580249999999996,9.740250900000001,-0.008815215317644842,0,-0.09444769079986358,-3.823597447347171e-05,1,3.236315494394298e-05
1.813,0.1332198,-0.34580249999999996,9.740250900000001,-0.010197376646422285,0,-0.08638508304859008,0.0,1,3.20572671481552e-05
1.829,0.1287072,-0.347274,9.7686999,-0.010852651091397547,0,-0.04095465281095386,0.0,1,3.20572671481552e-05
1.844,0.1287072,-0.3248091,9.8240283,-0.010162163190175377,0,0.04603252674814427,-1.6348039200366274e-05,1,3.193465685415245e-05
1.86,0.1078119,-0.3248091,9.8255979,-0.00945638789251646,0,0.04411095610368228,0.0,1,3.1803872540549524e-05
1.875,0.1078119,-0.3248091,9.8255979,-0.008767826626506547,0,0.04590408440066115,0.0,1,3.1803872540549524e-05
1.891,0.113796,-0.33530580000000004,9.8255979,-0.008085820015896417,0,0.04262541316313314,0.0,1,3.1803872540549524e-05
1.907,0.113796,-0.33981839999999996,9.7208271,-0.009970338044944071,0,-0.11778237681547832,-8.9256494380522e-05,1,3.108982058550535e-05
1.922,0.1272357,-0.33981839999999996,9.7971489,-0.009944609207437338,0,0.0017152558337822292,0.0,1,3.0420396877651437e-05
1.938,0.1122264,-0.3652263,9.7971489,-0.009901696346183542,0,0.002682053828362283,0.0,1,3.0420396877651437e-05
1.954,0.1122264,-0.347274,9.9288972,-0.006664564888103186,0,0.20232071613002206,-2.9919133076643234e-05,1,3.0181043813038292e-05
1.969,0.1526436,-0.33226469999999997,9.8120601,-0.006353498873288288,0,0.02073773432099303,0.0,1,2.9956650314963466e-05
1.985,0.1526436,-0.33226469999999997,9.8120601,-0.006050019834443532,0,0.01896743992779724,0.0,1,2.9956650314963466e-05
2.0,0.12272310000000002,-0.36375480000000004,9.8120601,-0.0057369543693130964,0,0.02087103100869583,0.0,1,2.9956650314963466e-05
2.016,0.12272310000000002,-0.33981839999999996,9.8076456,-0.005560038535419309,0,0.011057239618361681,0.0,1,2.9956650314963466e-05
2.032,0.15568469999999998,-0.33981839999999996,9.7297542,-0.007274436077171487,0,-0.10714984635951098,-8.236807615694813e-06,1,2.989075585403791e-05
2.047,0.1287072,-0.33530580000000004,9.7297542,-0.008960444232736009,0,-0.11240054370430055,0.0,1,2.9828979796920196e-05
2.063,0.1287072,-0.36071369999999997,9.806076000000001,-0.008723102945827677,0,0.014833830431770764,0.0,1,2.9828979796920196e-05
2.079,0.0733788,-0.36071369999999997,9.871999200000001,-0.006898686587176073,0,0.11402602241572514,0.0,1,2.9828979796920196e-05
2.094,0.10182780000000001,-0.33530580000000004,9.871999200000001,-0.005134446351565458,0,0.11761601570737681,0.0,1,2.9828979796920196e-05
2.11,0.10182780000000001,-0.318825,9.7582032,-0.006200445773455243,0,-0.06662496386811151,-7.736873767326576e-05,1,2.921002989553407e-05
2.125,0.1002582,-0.318825,9.7417224,-0.007642576158247039,0,-0.09614202565278557,0.0,1,2.862976436298457e-05
2.141,0.1212516,-0.3248091,9.740250900000001,-0.009074763709467248,0,-0.08951172195126303,0.0,1,2.862976436298457e-05
2.157,0.1406754,-0.3173535,9.740250900000001,-0.01047164459730432,0,-0.08730505548981685,0.0,1,2.862976436298457e-05
2.172,0.1406754,-0.36071369999999997,9.862974000000001,-0.008806756472607091,0,0.11099254164648095,-0.00011588939558125795,1,2.776059389612513e-05
2.188,0.08534699999999999,-0.36071369999999997,9.9048627,-0.006176968508270875,0,0.1643617477710134,0.0,1,2.6833478731475068e-05
2.204,0.1377324,-0.34128990000000003,9.9048627,-0.003613720289166622,0,0.16020301369401566,0.0,1,2.6833478731475068e-05
2.219,0.1377324,-0.318825,9.9213435,-0.0007295125127928515,0,0.19228051842492214,0.0,1,2.6833478731475068e-05
2.235,0.1287072,-0.318825,9.7732125,-0.0015293560800415662,0,-0.04999022295304463,0.0,1,2.6833478731475068e-05
2.25,0.09133110000000001,-0.3338343,9.7732125,-0.0023077311967227843,0,-0.05189167444541411,0.0,1,2.6833478731475068e-05
2.266,0.09133110000000001,-0.36071369999999997,9.708858900000001,-0.004612297955377542,0,-0.14403542241592224,0.0,1,2.6833478731475068e-05
2.282,0.1332198,-0.36071369999999997,9.8120601,-0.004333698565362809,0,0.017412461875920812,-2.0436260523608307e-05,1,2.66699886472862e-05
2.297,0.1482291,-0.3876912,9.854046900000002,-0.0030084182939553727,0,0.08835201809382835,0.0,1,2.6516716693359138e-05
2.313,0.0868185,-0.2994012,9.854046900000002,-0.0018083366861407768,0,0.07500510048841218,0.0,1,2.6516716693359138e-05
2.329,0.0868185,-0.3143124,9.839037600000001,-0.0009920858994885151,0,0.05101567416576631,0.0,1,2.6516716693359138e-05
2.344,0.10928340000000002,-0.3143124,9.7956774,-0.001247245220604043,0,-0.01701062140770222,0.0,1,2.6516716693359138e-05
2.36,0.1377324,-0.3278502,9.7956774,-0.0014766216012720434,0,-0.014336023791750018,0.0,1,2.6516716693359138e-05
2.375,0.1377324,-0.33530580000000004,9.7582032,-0.0026076295637320612,0,-0.07540053083066722,0.0,1,2.6516716693359138e-05
2.391,0.1122264,-0.33530580000000004,9.806076000000001,-0.0025521469758977844,0,0.0034676617396422996,0.0,1,2.6516716693359138e-05
2.407,0.10928340000000002,-0.2664396,9.806076000000001,-0.0025503359607039755,0,0.0001131884496130552,0.0,1,2.6516716693359138e-05
2.422,0.10928340000000002,-0.3008727,9.8524773,-0.0013931480165130239,0,0.07714586294606281,0.0,1,2.6516716693359138e-05
2.438,0.10928340000000002,-0.3008727,9.8524773,-0.00026418416852180826,0,0.07056024049945091,0.0,1,2.6516716693359138e-05
2.454,0.1078119,-0.3487455,9.8824959,0.0016069794917807911,0,0.11694772876891237,0.0,1,2.6516716693359138e-05
2.469,0.1497006,-0.3487455,9.856989900000002,0.0028241685481713574,0,0.08114593709270615,0.0,1,2.6516716693359138e-05
2.485,0.145188,-0.32932170000000005,9.774684,0.001987628613782988,0,-0.052283745899273044,0.0,1,2.6516716693359138e-05
2.5,0.11978010000000001,-0.32932170000000005,9.800091900000002,0.0017824063297045,0,-0.013681485605232411,0.0,1,2.6516716693359138e-05
2.516,0.11978010000000001,-0.32932170000000005,9.800091900000002,0.001582189467187689,0,-0.01251355390730068,0.0,1,2.6516716693359138e-05
2.532,0.0898596,-0.3367773,9.800091900000002,0.0013852313599418409,0,-0.0123098817028655,0.0,1,2.6516716693359138e-05
2.547,0.0898596,-0.36071369999999997,9.800091900000002,0.00121383867327296,0,-0.011426179111258629,0.0,1,2.6516716693359138e-05
2.563,0.09584369999999999,-0.36071369999999997,9.895935600000001,0.003383982310177558,0,0.13563397730653726,0.0,1,2.6516716693359138e-05
2.579,0.12272310000000002,-0.39671639999999997,9.895935600000001,0.005542008288816902,0,0.1348766236649589,0.0,1,2.6516716693359138e-05
2.594,0.12272310000000002,-0.36826739999999997,9.831582000000001,0.006052216262908416,0,0.03401386493943502,0.0,1,2.6516716693359138e-05
2.61,0.1377324,-0.2994012,9.7806681,0.005256728949571965,0,-0.04971795708352818,0.0,1,2.6516716693359138e-05
2.625,0.173637,-0.2994012,9.7627158,0.004056988262306049,0,-0.0799827124843937,0.0,1,2.6516716693359138e-05
2.641,0.113796,-0.2994012,9.7627158,0.0028650362924533823,0,-0.07449699811579162,0.0,1,2.6516716693359138e-05
2.657,0.113796,-0.31136939999999996,9.842078700000002,0.003645856765084332,0,0.04880127953943432,0.0,1,2.6516716693359138e-05
2.672,0.113796,-0.31136939999999996,9.874942200000001,0.005208728812863939,0,0.1041914698519729,0.0,1,2.6516716693359138e-05
2.688,0.1062423,-0.3278502,9.874942200000001,0.006744433066771194,0,0.09598151586920337,0.0,1,2.6516716693359138e-05
2.704,0.1062423,-0.344331,9.8165727,0.006833659565373296,0,0.005576656162631361,8.389893458564911e-05,1,2.718790817004433e-05
2.719,0.16019730000000001,-0.344331,9.7941078,0.006391042226427501,0,-0.02950782259638692,0.0,1,2.7817150179436684e-05
2.735,0.1526436,-0.3023442,9.7941078,0.0059224947291873775,0,-0.029284218577507713,0.0,1,2.7817150179436684e-05
2.75,0.1526436,-0.2858634,9.7971489,0.005527444103517354,0,-0.02633670837800136,0.0,1,2.7817150179436684e-05
2.766,0.0868185,-0.33981839999999996,9.783611100000002,0.004834437797438085,0,-0.043312894129954274,0.0,1,2.7817150179436684e-05
2.782,0.0777933,-0.33981839999999996,9.843550200000001,0.005617491152779763,0,0.048940834708854866,3.397752172374334e-05,1,2.808897035322663e-05
2.797,0.0898596,-0.3532581,9.843550200000001,0.006395482639783623,0,0.05186609913359021,0.0,1,2.8343801766154708e-05
2.813,0.0898596,-0.39818790000000004,9.8495343,0.007342122797471262,0,0.0591650098554774,0.0,1,2.8343801766154708e-05
2.829,0.1272357,-0.39818790000000004,9.764187300000001,0.006195966255782892,0,-0.07163478385552306,0.0,1,2.8343801766154708e-05
2.844,0.15568469999999998,-0.3847482,9.764187300000001,0.005074678091066431,0,-0.0747525443144323,0.0,1,2.8343801766154708e-05
2.86,0.15568469999999998,-0.3173535,9.7656588,0.00395755276298182,0,-0.06982033300528817,0.0,1,2.8343801766154708e-05
2.875,0.1482291,-0.3173535,9.7447635,0.0023555334107356884,0,-0.1068012901497412,4.641620682867796e-05,1,2.8691923317369796e-05
2.891,0.10477080000000001,-0.3173535,9.7732125,0.001472308049214277,0,-0.055201585095088164,0.0,1,2.906325297199922e-05
2.907,0.1287072,-0.3278502,9.8524773,0.0025580832934402054,0,0.06786095276412046,0.0,1,2.906325297199922e-05
2.922,0.15421320000000002,-0.3278502,9.8704296,0.0040638680764253365,0,0.10038565219900791,0.0,1,2.906325297199922e-05
2.938,0.15421320000000002,-0.3278502,9.8704296,0.005532926401290439,0,0.09181614530406881,0.0,1,2.906325297199922e-05
2.954,0.1586277,-0.3173535,9.8704296,0.006959497148223193,0,0.08916067168329703,0.0,1,2.906325297199922e-05
2.969,0.1586277,-0.32333760000000006,9.821085300000002,0.007153292195535954,0,0.012919669820851036,0.0,1,2.906325297199922e-05
2.985,0.12272310000000002,-0.32333760000000006,9.771642900000002,0.0061246635406106975,0,-0.06428929093282848,4.773001470870404e-05,1,2.9445093089668854e-05
3.0,0.0898596,-0.290376,9.771642900000002,0.005087177353708228,0,-0.06916574579349742,0.0,1,2.980306819998414e-05
3.016,0.0898596,-0.3307932,9.834525,0.005639083975333747,0,0.034494163851594956,0.0,1,2.980306819998414e-05
3.032,0.0554265,-0.3307932,9.836094600000001,0.006209590384944619,0,0.03565665060067943,0.0,1,2.980306819998414e-05
3.047,0.1482291,-0.35777070000000005,9.836094600000001,0.006812613915428756,0,0.040201568698942126,0.0,1,2.980306819998414e-05
3.063,0.1646118,-0.38621970000000005,9.8764137,0.008416000282412739,0,0.10021164793649887,3.191375276619113e-05,1,3.005837822211367e-05
3.079,0.1646118,-0.3143124,9.7956774,0.007950230014582615,0,-0.02911064173938269,0.0,1,3.03136882442432e-05
3.094,0.1302768,-0.3143124,9.7627158,0.00667976750012933,0,-0.08469750096355418,0.0,1,3.03136882442432e-05
3.11,0.113796,-0.290376,9.7627158,0.00541719972689414,0,-0.07891048582719933,0.0,1,3.03136882442432e-05
3.125,0.113796,-0.36669779999999996,9.7268112,0.003372986943997347,0,-0.1362808521931184,0.0,1,3.03136882442432e-05
3.141,0.10182780000000001,-0.36669779999999996,9.7941078,0.0030155341845272687,0,-0.02234079746687987,0.0,1,3.03136882442432e-05
3.157,0.1377324,-0.3487455,9.7941078,0.0026615211170870623,0,-0.022125816715012882,3.179532579147826e-05,1,3.056805085057502e-05
3.172,0.1377324,-0.3262806,9.7895952,0.0021872821712758395,0,-0.03161592972074793,0.0,1,3.080651579401111e-05
3.188,0.1377324,-0.3262806,9.7895952,0.001724610029020468,0,-0.02891700889096069,0.0,1,3.080651579401111e-05
3.204,0.1287072,-0.3262806,9.8151012,0.0018919286480176822,0,0.01045741368732588,0.0,1,3.080651579401111e-05
3.219,0.1122264,-0.3218661,9.8151012,0.0020466829007634857,0,0.010316950183053784,0.0,1,3.080651579401111e-05
3.235,0.1571562,-0.3023442,9.6848244,-0.000977983840121155,0,-0.18904167130528987,0.0,1,3.080651579401111e-05
3.25,0.1571562,-0.3307932,9.5995755,-0.005983955770636484,0,-0.3337314620343525,0.0,1,3.080651579401111e-05
3.266,0.08534699999999999,-0.3307932,9.6369516,-0.009978900448498251,0,-0.24968404236636021,0.0,1,3.080651579401111e-05
3.282,0.0973152,-0.34580249999999996,9.6369516,-0.013860800338598267,0,-0.24261874313125076,0.0,1,3.080651579401111e-05
3.297,0.0973152,-0.3307932,9.613015200000001,-0.01824430251221365,0,-0.29223347824102314,0.0,1,3.080651579401111e-05
3.313,0.11673900000000001,-0.3307932,9.580053600000001,-0.023319023809159845,0,-0.31717008105913685,-0.00027745190850873456,1,2.858690052594123e-05
3.329,0.16019730000000001,-0.36375480000000004,9.580053600000001,-0.028225542357832367,0,-0.3066574092920324,-0.00018980843784467292,1,2.4848817755113967e-05
3.344,0.16019730000000001,-0.36375480000000004,9.424368900000001,-0.036806259755973514,0,-0.5720478265427553,-0.00017754695369820613,1,2.2093652318542434e-05
3.36,0.10182780000000001,-0.30685680000000004,9.407888100000001,-0.04564853948786762,0,-0.5526424832433814,-0.00033718534764893594,1,1.7975793907765293e-05
3.375,0.10182780000000001,-0.30685680000000004,9.407888100000001,-0.05427515386044668,0,-0.5751076248385989,-0.0005866130477612977,1,1.1047305942188485e-05
3.391,0.1002582,-0.37268190000000007,9.407888100000001,-0.06263383247413046,0,-0.5224174133552357,-0.0010218849384379157,1,-1.8206779474052332e-06
3.407,0.1002582,-0.3307932,9.4109292,-0.07075268668643275,0,-0.507428388268893,-0.0015889770917224219,1,-2.2707574188687954e-05
3.422,0.1362609,-0.3307932,9.349518600000001,-0.08015922450492674,1,-0.6271025212329273,-0.0027208164256576277,1,-5.5031025569038595e-05
3.438,0.11978010000000001,-0.3532581,9.349518600000001,-0.0893218054855236,1,-0.572661311287303,-0.004076664665581231,2,-0.00010941087429894952
3.454,0.11978010000000001,-0.32932170000000005,9.306158400000001,-0.09933902453368582,1,-0.6260761905101381,-0.005585951305734908,2,-0.0001867118020694787
3.469,0.11978010000000001,-0.3173535,9.1026009,-0.11408350506674658,1,-0.9829653688707387,-0.007186620277738118,3,-0.00028250608894552436
3.485,0.11978010000000001,-0.33981839999999996,9.2552445,-0.12472845035717306,1,-0.6653090806516543,-0.00909711592112948,3,-0.0004127759785364653
3.5,0.11978010000000001,-0.33981839999999996,9.2552445,-0.1351137628356387,1,-0.6923541652310367,-0.011045932520075581,3,-0.0005638488418455045
3.516,0.1571562,-0.33981839999999996,9.2208114,-0.14607128990419405,1,-0.6848454417847089,-0.013295412941994246,3,-0.0007585796055420632
3.532,0.1332198,-0.3487455,9.1040724,-0.159607554304257,1,-0.8460165250039334,-0.01574084369566186,3,-0.0009908696586433123
3.547,0.11978010000000001,-0.344331,9.1040724,-0.17282231191111563,1,-0.8809838404572354,-0.018234067692277173,3,-0.0012456814940528572
3.563,0.11978010000000001,-0.29783160000000003,9.0127413,-0.18798091863007826,1,-0.9474129199351635,-0.02112049353660673,3,-0.0015605179838839287
3.579,0.1661814,-0.29783160000000003,8.964868500000001,-0.2039186507995172,1,-0.9961082605899332,-0.024255690092043494,3,-0.0019235274529131308
3.594,0.1302768,-0.34128990000000003,8.964868500000001,-0.21944437228335367,1,-1.0350480989224529,-0.027430912765164954,3,-0.0023111769743421858
3.61,0.1302768,-0.344331,8.9543718,-0.23484438488920212,1,-0.962500787865527,-0.031065222822545403,3,-0.002779146059043869
3.625,0.1257642,-0.344331,8.927394300000001,-0.2505277951350777,1,-1.045560683058365,-0.034705514172727533,3,-0.00327242658650842
3.641,0.1497006,-0.3487455,8.927394300000001,-0.2658155080542528,1,-0.9554820574484415,-0.03883626059824218,3,-0.003860760784676178
3.657,0.1497006,-0.36375480000000004,8.907970500000001,-0.28118904606810347,1,-0.9608461258656655,-0.043212297031221036,3,-0.004517149245711885
3.672,0.1078119,-0.36375480000000004,8.849601,-0.297624721600414,1,-1.095711702154025,-0.047553400288734955,3,-0.00519789197561156
3.688,0.11673900000000001,-0.3278502,8.792703,-0.31507763461337923,1,-1.0908070633103275,-0.0524550191384453,3,-0.005997959331029003
3.704,0.08829,-0.2918475,8.792703,-0.33214387394091816,1,-1.0666399579711818,-0.05763279120687968,3,-0.006878661813791603
3.719,0.08829,-0.3098979,8.7912315,-0.34881467447060643,1,-1.1113867019792423,-0.062739980319966,3,-0.007781457600242927
3.735,0.1661814,-0.3098979,8.8226235,-0.36428634567212015,1,-0.9669794500946063,-0.06844478848110783,3,-0.008830935750651518
3.75,0.0793629,-0.3532581,8.8226235,-0.3793703878953707,1,-1.0056028148833616,-0.07402221398286406,3,-0.009899438269131316
3.766,0.0793629,-0.3367773,8.789760000000001,-0.3949031642708043,1,-0.970798523464599,-0.08021640240019347,3,-0.011133347200195778
3.782,0.13469129999999999,-0.3367773,8.777791800000001,-0.41033233290423965,1,-0.9643230395897087,-0.08665828637759382,3,-0.012468344710418078
3.797,0.1302768,-0.3652263,8.777791800000001,-0.4253590828610676,1,-1.0017833304551889,-0.09292597199583368,3,-0.013815226648218795
3.813,0.1302768,-0.3652263,8.777791800000001,-0.4400193267213872,1,-0.9162652412699749,-0.09984899927249333,3,-0.015357426418365412
3.829,0.1466595,-0.35178660000000006,8.7747507,-0.4544031849757424,1,-0.8989911408971977,-0.10700437936607037,3,-0.017012253447473924
3.844,0.1032993,-0.35178660000000006,8.7193242,-0.4698019465760641,1,-1.0265841066881365,-0.11393591785270876,3,-0.018669305676614734
3.86,0.09878670000000002,-0.3218661,8.7193242,-0.4848545709579213,1,-0.9407890238660723,-0.12157316999298065,3,-0.02055337837938025
3.875,0.09878670000000002,-0.3218661,8.7193242,-0.49954005815973446,1,-0.9790324801208702,-0.1289561297113631,3,-0.022432348127162844
3.891,0.09878670000000002,-0.33981839999999996,8.8031997,-0.5118066846967828,1,-0.7666641585655214,-0.13704690365421526,3,-0.024560372394087475
3.907,0.1272357,-0.33981839999999996,8.773279200000001,-0.5244943719628132,1,-0.7929804541269008,-0.14533731210749204,3,-0.026819446120181136
3.922,0.1721655,-0.35178660000000006,8.773279200000001,-0.5368424269838314,1,-0.8232036680678739,-0.15329733809959195,3,-0.029059205996734283
3.938,0.1721655,-0.34580249999999996,8.768766600000001,-0.5490050636638433,1,-0.7601647925007387,-0.16198411802477336,3,-0.031581457645729206
3.954,0.1287072,-0.34580249999999996,8.7268779,-0.561909986376607,1,-0.8065576695477354,-0.17087143842509697,3,-0.03424430209732817
3.969,0.1272357,-0.3367773,8.7268779,-0.5745092819136683,1,-0.8399530358041042,-0.17939458293727387,3,-0.0368712972575459
3.985,0.1272357,-0.3487455,8.7178527,-0.5870097502355307,1,-0.7812792701163966,-0.18868673519446746,3,-0.03981594780259983
4.0,0.1796211,-0.3817071,8.7837759,-0.5975432026256424,1,-0.7022301593407755,-0.19757088234092635,3,-0.04271287993411531
4.016,0.1212516,-0.3817071,8.780734800000001,-0.6079181932596889,1,-0.6484369146279029,-0.207214573508009,3,-0.04595116358090679
4.032,0.1272357,-0.3173535,8.780734800000001,-0.618100496189717,1,-0.6363939331267549,-0.21702272302360426,3,-0.0493450619531597
4.047,0.1272357,-0.3547296,8.7477732,-0.628802791093733,1,-0.7134863269344209,-0.22637449767822992,3,-0.05267054110842338
4.063,0.1302768,-0.3547296,8.7582699,-0.6389871848850106,1,-0.6365246119548468,-0.23651681748605988,3,-0.05637367162973771
4.079,0.15568469999999998,-0.3248091,8.7582699,-0.6489413565818918,1,-0.6221357310550729,-0.2468202458177951,3,-0.06024036813616855
4.094,0.15568469999999998,-0.3098979,8.7672951,-0.6584459563725034,1,-0.6336399860407479,-0.25662565066495346,3,-0.06401621235978931
4.11,0.15421320000000002,-0.3098979,8.7417891,-0.6683409823188704,1,-0.6184391216479396,-0.2672399461744845,3,-0.06820713713450482
4.125,0.16166880000000003,-0.32932170000000005,8.7417891,-0.6779740769736335,1,-0.6422063103175565,-0.27733730911917803,3,-0.0722914665492072
4.141,0.16166880000000003,-0.33530580000000004,8.6924448,-0.6885690983866581,1,-0.6621888383140367,-0.2882696545220604,3,-0.07681632225833712
4.157,0.1272357,-0.31136939999999996,8.707356,-0.6985779315951639,1,-0.6255520755316096,-0.29936683076191495,3,-0.08151741414060892
4.172,0.1332198,-0.3262806,8.725308300000002,-0.7078896560043795,1,-0.6207816272810514,-0.3099153376689113,3,-0.08608703040384003
4.188,0.1332198,-0.3262806,8.725308300000002,-0.7169742651841027,1,-0.5677880737326996,-0.32131424903841915,3,-0.09113686709749867
4.204,0.1332198,-0.3547296,8.7537573,-0.7251170169467063,1,-0.5089219851627242,-0.33285097929546564,3,-0.09637018892416975
4.219,0.0928026,-0.3547296,8.7448302,-0.7332914231845624,1,-0.5449604158570558,-0.3437890425964506,3,-0.10144498908835932
4.235,0.0898596,-0.3278502,8.7448302,-0.7412927681549402,1,-0.5000840606486086,-0.3555857161271666,3,-0.10703998715814826
4.25,0.0898596,-0.3427614,8.732862,-0.7493766919939429,1,-0.5389282559335243,-0.36676573707828297,3,-0.11245762305718902
4.266,0.1377324,-0.3427614,8.7582699,-0.7566290920785228,1,-0.45327500528624626,-0.3788137833508627,3,-0.11842225922062219
4.282,0.16765290000000002,-0.32932170000000005,8.7582699,-0.7637044587201416,1,-0.4422104151011737,-0.39097645175725204,3,-0.1245805811014871
4.297,0.16765290000000002,-0.2963601,8.713340100000002,-0.7717309655319458,1,-0.5351004541202893,-0.40249221743914243,3,-0.13053159612045995
4.313,0.1631403,-0.3053853,8.7822063,-0.7778778470442713,1,-0.3841800945203474,-0.41488908793975215,3,-0.1370706465634911
4.329,0.15421320000000002,-0.3053853,8.7373746,-0.7849713587396305,1,-0.4433444809599503,-0.42739188158602337,3,-0.14380889431969732
4.344,0.1466595,-0.3487455,8.6999004,-0.7927686188454235,1,-0.5198173403861776,-0.43922493141791175,3,-0.1503085204172271
4.375,0.1122264,-0.3487455,8.6939163,-0.8005340103547134,1,-0.2504965002996766,-0.4639211221705136,3,-0.16430728424784755
4.375,0.1122264,-0.3487455,8.6939163,-0.8081100020710945,1,0.0,-0.4639211221705136,3,-0.16430728424784755
4.391,0.1317483,-0.3817071,8.6939163,-0.8154607991728291,1,-0.4594248188584112,-0.476909688580465,3,-0.1718339307338554
4.407,0.1317483,-0.3831786,8.7582699,-0.8210628209246718,1,-0.3501263594901657,-0.490001877541245,3,-0.17956922326282906
4.422,0.1287072,-0.3831786,8.7223653,-0.8274040966537317,1,-0.4227517152706729,-0.5023653794230826,3,-0.18701197769006137
4.438,0.1377324,-0.3936753,8.7223653,-0.8335759603554056,1,-0.3857414813546175,-0.5156532198791554,3,-0.19515612648447928
4.454,0.1377324,-0.3907323,8.777791800000001,-0.8382501617024296,1,-0.2921375841890003,-0.529027828855618,3,-0.20351357487435748
4.469,0.18413369999999998,-0.38023560000000006,8.7298209,-0.8439695243968863,1,-0.3812908462971002,-0.5416444765013634,3,-0.21154361716453515
4.485,0.1661814,-0.38023560000000006,8.761311000000001,-0.8487909776227607,1,-0.3013408266171466,-0.5551865605175206,3,-0.22031826546068622
4.5,0.1661814,-0.38023560000000006,8.761311000000001,-0.853494834428492,1,-0.3135904537154318,-0.5679537041079047,3,-0.22874181744537675
4.516,0.1272357,-0.35178660000000006,8.761311000000001,-0.8581288108238656,1,-0.2896235247108467,-0.5816466932699236,3,-0.23793862062439938
4.532,0.1272357,-0.35178660000000006,8.740317600000001,-0.8631613303237469,1,-0.3145324687425785,-0.5954170143991044,3,-0.24735513028575162
4.547,0.1062423,-0.35178660000000006,8.672922900000001,-0.8697202491959892,1,-0.4372612581494999,-0.6084136262455022,3,-0.256383860090586
4.563,0.1257642,-0.3936753,8.672922900000001,-0.876068968946754,1,-0.3967949844227988,-0.6223799399906442,3,-0.2662302086204752
4.579,0.1257642,-0.33530580000000004,8.7103971,-0.8814093829907463,1,-0.33377587774952006,-0.6364397668061442,3,-0.2763007662748495
4.594,0.1437165,-0.3338343,8.7029415,-0.8867958386514978,1,-0.35909704405008414,-0.6497013059684615,3,-0.28594682432065943
4.61,0.1437165,-0.31136939999999996,8.773279200000001,-0.8903569771948945,1,-0.22257115896229232,-0.6639185284952327,3,-0.296455782996369
4.625,0.1437165,-0.31136939999999996,8.773279200000001,-0.8938312587006472,1,-0.23161876705018397,-0.677299940264449,3,-0.3065149215120664
4.641,0.1062423,-0.2963601,8.7343335,-0.8981957646609207,1,-0.2727816225170929,-0.6916361564513415,3,-0.3174664102857927
4.657,0.0823059,-0.2963601,8.7388461,-0.9023501213980705,1,-0.259647296071863,-0.7060405235398134,3,-0.32864782372572193
4.672,0.1122264,-0.33226469999999997,8.7388461,-0.9063635606751888,1,-0.2675626184745577,-0.7196058761553625,3,-0.3393401717234355
4.688,0.1122264,-0.3143124,8.713340100000002,-0.9109169402340793,1,-0.2845862224306603,-0.7341441201626366,3,-0.3509701716939795
4.704,0.1287072,-0.3143124,8.7508143,-0.9144403941728392,1,-0.2202158711724909,-0.748746978837892,3,-0.3628333004859837
4.719,0.1272357,-0.3278502,8.7508143,-0.9178663288964621,1,-0.22839564824152192,-0.7624892792609123,3,-0.37416757242172516
4.735,0.1272357,-0.36973890000000004,8.7627825,-0.9208764017395481,1,-0.18812955269287263,-0.7771992211060004,3,-0.38648508042466045
4.75,0.1437165,-0.36973890000000004,8.6864607,-0.9256664359190054,1,-0.31933561196382926,-0.7910482923884392,3,-0.3982469367758685
4.766,0.15568469999999998,-0.34580249999999996,8.6864607,-0.9303586360524765,1,-0.2932625083419402,-0.8058964929642111,3,-0.4110224950586897
4.782,0.1032993,-0.30685680000000004,8.650556100000001,-0.935866191268623,1,-0.34422220100915857,-0.8208262915827799,3,-0.42403627733506566
4.797,0.1032993,-0.3712104,8.7448302,-0.9388808367032606,1,-0.2009763623091767,-0.8348868942925687,3,-0.4364541262291305
4.813,0.1317483,-0.3712104,8.7433587,-0.9418484921389982,1,-0.18547846473360147,-0.8499327289233067,3,-0.4499326832148575
4.829,0.10928340000000002,-0.315882,8.7433587,-0.9448042891937654,1,-0.18473731592294468,-0.8650259511739689,3,-0.46365235265563576
4.844,0.10928340000000002,-0.36669779999999996,8.7417891,-0.9476779013865073,1,-0.19157414618279,-0.8792195676033214,3,-0.47673419404646594
4.86,0.1721655,-0.36669779999999996,8.7163812,-0.9510757996242347,1,-0.21236863985796253,-0.8944095972114073,3,-0.4909232273649838
4.875,0.1631403,-0.36375480000000004,8.7163812,-0.954398056264461,1,-0.22148377601508665,-0.9087006511305723,3,-0.5044465542275484
4.891,0.1631403,-0.3547296,8.7283494,-0.9573567301187129,1,-0.18491711589074794,-0.9239946894216378,3,-0.519108116951966
4.907,0.0928026,-0.3547296,8.7223653,-0.960414195243084,1,-0.19109157027319396,-0.9393368568245322,3,-0.5340147693219354
4.922,0.17069399999999998,-0.34580249999999996,8.7223653,-0.9633771545149408,1,-0.1975306181237873,-0.9537652919477171,3,-0.5482130354377269
4.938,0.10477080000000001,-0.3592422,8.735805,-0.9659524796019188,1,-0.1609578179361247,-0.969199929020652,3,-0.5635967572054739
4.954,0.10477080000000001,-0.3503151,8.704413,-0.9692388128983147,1,-0.20539583102474593,-0.9846814593606539,3,-0.5792278083125243
4.969,0.1377324,-0.3503151,8.7417891,-0.9715230384384412,1,-0.15228170267509608,-0.9992371732456802,3,-0.5941071980570723
4.985,0.10477080000000001,-0.33226469999999997,8.7417891,-0.9737798657751142,1,-0.14105170854206137,-1.0147995964793886,3,-0.6102194922148729
5.0,0.10477080000000001,-0.3622833,8.7193242,-0.9765000018686081,1,-0.1813424062329281,-1.0294266954867162,3,-0.6255511894046184
5.016,0.1257642,-0.3622833,8.752285800000001,-0.9783438626956631,1,-0.11524130169093806,-1.0450654464032303,3,-0.6421471265397379
5.032,0.15421320000000002,-0.3427614,8.752285800000001,-0.9801508234650917,1,-0.1129350480892909,-1.0607334038925162,3,-0.6589935173421039
5.047,0.15421320000000002,-0.3083283,8.7433587,-0.9821624886844251,1,-0.13411101462222824,-1.0754507537336373,3,-0.6750148985242996
5.063,0.1362609,-0.3083283,8.704413,-0.9850815435117806,1,-0.18244092670971473,-1.0911887059912069,3,-0.6923480142020983
5.079,0.1377324,-0.3143124,8.704413,-0.9879236212736622,1,-0.17762986011760057,-1.1069727473094904,3,-0.7099333058285039
5.094,0.1078119,-0.315882,8.7657255,-0.989210944285901,1,-0.08582153414924824,-1.1218012565511877,3,-0.7266491108574596
5.11,0.1078119,-0.3173535,8.7702381,-0.990355590675998,1,-0.07154039938106475,-1.1376377888308828,3,-0.7447246232205162
5.125,0.1107549,-0.3173535,8.792703,-0.9909239016312181,1,-0.03788739701467691,-1.1524973850231865,3,-0.7619006370244213
5.141,0.12272310000000002,-0.3652263,8.792703,-0.9914291956041463,1,-0.031580873308012486,-1.1683562098010696,3,-0.7804674657830154
5.157,0.12272310000000002,-0.3652263,8.792703,-0.9919221653338326,1,-0.030810608105391574,-1.1842230206885733,3,-0.7992880996269326
5.172,0.12272310000000002,-0.347274,8.870594400000002,-0.9905226955265434,1,0.0932979871526168,-1.199091357145026,3,-0.8171629574606842
5.188,0.059841000000000005,-0.347274,8.8465599,-0.9897588726679043,1,0.047738928664942074,-1.2149336096905814,3,-0.8364751571953691
5.204,0.1257642,-0.3202965,8.8465599,-0.9890216326031336,1,0.04607750404816975,-1.2307638537327497,3,-0.8560407369027558
5.219,0.1257642,-0.3083283,8.8675533,-0.9878010650314586,1,0.08137117144499631,-1.2455900239650097,3,-0.8746133909854897
5.235,0.11978010000000001,-0.3083283,8.9588844,-0.9843862313175187,1,0.21342710712124438,-1.2613675223358016,3,-0.8946690513558962
5.25,0.08829,-0.3367773,8.9588844,-0.981038634590023,1,0.22317311516637992,-1.276108208830108,3,-0.9137001193396401
5.266,0.1212516,-0.34580249999999996,9.0217665,-0.9762224758456473,1,0.3010099215234871,-1.2917662977135933,3,-0.9342431153919898
5.282,0.1212516,-0.36375480000000004,9.0471744,-0.970887432961776,1,0.3334401802419504,-1.3073431769840527,3,-0.9550359911895709
5.297,0.17069399999999998,-0.36375480000000004,9.1265373,-0.9637292836662539,1,0.47720995303482117,-1.3218528023587626,3,-0.9747549610346417
5.313,0.1377324,-0.3487455,9.1265373,-0.9567735723081583,1,0.43473195988097363,-1.337216825206558,3,-0.9960275180551642
5.329,0.1122264,-0.3218661,9.2463174,-0.9471006360866614,1,0.6045585138435555,-1.3524478188737166,3,-1.0175448352078065
5.344,0.1302768,-0.35178660000000006,9.2463174,-0.9376312920357552,1,0.63128960339372,-1.3665833083346353,3,-1.03793756866187
5.36,0.1302768,-0.35178660000000006,9.2463174,-0.9283929075958461,1,0.577399027494318,-1.3815115019316881,3,-1.0599223271440006
5.375,0.1302768,-0.3427614,9.2911491,-0.9182955090958842,1,0.673159899997477,-1.3953616650568759,3,-1.0807488758964143
5.391,0.1437165,-0.3427614,9.2432763,-0.9096062504202056,1,0.5430786672299122,-1.4099848791330045,3,-1.1031916482499333
5.407,0.09878670000000002,-0.3592422,9.3510882,-0.8985005868659197,1,0.694103972142867,-1.4244497338312936,3,-1.1258671251536476
5.422,0.1287072,-0.33981839999999996,9.3764961,-0.8870553787574611,1,0.7630138738972573,-1.4378414035734686,3,-1.147334308684183
5.438,0.1287072,-0.33981839999999996,9.3764961,-0.875889322066282,1,0.6978785431986927,-1.4519449611800586,3,-1.1704525996022113
5.454,0.09133110000000001,-0.33981839999999996,9.3869928,-0.8647504596653377,1,0.6961789000590184,-1.4658700794339115,3,-1.193795119927123
5.469,0.0928026,-0.2934171,9.3869928,-0.8539210742919998,1,0.721959024889165,-1.478760115938592,3,-1.2158798463924176
5.485,0.0928026,-0.3427614,9.4647861,-0.8414190106071029,1,0.7813789803060571,-1.4923228366177848,3,-1.2396485100128687
5.5,0.10477080000000001,-0.3427614,9.5366934,-0.8274662408634779,1,0.9301846495750216,-1.5048394760038137,3,-1.2621272273575301
5.516,0.1511721,-0.3098979,9.5366934,-0.8138660152819561,1,0.850014098845108,-1.5179701340529772,3,-1.2863097042379845
5.547,0.173637,-0.315882,9.699833700000001,-0.7966071525371561,1,0.556737507896781,-1.5429324681541732,3,-1.3337536945721948
5.563,0.1466595,-0.34128990000000003,9.6848244,-0.7801249276739188,1,1.0301390539523272,-1.5555463247958619,3,-1.358541524915795
5.579,0.11673900000000001,-0.2934171,9.6848244,-0.7640928625793748,1,1.0020040684090006,-1.5679000671178882,3,-1.383529096051105
5.594,0.11673900000000001,-0.2948886,9.6354801,-0.7496536053659355,1,0.9626171475625839,-1.5792531656274784,3,-1.4071327452966962
5.61,0.10477080000000001,-0.2948886,9.7297542,-0.7332717104673758,1,1.023868431159979,-1.5911165681541448,3,-1.4324957031669492
5.625,0.11526750000000001,-0.3427614,9.7297542,-0.7172482429779183,1,1.0682311659638553,-1.6019954678049844,3,-1.4564440434366421
5.641,0.11526750000000001,-0.3532581,9.728282700000001,-0.7016423052470504,1,0.9753711081792451,-1.6133465921907841,3,-1.4821667799166083
5.657,0.08829,-0.3532581,9.7372098,-0.6862062972667928,1,0.9647504987660973,-1.6244493810108949,3,-1.5080691477022217
5.672,0.09584369999999999,-0.37572300000000003,9.7821396,-0.6700295566639092,1,1.0784493735256,-1.6346211499153749,3,-1.5325121766841683
5.688,0.09584369999999999,-0.37572300000000003,9.7821396,-0.6542473707098768,1,0.9863866221270214,-1.645215365334365,3,-1.5587508688061662
5.704,0.0688662,-0.37572300000000003,9.8046045,-0.6383081432981879,1,0.9962017132305592,-1.6555558094464295,3,-1.5851570382044127
5.719,0.12272310000000002,-0.40417200000000003,9.836094600000001,-0.6219499388210892,1,1.0905469651398707,-1.6650077450623244,3,-1.6100612648632293
5.735,0.17069399999999998,-0.3951468000000001,9.836094600000001,-0.6059822158421788,1,0.9979826861818966,-1.6748312022996306,3,-1.636779976442125
5.75,0.17069399999999998,-0.32932170000000005,9.8046045,-0.5912305296260865,1,0.9834457477395111,-1.6838102978906424,3,-1.6619697876935515
5.766,0.17667810000000003,-0.32932170000000005,9.8794548,-0.5750117546447537,1,1.0136734363332947,-1.6931402361648091,3,-1.6889853919659952
5.782,0.1078119,-0.3307932,9.8794548,-0.5592115290667561,1,0.9875140986248523,-1.7022140224345013,3,-1.7161482260347898
5.797,0.1078119,-0.33824879999999996,9.9093753,-0.5430612224607074,1,1.0766871070699335,-1.710481068070957,3,-1.7417434392135802
5.813,0.1526436,-0.33824879999999996,9.985697100000001,-0.5254302520202145,1,1.1019356525308046,-1.7190289998668045,3,-1.7691795197570823
5.829,0.0748503,-0.34580249999999996,9.985697100000001,-0.5082445980148318,1,1.0741033753364206,-1.727298398667085,3,-1.7967501389453535
5.844,0.0748503,-0.3218661,10.005219,-0.4910217285904146,1,1.148191294961103,-1.7347928961166246,3,-1.8227158236562324
5.86,0.11673900000000001,-0.3487455,10.0261143,-0.47367789726180476,1,1.083989458038114,-1.7425104931234423,3,-1.850534250770153
5.875,0.11673900000000001,-0.3487455,10.0261143,-0.45675708620950317,1,1.1280540701534632,-1.749488755499477,3,-1.8767242451348243
5.891,0.0928026,-0.35777070000000005,10.1085183,-0.438238823370936,1,1.1573914274104469,-1.7566487227761205,3,-1.9047733449610291
5.907,0.0928026,-0.3532581,10.112932800000001,-0.420068493284969,1,1.1356456303729379,-1.7635151813093677,3,-1.932934656193713
5.922,0.0239364,-0.3532581,10.157862600000001,-0.4012558497649952,1,1.254176234664947,-1.7696751138822422,3,-1.9594335834076495
5.938,0.0239364,-0.3532581,10.157862600000001,-0.38290205120892473,1,1.1471124097544017,-1.7759483770900335,3,-1.9877985713354278
5.954,0.0868185,-0.33530580000000004,10.157862600000001,-0.3650023816156658,1,1.1187293495786834,-1.7819316125526303,3,-2.016261611252569
5.969,0.0868185,-0.33226469999999997,10.193767200000002,-0.34666650157653933,1,1.2223920026083837,-1.787269129176572,3,-2.043030616815539
5.985,0.145188,-0.33226469999999997,10.3314996,-0.3254044151246607,1,1.328880403242415,-1.7926456965101818,3,-2.071669935421033
6.0,0.1482291,-0.3427614,10.3314996,-0.3046515051937355,1,1.3835273287283731,-1.7973711159125696,3,-2.098595061514203
6.016,0.1482291,-0.3202965,10.379372400000001,-0.28325538364894065,1,1.337257596549678,-1.802074371023311,3,-2.12739062540969
6.032,0.1571562,-0.2934171,10.368973800000001,-0.26265078280058773,1,1.2877875530220562,-1.8064416203549072,3,-2.156258753340716
6.047,0.12272310000000002,-0.2934171,10.4438241,-0.24073529695575857,1,1.4610323896553088,-1.8102170159530797,3,-2.1833836931130253
6.063,0.0793629,-0.2784078,10.4438241,-0.219374580324315,1,1.3350447894652218,-1.8138978949713203,3,-2.2123766124004205
6.079,0.0793629,-0.315882,10.4347989,-0.1987288828411966,1,1.2903560926948987,-1.8172427226766443,3,-2.241425737341604
6.094,0.08534699999999999,-0.315882,10.529073,-0.17628733884311032,1,1.4961029332056959,-1.8200553443392766,3,-2.268705472844225
6.11,0.1392039,-0.3487455,10.529073,-0.15435386620572622,1,1.370842039836505,-1.8227004739796673,3,-2.2978475193907766
6.125,0.1392039,-0.37572300000000003,10.620404100000002,-0.13070674434043283,1,1.5764747910195926,-1.8248384285587633,3,-2.3252040611598144
6.141,0.1032993,-0.32932170000000005,10.6338438,-0.10735629099620425,1,1.4594033340142851,-1.8267429328414564,3,-2.354416712051016
6.157,0.1032993,-0.3338343,10.6937829,-0.08311078586346454,2,1.5153440707962305,-1.8282666694563336,3,-2.3836567888693985
6.172,0.0928026,-0.3487455,10.6727895,-0.059959122265620834,2,1.5434442398562802,-1.8293396937673017,3,-2.411088836593575
6.188,0.0928026,-0.3487455,10.6727895,-0.03737213338967571,2,1.411686804746569,-1.8301183438125441,3,-2.440364500894214
6.204,0.10477080000000001,-0.3487455,10.6923114,-0.014857478851359573,2,1.4071659086447572,-1.8305361807104723,3,-2.469649737090398
6.219,0.1317483,-0.3532581,10.6923114,0.007118921844611492,2,1.4650933797313488,-1.830594219888023,3,-2.497108215094888
6.235,0.1317483,-0.2918475,10.7296875,0.029425357608477754,2,1.39415223524164,-1.8303018656523982,3,-2.5263953837792115
6.25,0.11821050000000001,-0.2918475,10.7146782,0.05081796685924367,2,1.4261739500510915,-1.8297000407188904,3,-2.5538453980769957
6.266,0.1571562,-0.2784078,10.7146782,0.07169228675426886,3,1.3046449934390736,-1.8287199586899823,3,-2.5831127580722666
6.282,0.1571562,-0.3008727,10.7266464,0.09236404253971742,3,1.2919847365905335,-1.8274075080556305,3,-2.6123617778062314
6.297,0.08829,-0.3008727,10.746168299999999,0.11298834208226438,3,1.3749533028364935,-1.8258673651709656,3,-2.6397613393554304
6.313,0.113796,-0.3173535,10.746168299999999,0.13312701401239657,3,1.2586669956332608,-1.8238984423222082,3,-2.6689594658153757
6.329,0.113796,-0.3427614,10.7416557,0.15268352108399874,3,1.2222816919751345,-1.821611958041437,3,-2.698123549018285
6.344,0.0823059,-0.3053853,10.7102637,0.17096321753574983,3,1.2186464301166933,-1.8191846075017888,3,-2.72542952325986
6.36,0.09584369999999999,-0.3053853,10.753623900000001,0.1898569084582089,3,1.180855682653691,-1.8162980464938372,3,-2.754513384491825
6.375,0.10477080000000001,-0.3367773,10.753623900000001,0.2083146574290744,3,1.230516598057726,-1.8133117597496826,3,-2.7817354580386504
6.391,0.10477080000000001,-0.31284090000000003,10.7057511,0.22513751470011556,3,1.0514285794400715,-1.809844142372649,3,-2.810720705255629
6.407,0.142245,-0.31284090000000003,10.6668054,0.24061119335997994,3,0.9671049162415226,-1.8061181527081682,3,-2.8396484036162755
6.422,0.10477080000000001,-0.34580249999999996,10.6668054,0.25572169494193453,3,1.0073667721303277,-1.802395656045904,3,-2.8667122571819306
6.438,0.10477080000000001,-0.3532581,10.707222600000001,0.27145480285567913,3,0.9833192446090369,-1.798178244063523,3,-2.895516848382806
6.454,0.10477080000000001,-0.3532581,10.707222600000001,0.2868041764300653,3,0.9593358483991334,-1.793712172229237,3,-2.924251971713148
6.469,0.1272357,-0.3532581,10.686229200000001,0.3012733887432262,3,0.9646141542106897,-1.7893015904904372,3,-2.9511245749335466
6.485,0.145188,-0.3427614,10.686229200000001,0.31538693881205937,3,0.8820968793020737,-1.784368307869995,3,-2.97971393412043
6.5,0.145188,-0.34580249999999996,10.7760888,0.3313490043988665,3,1.0641377057871646,-1.7795177882959132,3,-3.0064430798416737
6.516,0.1317483,-0.2664396,10.707222600000001,0.34518355997278505,3,0.8646597233699086,-1.77410552778094,3,-3.0348720663702884
6.532,0.10928340000000002,-0.2664396,10.746168299999999,0.35962407544415065,3,0.9025322169603492,-1.7684670666976046,3,-3.0632126471261167
6.547,0.0898596,-0.24544620000000003,10.746168299999999,0.3736958037957585,3,0.938115223440544,-1.7629671676033054,3,-3.089698403883373
6.563,0.0898596,-0.3023442,10.734200099999999,0.38716789562228016,3,0.8420057391576022,-1.756880258007961,3,-3.117857183288263
6.579,0.0793629,-0.3023442,10.756665000000002,0.4008570753767504,3,0.8555737346543905,-1.7505760582399688,3,-3.1459168338182466
6.594,0.1571562,-0.3262806,10.756665000000002,0.4142502732938098,3,0.8928798611372593,-1.7444627531249393,3,-3.1721296249034845
6.61,0.1571562,-0.315882,10.7476398,0.4270892330422793,3,0.8024349842793426,-1.7377320370742506,3,-3.199987183225078
6.625,0.1511721,-0.315882,10.7416557,0.4394670787901216,3,0.8251897165228367,-1.7312328647355077,3,-3.2260044199886506
6.641,0.0898596,-0.34128990000000003,10.7416557,0.4515452034729801,3,0.7548827926786565,-1.724104766477403,3,-3.253647121038354
6.657,0.08377740000000002,-0.3307932,10.6907418,0.46207836299856986,3,0.658322470349359,-1.7167957779456307,3,-3.281174325393738
6.672,0.08377740000000002,-0.3098979,10.6982955,0.47252350587355707,3,0.6963428583324957,-1.70978626392909,3,-3.306873690707798
6.688,0.1107549,-0.3098979,10.777560300000001,0.4846522491322425,3,0.7580464536678371,-1.7021288578890434,3,-3.3341690116823433
6.704,0.1107549,-0.3427614,10.777560300000001,0.4965094267499932,3,0.7410736011094203,-1.6942795644819855,3,-3.3613402790613116
6.719,0.1107549,-0.34128990000000003,10.7266464,0.5068351550192443,3,0.6883818846167102,-1.686754480118716,3,-3.3866980343958177
6.735,0.11526750000000001,-0.34128990000000003,10.7820729,0.5182613032810703,3,0.7141342663641297,-1.6785537084523134,3,-3.413620499904386
6.75,0.11673900000000001,-0.37425150000000007,10.7820729,0.5294358110405302,3,0.7449671839640044,-1.6706959800949015,3,-3.43873987256849
6.766,0.11673900000000001,-0.36826739999999997,10.8119934,0.5410620490632247,3,0.7266398764184105,-1.6621319972140713,3,-3.465402496386962
6.782,0.0898596,-0.36826739999999997,10.7955126,0.5519967370514589,3,0.6834179992646344,-1.653387526925154,3,-3.4919266525800756
6.797,0.1586277,-0.3262806,10.7955126,0.562651094190068,3,0.7102904759072866,-1.6450276681908427,3,-3.516664766543445
6.813,0.145188,-0.32333760000000006,10.8509391,0.5743899619782766,3,0.73367923676304,-1.6359313397414958,3,-3.542912438606904
6.829,0.145188,-0.3143124,10.785114,0.5842313828382313,3,0.6150888037471652,-1.6266623689829638,3,-3.5690131882766996
6.844,0.11821050000000001,-0.3143124,10.8134649,0.5945158895368525,3,0.6856337799080569,-1.6178217644401502,3,-3.593346819277374
6.86,0.145188,-0.3173535,10.8134649,0.6045597296699405,3,0.6277400083180001,-1.608229159486496,3,-3.619155226668787
6.875,0.145188,-0.36375480000000004,10.7970822,0.6139949037798296,3,0.629011607325949,-1.599089999735623,3,-3.6432101203629523
6.891,0.1257642,-0.36375480000000004,10.707222600000001,0.6210037164219795,3,0.4380507901343696,-1.5892100107740084,3,-3.6687165204470293
6.907,0.1287072,-0.3712104,10.707222600000001,0.6278486717836564,3,0.4278097101048091,-1.5792191916683633,3,-3.6940639540665683
6.922,0.10477080000000001,-0.4027005000000001,10.8030663,0.6368839572349057,3,0.6023523634166268,-1.5697336969507243,3,-3.7176811007312107
6.938,0.10477080000000001,-0.4027005000000001,10.8030663,0.6456988698702695,3,0.5509320397102386,-1.559473034333883,3,-3.7427147545814874
6.954,0.1212516,-0.37268190000000007,10.8030663,0.6542767299287302,3,0.5361162536537951,-1.549073229535491,3,-3.7675831246924423
6.969,0.11526750000000001,-0.3592422,10.7416557,0.6611357780878269,3,0.45726987727309326,-1.5392076357253663,3,-3.7907452311818997
6.985,0.11526750000000001,-0.3278502,10.731159000000002,0.6675471755181572,3,0.40071233939564765,-1.5285781720965184,3,-3.815287517644475
7.0,0.0763218,-0.3278502,10.7715762,0.6747790247598129,3,0.48212328277705374,-1.518510725594434,3,-3.8381406843771564
7.016,0.0688662,-0.30685680000000004,10.7715762,0.6818181837554693,3,0.43994743722852686,-1.5076579479263117,3,-3.8623500337653223
7.032,0.0688662,-0.2814489,10.7237034,0.6875015343867119,3,0.3552094144526615,-1.4967033901811742,3,-3.8863849244701822
7.047,0.0928026,-0.2814489,10.749111300000001,0.6936701347469523,3,0.4112400240160329,-1.4863446026626719,3,-3.9087577844165105
7.063,0.1332198,-0.2769363,10.749111300000001,0.6996957838367397,3,0.3766030681117135,-1.4751976753140024,3,-3.932450122640324
7.079,0.1332198,-0.2948886,10.8179775,0.7072650150999991,3,0.4730769539537101,-1.4639419889225085,3,-3.955963239954216
7.094,0.1078119,-0.2948886,10.7910981,0.713987411766352,3,0.4481597777568492,-1.4532825957210105,3,-3.9778424243390433
7.11,0.08534699999999999,-0.2843919,10.7910981,0.7205340767094004,3,0.40916655894052095,-1.4418064238132045,3,-4.001003136495317
7.125,0.08534699999999999,-0.2843919,10.7910981,0.7269210668977397,3,0.42579934588929746,-1.430950510236151,3,-4.022548813500687
7.141,0.11978010000000001,-0.3053853,10.8179775,0.7338295352943565,3,0.4317792747885459,-1.4192645054186144,3,-4.045350533625925
7.157,0.1437165,-0.3083283,10.774617300000001,0.7395216049914861,3,0.355754356070603,-1.4074776962963276,3,-4.0679644712396446
7.188,0.145188,-0.34128990000000003,10.774617300000001,0.7450995468525665,3,0.1799336084219503,-1.384466068442745,3,-4.1112395995931
7.204,0.1272357,-0.37268190000000007,10.7057511,0.7488827258956778,3,0.23644869019445713,-1.372514210260759,3,-4.133295441822728
7.219,0.1482291,-0.3652263,10.7057511,0.7525739526039565,3,0.24608178055190436,-1.3612532851720114,3,-4.153798698038475
7.235,0.1482291,-0.344331,10.767063600000002,0.7576527872932601,3,0.31742716808147414,-1.3491714712528335,3,-4.1754820960898735
7.25,0.1482291,-0.344331,10.767063600000002,0.7626077479657507,3,0.3303307114993785,-1.3377695172383912,3,-4.1956341535035575
7.266,0.10928340000000002,-0.344331,10.743127200000002,0.7668470178313616,3,0.26495436660067795,-1.3255338791120144,3,-4.216940580674361
7.282,0.1002582,-0.3907323,10.777560300000001,0.7718586808580312,3,0.31322893916685385,-1.3132242335224993,3,-4.238050645575437
7.297,0.0434583,-0.3817071,10.777560300000001,0.7767309944983687,3,0.324820909355838,-1.3016098109573266,3,-4.257661900909035
7.313,0.0434583,-0.3622833,10.7266464,0.7802270412284997,3,0.2185029206331899,-1.2891541466715117,3,-4.2783880125700655
7.329,0.049442400000000004,-0.3622833,10.7820729,0.7849895353687852,3,0.2976558837678442,-1.2766324140587335,3,-4.2989143050559075
7.344,0.10928340000000002,-0.33981839999999996,10.7820729,0.7896287784776153,3,0.30928287392198933,-1.264822776704885,3,-4.317975218986636
7.36,0.10928340000000002,-0.3053853,10.7940411,0.7944215294103891,3,0.2995469332983666,-1.252150374241781,3,-4.338111004194209
7.375,0.1526436,-0.3053853,10.7701047,0.7985266870901402,3,0.27367717865007646,-1.2402032626180273,3,-4.356803656470658
7.391,0.1317483,-0.32932170000000005,10.7701047,0.8025421875604248,3,0.2509687793927904,-1.2273947116208228,3,-4.376544440264569
7.407,0.1317483,-0.31136939999999996,10.728216,0.8054255614019219,3,0.18021086509356615,-1.214530969629124,3,-4.396079845714568
7.422,0.1526436,-0.31136939999999996,10.728216,0.8082453605994697,3,0.18798661316985887,-1.202428437714114,3,-4.414207041269642
7.438,0.09584369999999999,-0.3503151,10.7177193,0.8107537560450275,3,0.15677471534736295,-1.1894764447809578,3,-4.433342280329603
7.454,0.0898596,-0.3427614,10.7177193,0.8131937537454128,3,0.15249985627407966,-1.1764848647026342,3,-4.452269970805472
7.469,0.0898596,-0.31136939999999996,10.6787736,0.8146014263476591,3,0.09384484014974839,-1.1642764008519357,3,-4.469825680297132
7.485,0.1212516,-0.31136939999999996,10.707222600000001,0.8166758696328316,3,0.12965270532327977,-1.1512261824840917,3,-4.48834970096382
7.5,0.0928026,-0.3008727,10.707222600000001,0.8186854678669881,3,0.13397321561044181,-1.1389609724528433,3,-4.505526104625846
7.516,0.0928026,-0.3278502,10.686229200000001,0.8201535862394973,3,0.09175739828182197,-1.1258502600199913,3,-4.523644594485629
7.532,0.1257642,-0.2889045,10.731159000000002,0.8226620906070021,3,0.15678152296905154,-1.1127077346052194,3,-4.541553058442631
7.547,0.1257642,-0.2889045,10.731159000000002,0.8251094119411544,3,0.16315475561015438,-1.1003494483361085,3,-4.55815098731469
7.563,0.1257642,-0.3039138,10.7102637,0.8269977478142838,3,0.11802099207058869,-1.087132591058065,3,-4.575650843629844
7.579,0.142245,-0.3039138,10.8060093,0.8311791770650885,3,0.2613393281752916,-1.07386717565903,3,-4.592938841763581
7.594,0.1721655,-0.315882,10.7146782,0.8330512545930819,3,0.12480516853289222,-1.0613854474215931,3,-4.608953236436686
7.61,0.142245,-0.3218661,10.7146782,0.8348713117263795,3,0.11375357083109873,-1.0480420668910375,3,-4.625828656551187
7.625,0.142245,-0.3338343,10.734200099999999,0.8371317756718994,3,0.15069759636799857,-1.0355020437355507,3,-4.641455237380886
7.641,0.11526750000000001,-0.3338343,10.7387127,0.8394392221181128,3,0.14421540288833676,-1.0220894757532306,3,-4.657915969536797
7.657,0.1107549,-0.37866600000000006,10.7387127,0.8417254845099169,3,0.1428913994877544,-1.0086401581002065,3,-4.674161806607624
7.672,0.1107549,-0.37572300000000003,10.744696800000002,0.8440993215339017,3,0.1582558015989866,-0.9959964720548782,3,-4.689196581333787
7.688,0.1212516,-0.37572300000000003,10.756665000000002,0.8467097329679749,3,0.1631507146295784,-0.982469999618863,3,-4.705024313107177
7.704,0.1062423,-0.3562992,10.756665000000002,0.8492364973124751,3,0.1579227715312602,-0.9689024297766194,3,-4.720635292542341
7.719,0.1062423,-0.3891627,10.6982955,0.8503067490130629,3,0.07135011337251942,-0.9561558554291775,3,-4.735073229681385
7.735,0.10477080000000001,-0.3891627,10.7251749,0.852005674907554,3,0.10618286840569081,-0.9425373560378125,3,-4.750262775373121
7.75,0.0973152,-0.3891627,10.6937829,0.8528963296389449,3,0.0593769820927305,-0.929750591003714,3,-4.764304934975931
7.766,0.1032993,-0.33824879999999996,10.6937829,0.8537244207657082,3,0.051755695422706034,-0.9160976250004768,3,-4.779071720703965
7.782,0.1032993,-0.3143124,10.6923114,0.8544786376880431,3,0.047138557645931514,-0.9024320005328468,3,-4.7936199577082315
7.797,0.0898596,-0.3143124,10.707222600000001,0.8555750177884764,3,0.07309200669555731,-0.8896065981167731,3,-4.807060247198104
7.813,0.0898596,-0.3143124,10.707222600000001,0.8566446569108503,3,0.06685244514836869,-0.8759088407191785,3,-4.821184370708791
7.829,0.12272310000000002,-0.2814489,10.707222600000001,0.8576738710768073,3,0.06432588537230716,-0.8621942924952772,3,-4.835089195774507
7.844,0.1302768,-0.2994012,10.563506100000001,0.8551883999743808,3,-0.1656980734950919,-0.8493478254623928,3,-4.84792576165919
7.86,0.1032993,-0.3202965,10.563506100000001,0.8527712205644828,3,-0.15107371311862114,-0.8356841484980819,3,-4.861406017450874
7.875,0.1032993,-0.3202965,10.563506100000001,0.8504129967499487,3,-0.15721492096894332,-0.822910266868224,3,-4.873845475566121
7.891,0.1032993,-0.34128990000000003,10.587442500000002,0.8487117992168507,3,-0.10632484581862824,-0.8093172685004896,3,-4.886903295849071
7.907,0.1377324,-0.34128990000000003,10.5455538,0.8460405919880643,3,-0.16695045179915255,-0.7957592493708503,3,-4.8997439079920415
7.922,0.08377740000000002,-0.3053853,10.4812002,0.8418249976160936,3,-0.28103962479804667,-0.7831002574488194,3,-4.911585354293189
7.938,0.10182780000000001,-0.3503151,10.4812002,0.8377503784205853,3,-0.2546636997192706,-0.769663654440526,3,-4.9240074655883035
7.954,0.10182780000000001,-0.3338343,10.463247899999999,0.8333244106761644,3,-0.2766229840263088,-0.7562950561277519,3,-4.93621513527285
7.969,0.113796,-0.3338343,10.4243022,0.8280600455336327,3,-0.35095767616876683,-0.743834672706178,3,-4.947466108239104
7.985,0.1032993,-0.3771945,10.4243022,0.8229574599897216,3,-0.31891159649444195,-0.7306265326619912,3,-4.95926179788205
8.0,0.1032993,-0.3876912,10.500624,0.8198488536841975,3,-0.20724042036827905,-0.718305485309437,3,-4.970128788016836
8.016,0.1287072,-0.3876912,10.385356500000002,0.814013654077554,3,-0.3646999754152166,-0.7052345852473431,3,-4.98151710858129
8.032,0.10477080000000001,-0.34128990000000003,10.3434678,0.8072534552426447,3,-0.4225124271818311,-0.6922644483727814,3,-4.9926971008502505
8.047,0.1002582,-0.34128990000000003,10.295595000000002,0.7994901128939809,3,-0.5175561565775688,-0.6802138716117563,3,-5.002990688250135
8.063,0.1002582,-0.34128990000000003,10.295595000000002,0.7919161203586995,3,-0.47337453345508385,-0.6674826217457348,3,-5.013772260196995
8.079,0.1122264,-0.33981839999999996,10.3360122,0.7855138760411062,3,-0.40014026984958007,-0.6548631817745364,3,-5.024351026625157
8.094,0.10182780000000001,-0.2934171,10.3360122,0.7792305094000458,3,-0.41889110940406304,-0.6431275988837287,3,-5.034085957480094
8.11,0.10182780000000001,-0.3143124,10.3300281,0.7729694920625789,3,-0.3913135835916789,-0.6307099988720277,3,-5.04427665826214
8.125,0.1287072,-0.3143124,10.2881394,0.7658473724975075,3,-0.4748079710047468,-0.6191688723878266,3,-5.0536507497965895
8.141,0.1107549,-0.30685680000000004,10.2881394,0.7588883833648055,3,-0.4349368207938738,-0.606970986340928,3,-5.06345986866642
8.157,0.1107549,-0.2709522,10.244681100000001,0.7510150174364902,3,-0.492085370519701,-0.5948917591345176,3,-5.073074770630223
8.172,0.1212516,-0.2709522,10.237225500000001,0.7431548150150213,3,-0.5240134947645734,-0.5836854853911309,3,-5.081914099964165
8.188,0.11978010000000001,-0.2889045,10.237225500000001,0.735497870158218,3,-0.4785590535502089,-0.571856263909745,3,-5.091158433958572
8.204,0.11978010000000001,-0.3338343,10.171302299999999,0.7264540803993125,3,-0.5652368599315943,-0.5601606483052847,3,-5.100214569256292
8.219,0.1032993,-0.3503151,10.1877831,0.7180416881979657,3,-0.5608261467564998,-0.5493269300408059,3,-5.108535726093887
8.235,0.10928340000000002,-0.3503151,10.145894400000001,0.7088149873416896,3,-0.5766688035172546,-0.5379120766364887,3,-5.117233638147305
8.25,0.142245,-0.3427614,10.145894400000001,0.6998169981642537,3,-0.5998659451623695,-0.5273473367451936,3,-5.125223083747668
8.266,0.142245,-0.32333760000000006,10.1518785,0.6911687959972159,3,-0.54051263543986,-0.5162194503919019,3,-5.1335716180447655
8.297,0.0718092,-0.34580249999999996,10.1204865,0.6819662774921884,3,-0.2968554356460432,-0.4949358567528162,3,-5.149244525305509
8.313,0.0718092,-0.33226469999999997,10.0994931,0.6724654109054597,3,-0.5938041616705408,-0.4841004032456351,3,-5.157076815385496
8.329,0.1392039,-0.33226469999999997,10.0755567,0.6626299917848826,3,-0.6147136950360726,-0.47341964002411235,3,-5.164736975731654
8.344,0.1317483,-0.318825,10.0755567,0.6530214325823245,3,-0.6405706135039247,-0.4635522543413591,3,-5.1717642649393945
8.36,0.1317483,-0.3173535,10.0770282,0.6436819654679962,3,-0.5837166946455191,-0.4531786271569565,3,-5.179098111991381
8.375,0.0973152,-0.318825,10.005219,0.6328114031236574,3,-0.7247041562892264,-0.44360492689251874,3,-5.185823988646753
8.391,0.11526750000000001,-0.318825,10.0545633,0.6234134580525765,3,-0.5873715669425511,-0.43355512800310886,3,-5.192841269085918
8.407,0.145188,-0.33981839999999996,10.0545633,0.6142709377834219,3,-0.5714075168221638,-0.42365365283642087,3,-5.199698939332634
8.422,0.145188,-0.3652263,10.0306269,0.6047897495686811,3,-0.6320792143160263,-0.41451069768127974,3,-5.205985171961516
8.438,0.11526750000000001,-0.3652263,9.999234900000001,0.5947652430384327,3,-0.6265316581405272,-0.40491425774042283,3,-5.21254057160489
8.454,0.1078119,-0.3547296,9.999234900000001,0.584973999456091,3,-0.6119527238963579,-0.39547634380046665,3,-5.218943696417218
8.469,0.1078119,-0.3053853,10.0141461,0.5757453621298403,3,-0.6152424884167613,-0.38677094858857286,3,-5.224810551110135
8.485,0.1392039,-0.3053853,10.0066905,0.5665695097427879,3,-0.5734907741907763,-0.37763242961359184,3,-5.230925778135752
8.5,0.1392039,-0.3053853,10.0066905,0.5576174586334677,3,-0.5968034072879894,-0.3692010273507696,3,-5.2365270290629855
8.516,0.1287072,-0.36071369999999997,10.0066905,0.5489252102894557,3,-0.543265521500746,-0.3603486859993862,3,-5.242363426769787
8.532,0.0868185,-0.31136939999999996,9.9707859,0.5395183177300442,3,-0.5879307849632193,-0.3516411377752302,3,-5.248059345359984
8.547,0.1257642,-0.31136939999999996,9.9303687,0.5293657577083781,3,-0.6768373347777137,-0.3436245072094417,3,-5.253273837697369
8.563,0.1257642,-0.31136939999999996,9.9303687,0.5194608211018732,3,-0.6190585379065577,-0.3352338945789597,3,-5.258704704911676
8.579,0.09133110000000001,-0.347274,9.9303687,0.509817317702467,3,-0.6027189624628887,-0.326999669468525,3,-5.264002573424056
8.594,0.09133110000000001,-0.34580249999999996,9.9258561,0.5002977779986466,3,-0.6346359802547415,-0.3194238062507673,3,-5.268850749491951
8.61,0.1212516,-0.34580249999999996,9.901919700000002,0.49043481551732704,3,-0.6164351550824726,-0.3114979455026395,3,-5.273898123505978
8.625,0.17510850000000003,-0.3532581,9.901919700000002,0.48083847028586035,3,-0.6397563487644214,-0.3042133958591153,3,-5.278515958566191
8.641,0.17510850000000003,-0.2858634,9.9033912,0.4714590392986686,3,-0.5862144366994831,-0.296595015782439,3,-5.283322425859324
8.657,0.15421320000000002,-0.2858634,9.839037600000001,0.46073115498591655,3,-0.6704927695470037,-0.2891374942281623,3,-5.288008285939409
8.672,0.09878670000000002,-0.3098979,9.839037600000001,0.45026529297743423,3,-0.6977241338987948,-0.28230502086843695,3,-5.292294104802633
8.688,0.09878670000000002,-0.3218661,9.888480000000001,0.44126927257392623,3,-0.5622512752192494,-0.27517274434402605,3,-5.296753926924333
8.704,0.09427410000000001,-0.34580249999999996,9.8495343,0.43156202161542545,3,-0.6067031849062982,-0.26819009399051125,3,-5.301100829631009
8.719,0.1482291,-0.34580249999999996,9.8285409,0.42159606158013396,3,-0.6643973356861527,-0.2617914083665451,3,-5.305075690898687
8.735,0.0928026,-0.3427614,9.8285409,0.4118540124691279,3,-0.6088780694378787,-0.255123807774151,3,-5.309211012627813
8.75,0.0928026,-0.33824879999999996,9.8196138,0.4021281681678204,3,-0.6483896200871433,-0.24901894141937364,3,-5.3129920832467645
8.766,0.1212516,-0.33824879999999996,9.7851807,0.39180782941661185,3,-0.6450211719505322,-0.2426674534386982,3,-5.316925574405629
8.782,0.1302768,-0.3083283,9.7851807,0.3817179383017759,3,-0.6306181946772454,-0.23647924729695108,3,-5.320758748011515
8.813,0.1317483,-0.34580249999999996,9.8076456,0.3724526865816138,3,-0.29887908774715977,-0.22478960261125833,3,-5.327908415185092
8.813,0.1317483,-0.34580249999999996,9.8076456,0.3634134166107241,3,0.0,-0.22478960261125833,3,-5.327908415185092
8.829,0.13469129999999999,-0.32333760000000006,9.8076456,0.3545769121473725,3,-0.5522815289594747,-0.21904567998119354,3,-5.331459097445832
8.844,0.15568469999999998,-0.3173535,9.8091171,0.3459946099975788,3,-0.5721534766529607,-0.21379139356510682,3,-5.334705375497428
8.86,0.15568469999999998,-0.37572300000000003,9.8225568,0.3379994057808702,3,-0.49970026354428887,-0.20831944143887923,3,-5.33808226217746
8.875,0.0868185,-0.37572300000000003,9.8196138,0.3301067640811226,3,-0.5261761133164848,-0.2033086451649141,3,-5.341169472826989
8.891,0.1002582,-0.36375480000000004,9.8196138,0.32239876304333137,3,-0.4817500648619517,-0.19808860094791847,3,-5.344380650795892
8.907,0.1002582,-0.31136939999999996,9.7986204,0.3143231183668522,3,-0.504727792279946,-0.192994825896637,3,-5.347509318210649
8.922,0.113796,-0.31136939999999996,9.8464932,0.30761500998406177,3,-0.44720722551934683,-0.18833028993400497,3,-5.350369256579379
8.938,0.1870767,-0.3622833,9.8464932,0.30114025081262064,3,-0.40467244821507065,-0.1834602478476315,3,-5.353343580881632
8.954,0.1870767,-0.34128990000000003,9.833053500000002,0.2944775926307397,3,-0.41641613636755853,-0.17869530510008463,3,-5.356240825305214
8.969,0.16912439999999998,-0.34128990000000003,9.854046900000002,0.28848116489313647,3,-0.39976184917358065,-0.17432311441865592,3,-5.3588884634516045
8.985,0.1377324,-0.34580249999999996,9.854046900000002,0.2826229132067617,3,-0.3661407303984229,-0.16975428179385674,3,-5.361641082621305
9.0,0.0703377,-0.3202965,9.7866522,0.2752263324427666,3,-0.49310538426631967,-0.16557041245148513,3,-5.3641560178281456
9.016,0.0703377,-0.35777070000000005,9.8734707,0.27015786877767844,3,-0.3167789790680106,-0.16120733884172156,3,-5.366770239838491
9.032,0.0928026,-0.35777070000000005,9.8734707,0.265217549755139,3,-0.3087699389087148,-0.15692433549345902,3,-5.369315293233172
9.047,0.0373761,-0.36669779999999996,9.8734707,0.26039680314389635,3,-0.32138310741616477,-0.1529822278467161,3,-5.371639592458224
9.063,0.0373761,-0.3039138,9.827069400000001,0.2545104697599818,3,-0.36789583649465796,-0.14886296966348508,3,-5.3740543540383054
9.079,-0.020993400000000002,-0.3039138,9.803133,0.24818298574447262,3,-0.3954677509693246,-0.14484142201944944,3,-5.376403989171769
9.094,0.08829,-0.2484873,9.803133,0.2419809032701128,3,-0.41347216495735506,-0.14116519285184034,3,-5.378549038783304
9.11,0.08829,-0.30685680000000004,9.8016615,0.2359345264410262,3,-0.377898551817912,-0.13734186941415122,3,-5.380777095281432
9.125,0.142245,-0.30685680000000004,9.827069400000001,0.23067042659452675,3,-0.35093998976661656,-0.13384233226638445,3,-5.382810976794036
9.141,0.1302768,-0.21709530000000002,9.827069400000001,0.22547233686256796,3,-0.324880608247424,-0.13019319015872768,3,-5.384923260973437
9.157,0.1302768,-0.21709530000000002,9.827069400000001,0.2204010298069985,3,-0.31695669097309115,-0.12662620322537113,3,-5.38697781612051
9.172,0.1646118,-0.2529999,9.8285409,0.21552278373782663,3,-0.32521640461144535,-0.12335677462378483,3,-5.388852688454379
9.188,0.1646118,-0.2709522,9.7821396,0.20964403660583564,3,-0.3674216957494366,-0.11995544006103553,3,-5.390799186171857
9.204,0.1856052,-0.2709522,9.842078700000002,0.20537894541754653,3,-0.26656819926806885,-0.11663525620484848,3,-5.392691911741984
9.219,0.2604555,-0.3262806,9.842078700000002,0.20130013516741485,3,-0.271920683342134,-0.11358516310046152,3,-5.394418564886774
9.235,0.2604555,-0.3592422,9.848062800000001,0.19749458511203777,3,-0.23784687846106745,-0.11039480533822589,3,-5.396210404634283
9.25,0.1661814,-0.3592422,9.8136297,0.19289294035757898,3,-0.30677631696390767,-0.10746689889720365,3,-5.397844367416049
9.266,0.173637,-0.3876912,9.8136297,0.18843305954947454,3,-0.2787425505065275,-0.10441629089794723,3,-5.39953943293441
9.282,0.173637,-0.41908320000000004,9.806076000000001,0.18392935713011482,3,-0.2814814012099817,-0.10143739156451051,3,-5.40118626239411
9.297,0.1437165,-0.41908320000000004,9.830012400000001,0.18010692584456756,3,-0.2548287523698082,-0.09870711944220029,3,-5.40268734622666
9.313,0.1062423,-0.48951900000000004,9.830012400000001,0.17644542172150857,3,-0.22884400769118665,-0.09585470066167168,3,-5.404243840787491
9.329,0.1122264,-0.4460607,9.821085300000002,0.1726069655871072,3,-0.23990350840008534,-0.09306228156320275,3,-5.4057551766452905
9.344,0.1122264,-0.42957990000000007,9.7866522,0.16800525780245046,3,-0.30678051897714065,-0.09050768988778127,3,-5.407131951431173
9.36,0.052385400000000006,-0.42957990000000007,9.8615025,0.16532737267568187,3,-0.16736782042303652,-0.08784102884395621,3,-5.408558741181027
9.375,0.0478728,-0.40417200000000003,9.8615025,0.1626880697505868,3,-0.1759535283396644,-0.0853809130257591,3,-5.40985790574505
9.391,0.0478728,-0.3218661,9.8974071,0.16091454077163192,3,-0.11084556118468027,-0.08279209214158136,3,-5.411203289786389
9.407,0.1078119,-0.3218661,9.8046045,0.15693362460869942,3,-0.24880726018328114,-0.0802493068185387,3,-5.4125076209780705
9.422,0.0898596,-0.2634966,9.8046045,0.15300291571736935,3,-0.26204725942199475,-0.0779247827660931,3,-5.413693926649955
9.438,0.0898596,-0.18109260000000002,9.854046900000002,0.15032818066821463,3,-0.16717094057216983,-0.07549813399500843,3,-5.414921309984044
9.454,0.1032993,-0.18109260000000002,9.7971489,0.14633445130085931,3,-0.24960808545970692,-0.07312483293925584,3,-5.416110293719519
9.469,0.0973152,-0.2065986,9.7986204,0.14248482221192127,3,-0.25664193926255696,-0.07095868838791015,3,-5.417190920129473
9.485,0.08083440000000001,-0.24397470000000002,9.7986204,0.13874638654530713,3,-0.23365222916338338,-0.06870883871785233,3,-5.418308260346319
9.5,0.08083440000000001,-0.2754648,9.7656588,0.13431588666086292,3,-0.29536665896293657,-0.06666087166880597,3,-5.419323533174219
9.516,0.0748503,-0.2754648,9.711801900000001,0.1286792658386844,3,-0.3522888013861577,-0.0645569104488096,3,-5.42037327543116
9.532,0.1392039,-0.2843919,9.711801900000001,0.12320368557481487,3,-0.34222376649184455,-0.0625418468375016,3,-5.421390065489451
9.547,0.1078119,-0.34580249999999996,9.8105886,0.12030826600508959,3,-0.19302797131501115,-0.06071550720065225,3,-5.422314495644737
9.563,0.1078119,-0.34580249999999996,9.8105886,0.11748346642486851,3,-0.17654997376381748,-0.05881317334121258,3,-5.423270725089072
9.579,0.12272310000000002,-0.42957990000000007,9.8105886,0.11481251290678074,3,-0.16693459488048554,-0.05695480550655939,3,-5.4241968689198545
9.594,0.12272310000000002,-0.4685256,9.7791966,0.1114854102728895,3,-0.2218068422594341,-0.055257571082711995,3,-5.425038461744274
9.61,0.1257642,-0.4685256,9.783611100000002,0.10834793624768047,3,-0.19609212657556424,-0.053498904310547435,3,-5.425908513547419
9.625,0.17069399999999998,-0.46401300000000006,9.860031000000001,0.10715987222462786,3,-0.07920426820350393,-0.05188259574700506,3,-5.426698874797851
9.641,0.1287072,-0.4235958000000001,9.860031000000001,0.1059409344936082,3,-0.07618360818872898,-0.05017778929325917,3,-5.427515357878173
9.657,0.1287072,-0.4116276,9.830012400000001,0.10400791618016036,3,-0.12081364459048938,-0.048498198487869015,3,-5.428304765780422
9.672,0.1437165,-0.4116276,9.827069400000001,0.1020554024390723,3,-0.13016758273919965,-0.046952723598224715,3,-5.429020647696068
9.688,0.16166880000000003,-0.38621970000000005,9.827069400000001,0.10013217526177876,3,-0.12020169858084617,-0.045335222976617906,3,-5.429758951268666
9.704,0.16166880000000003,-0.32333760000000006,9.777627,0.09699543664191879,3,-0.1960461637412479,-0.04375820208138832,3,-5.43047169866913
9.719,0.1721655,-0.32333760000000006,9.749178,0.09324618119650374,3,-0.2499503630276898,-0.042331389947600266,3,-5.431117370609348
9.735,0.1437165,-0.2484873,9.749178,0.08952362719229434,3,-0.23265962526308728,-0.04086923148048988,3,-5.431782975580773
9.75,0.1437165,-0.24701580000000004,9.8016615,0.0871704942058642,3,-0.15687553242867003,-0.039544025570003645,3,-5.432386075008651
9.766,0.08829,-0.24701580000000004,9.8046045,0.08493051635811177,0,-0.13999861548452663,-0.03766721748549184,3,-5.433003764953095
9.782,0.056898,-0.2934171,9.845021700000002,0.08375601307396074,0,-0.07340645525943927,-0.03581772525003526,3,-5.433591644494979
9.797,0.0688662,-0.2754648,9.845021700000002,0.08259937479002666,0,-0.07710921892893614,-0.0340700598410553,3,-5.434115802883162
9.813,0.0688662,-0.2754648,9.845021700000002,0.08147094719594428,0,-0.0705267246301488,-0.03225749726516754,3,-5.434646423340012
9.829,0.1078119,-0.2514303,9.836094600000001,0.08014523182090194,0,-0.0828572109401459,-0.030464567833032766,3,-5.435148199860797
9.844,0.1122264,-0.3173535,9.836094600000001,0.07889952098635789,0,-0.08304738896961042,-0.028771732186978413,3,-5.435592472110947
9.86,0.1122264,-0.3262806,9.845021700000002,0.0779089133139017,0,-0.0619129795285111,-0.02701726471257633,3,-5.4360387840861435
9.875,0.1122264,-0.3262806,9.845021700000002,0.07694246680418715,0,-0.06442976731430143,-0.02535587936169062,3,-5.4364315826667005
9.891,0.1257642,-0.3262806,9.831582000000001,0.07567598993183289,0,-0.07915480452214123,-0.02363493170780246,3,-5.436823509155256
9.907,0.1511721,-0.3008727,9.831582000000001,0.07442937201067146,0,-0.07791362007258933,-0.02193408881226242,3,-5.437188061319417
9.922,0.1511721,-0.2858634,9.843550200000001,0.073493991689908,0,-0.06235868805089477,-0.020324663584508032,3,-5.437505001962393
9.938,0.1062423,-0.3143124,9.7911648,0.0713112829468745,0,-0.13641929643959372,-0.018666221387413775,3,-5.437816929042168
9.954,0.142245,-0.3143124,9.752219100000001,0.06824364342986655,0,-0.19172746981299654,-0.017049781976399846,3,-5.438102657069079
9.969,0.0973152,-0.36669779999999996,9.752219100000001,0.06528195476185239,0,-0.19744591120096003,-0.015548339989962034,3,-5.438347142983827
9.985,0.0973152,-0.40711500000000006,9.8046045,0.06370810299924656,0,-0.09836573516286409,-0.01401641952787324,3,-5.43858366105997
10.0,0.1032993,-0.40711500000000006,9.8615025,0.0635606215035871,0,-0.00983209971063048,-0.01256190409410195,3,-5.4387829984871345
10.016,0.1377324,-0.33530580000000004,9.8615025,0.06336111604963612,0,-0.012469090871936029,-0.011046530193676164,3,-5.438971865961436
10.032,0.1377324,-0.3218661,9.871999200000001,0.06341141753000556,0,0.0031438425230900765,-0.009532349925039027,3,-5.439136497002386
10.047,0.0614106,-0.3218661,9.8824959,0.0636976038830337,0,0.0190790902018745,-0.008079032264441198,3,-5.439268582368808
10.063,0.1062423,-0.3876912,9.8824959,0.06404367572130276,0,0.021629489891816768,-0.006557102027606503,3,-5.439385671443144
10.079,0.11978010000000001,-0.4311495000000001,9.889951500000002,0.0646106093300105,0,0.035433350544233876,-0.005027867747195994,3,-5.439478351201343
10.094,0.11978010000000001,-0.4176117,9.907903800000001,0.065587000676949,0,0.06509275646257183,-0.0035513856721438764,3,-5.439542695601988
10.11,0.1002582,-0.4176117,9.9392958,0.06729923792348025,0,0.10701482790820273,-0.0019882957633404422,3,-5.439587013053472
10.125,0.1302768,-0.34580249999999996,9.9392958,0.0689109897830189,0,0.10745012396923974,-0.00046671905554166197,3,-5.439605425664613
10.141,0.1302768,-0.31284090000000003,9.943808400000002,0.07056680984116781,0,0.10348875363430644,0.00014910334145183278,3,-5.439607966590326
10.157,0.145188,-0.31284090000000003,9.783611100000002,0.06828241376408073,0,-0.1427747548179424,0.000759897130293819,3,-5.439600694586551
10.172,0.1721655,-0.3173535,9.783611100000002,0.06606794184856213,0,-0.1476314610345678,0.0012675247973886789,3,-5.439585488922094
10.188,0.1721655,-0.29783160000000003,9.8495343,0.06549941791165104,0,-0.0355327460569432,0.0018200636754703847,3,-5.439560788214311
10.204,0.1272357,-0.29783160000000003,9.8704296,0.06543748120696158,0,-0.0038710440430911285,0.0023675588684192866,0,-5.43952728723396
10.219,0.0643536,-0.34128990000000003,9.8704296,0.06539647569241502,0,-0.0027337009697705455,0.0028488135451645333,0,-5.439488164440858
10.235,0.0359046,-0.2889045,9.7851807,0.063233851635351,0,-0.13516400356650127,0.0033778561637866624,0,-5.4394383510831865
10.25,0.0359046,-0.2769363,9.7911648,0.06126143242580184,0,-0.13149461396993894,0.0038115707942453438,0,-5.4393844303810015
10.266,0.0793629,-0.2769363,9.6758973,0.056533185788026685,0,-0.29551541486094707,0.004253927739955973,0,-5.439319906392728
10.282,0.1362609,-0.2604555,9.6758973,0.051924560540665965,0,-0.28803907796004474,0.004621589710585515,0,-5.439248902253124
10.297,0.1362609,-0.3008727,9.653432400000002,0.04690931537291121,0,-0.3343496778503044,0.004862843779937372,0,-5.439177769001945
10.313,0.1212516,-0.3008727,9.7208271,0.04365436565438152,0,-0.20343435740810525,0.005087353228155714,0,-5.43909816742588
10.329,0.1032993,-0.2963601,9.7208271,0.04047037114404972,0,-0.19899965689573734,0.005260351122543165,0,-5.439015385791074
10.344,0.1032993,-0.3367773,9.759674700000001,0.03834300265354251,0,-0.14182456603382534,0.005351451426025057,0,-5.43893579727196
10.36,0.0973152,-0.3367773,9.771642900000002,0.036557741525244936,0,-0.11157882051859848,0.005450657379455357,0,-5.438849380401517
10.375,0.1571562,-0.37268190000000007,9.771642900000002,0.03486678019835843,0,-0.11273075512576297,0.005486341292382402,0,-5.438767352911478
10.391,0.1317483,-0.37866600000000006,9.7058178,0.03160938368933408,0,-0.20358728181402144,0.005518150603483943,0,-5.4386793169763115
10.407,0.1317483,-0.344331,9.7387794,0.02920363359051059,0,-0.15035938117646794,0.0055046547417227,0,-5.438591134533549
10.422,0.21258269999999999,-0.344331,9.6519609,0.02477570461273082,0,-0.2951952651853069,0.005409499778247024,0,-5.438509278374649
10.438,0.1661814,-0.3173535,9.6519609,0.02041104900188806,0,-0.2727909756776723,0.005270993807163974,0,-5.438423834425966
10.454,0.1661814,-0.3173535,9.6519609,0.016152848405944553,0,-0.26613753724646894,0.005063504986426635,0,-5.438341158435617
10.469,0.1661814,-0.3936753,9.7252416,0.013852613108927159,0,-0.153349019801172,0.004788545947788152,0,-5.43826726805361
10.485,0.1392039,-0.3936753,9.8495343,0.014626933999485559,0,0.048395055659899947,0.004516382324655455,0,-5.438192828627431
10.5,0.1332198,-0.37866600000000006,9.8495343,0.015366011801841495,0,0.04927185349039389,0.004241329418165414,0,-5.43812714578936
10.516,0.1332198,-0.39818790000000004,9.831582000000001,0.015668361322264346,0,0.01889684502642817,0.003989604403158261,0,-5.4380612983187895
10.532,0.10182780000000001,-0.39818790000000004,9.831582000000001,0.01595419217139593,0,0.017864428070724064,0.0037425848311075445,0,-5.437999440804916
