timestamps,acc_x,acc_y,acc_z,aAcc,aStages,aJerk,aVelocity,avStages,aHeight
0.047,0.029920500000000003,-0.35777070000000005,9.845021700000002,0.007482165979020294,0,0.0,0.0,0,0.0
0.063,0.0239364,-0.39220380000000005,9.8405091,0.007403756257209793,0,-0.00490060761315636,0.0,0,0.0
0.078,0.0239364,-0.3907323,9.9153594,0.00915001746355415,0,0.11641741375629049,0.0,0,0.0
0.094,0.0359046,-0.3907323,9.831582000000001,0.008812827558184466,0,-0.021074369085605227,0.0,0,0.0
0.11,0.0045126,-0.3652263,9.831582000000001,0.008458390125387183,0,-0.022152339549830202,2.5113182438052405e-05,0,2.0090545950441925e-07
0.125,0.0045126,-0.3307932,9.860031000000001,0.008776375221264843,0,0.021199006391843987,0.0,0,3.892543277898123e-07
0.141,0.04041720000000001,-0.3307932,9.8240283,0.008210987000721204,0,-0.03533676378397746,0.0,0,3.892543277898123e-07
0.157,0.0329616,-0.33981839999999996,9.8240283,0.007666218776947176,0,-0.03404801398587673,0.0,0,3.892543277898123e-07
0.172,0.0329616,-0.36669779999999996,9.783611100000002,0.006173205515736413,0,-0.09953421741405094,2.1086148730304786e-05,0,5.47400443267098e-07
0.188,0.0329616,-0.36669779999999996,9.783611100000002,0.00471660721211542,0,-0.09103739397631197,0.0,0,7.160896331095365e-07
0.203,0.0628821,-0.3562992,9.8285409,0.004384846629658767,0,-0.02211737216377683,0.0,0,7.160896331095365e-07
0.219,0.0628821,-0.3562992,9.8285409,0.004061177768726054,0,-0.02022930380829459,0.0,0,7.160896331095365e-07
0.235,0.0733788,-0.36826739999999997,9.901919700000002,0.00554636064744507,0,0.09282392991993857,0.0,0,7.160896331095365e-07
0.25,0.0733788,-0.36826739999999997,9.901919700000002,0.006995319553512402,0,0.09659726040448874,0.0,0,7.160896331095365e-07
0.266,0.0059841,-0.3278502,9.877983300000002,0.007784231770596506,0,0.04930701356775642,3.319306898292608e-05,0,9.816341849729454e-07
0.282,0.0059841,-0.2814489,9.8240283,0.007203576057252192,0,-0.03629098208401969,0.0,0,1.2471787368363534e-06
0.297,0.0059841,-0.2814489,9.8240283,0.006637082678379258,0,-0.03776622525819558,0.0,0,1.2471787368363534e-06
0.313,0.0194238,-0.2814489,9.8091171,0.005721292221018359,0,-0.05723690358505613,0.0,0,1.2471787368363534e-06
0.328,0.0688662,-0.3278502,9.7672284,0.0038473165755235073,0,-0.12493170969965668,0.0,0,1.2471787368363534e-06
0.344,0.0688662,-0.3278502,9.7672284,0.0020190476530892454,0,-0.11426680765214166,0.0,0,1.2471787368363534e-06
0.36,0.09427410000000001,-0.3278502,9.8091171,0.0012615986524604494,0,-0.047340562539299705,7.081215654958228e-07,0,1.25284370936032e-06
0.375,0.0449298,-0.38621970000000005,9.8091171,0.0005658724955441841,0,-0.04638174379441765,0.0,0,1.2581546211015386e-06
0.391,-0.0059841,-0.3307932,9.854046900000002,0.0009305056008823698,0,0.022789569083636586,0.0,0,1.2581546211015386e-06
0.407,-0.0059841,-0.3307932,9.854046900000002,0.0012862452158461934,0,0.02223372593523904,0.0,0,1.2581546211015386e-06
0.422,0.0643536,-0.3307932,9.855518400000001,0.0016742555762530031,0,0.025867357360453955,0.0,0,1.2581546211015386e-06
0.438,0.0733788,-0.38621970000000005,9.855518400000001,0.002103481224233761,0,0.02682660299879733,0.0,0,1.2581546211015386e-06
0.453,0.0733788,-0.34580249999999996,9.806076000000001,0.0012805211724433718,0,-0.05486400345269255,0.0,0,1.2581546211015386e-06
0.469,0.007455600000000001,-0.34580249999999996,9.874942200000001,0.0021496371964335736,0,0.05431975149938775,0.0,0,1.2581546211015386e-06
0.485,-0.007455600000000001,-0.37572300000000003,9.874942200000001,0.003024198191575067,0,0.05466006219634329,0.0,0,1.2581546211015386e-06
0.5,-0.007455600000000001,-0.3427614,9.8689581,0.0037023353698728556,0,0.04520914521985253,0.0,0,1.2581546211015386e-06
0.516,0.0614106,-0.3427614,9.806076000000001,0.0028357714691011893,0,-0.0541602437982291,0.0,0,1.2581546211015386e-06
0.532,0.0373761,-0.3039138,9.7971489,0.0017385394845774726,0,-0.06857699903273223,0.0,0,1.2581546211015386e-06
0.547,0.0478728,-0.33981839999999996,9.7971489,0.0006979367843342743,0,-0.0693735133495465,0.0,0,1.2581546211015386e-06
0.563,0.0478728,-0.3547296,9.8644455,0.001335891365034314,0,0.03987216129375273,0.0,0,1.2581546211015386e-06
0.578,0.0329616,-0.3547296,9.7342668,-0.001216197038358402,0,-0.17013922689284758,0.0,0,1.2581546211015386e-06
0.594,0.0164808,-0.315882,9.7342668,-0.0037396776882463456,0,-0.15771754061799634,0.0,0,1.2581546211015386e-06
0.61,0.0164808,-0.3907323,9.855518400000001,-0.0031803915023331797,0,0.03495538661957284,0.0,0,1.2581546211015386e-06
0.625,0.08534699999999999,-0.3907323,9.888480000000001,-0.0018227937165491426,0,0.09050651905226906,0.0,0,1.2581546211015386e-06
0.641,0.020993400000000002,-0.41466870000000006,9.888480000000001,-0.00048298541286584395,0,0.0837380189802061,0.0,0,1.2581546211015386e-06
0.657,0.020993400000000002,-0.40868460000000006,9.889951500000002,0.000853933132455964,0,0.08355740908261293,0.0,0,1.2581546211015386e-06
0.672,0.0718092,-0.40868460000000006,9.874942200000001,0.0017982956693227692,0,0.06295750245778696,0.0,0,1.2581546211015386e-06
0.688,-0.0014715,-0.3547296,9.961760700000001,0.004778606672433128,0,0.18626943769439855,0.0,0,1.2581546211015386e-06
0.703,0.0150093,-0.40868460000000006,9.961760700000001,0.0077368874502798946,0,0.19721871852311762,0.0,0,1.2581546211015386e-06
0.719,0.0150093,-0.3876912,9.871999200000001,0.008414933310382011,0,0.042377866256382256,1.3124668564849524e-05,0,1.3631519696203348e-06
0.735,-0.020993400000000002,-0.3876912,9.7911648,0.007106672274558079,0,-0.08176631473899569,0.0,0,1.468149318139131e-06
0.75,-0.020993400000000002,-0.3876912,9.7911648,0.00583032004448647,0,-0.08509014867144053,0.0,0,1.468149318139131e-06
0.766,0.0777933,-0.3008727,9.7911648,0.004517673074859729,0,-0.08204043560167122,0.0,0,1.468149318139131e-06
0.782,0.0449298,-0.3562992,9.7417224,0.0020722649377358238,0,-0.15283800857024396,0.0,0,1.468149318139131e-06
0.797,-0.0030411,-0.3427614,9.7417224,-0.00032785242168742457,0,-0.16000782396154975,0.0,0,1.468149318139131e-06
0.813,-0.0030411,-0.40113090000000007,9.851005800000001,4.810258981535753e-05,0,0.023497188218924023,0.0,0,1.468149318139131e-06
0.828,0.08377740000000002,-0.40113090000000007,9.8974071,0.0015543236430239915,0,0.1004147368805755,0.0,0,1.468149318139131e-06
0.844,-0.007455600000000001,-0.347274,9.958817699999999,0.004462510382099438,0,0.18176167119221526,0.0,0,1.468149318139131e-06
0.86,-0.007455600000000001,-0.347274,9.958817699999999,0.007299765737295516,0,0.1773284596997547,3.492457781056717e-05,0,1.7475459406236687e-06
0.875,0.050913900000000005,-0.3891627,9.842078700000002,0.0072636153252894076,0,-0.0024100274670738955,0.0,0,2.0094802742029226e-06
0.891,-0.0150093,-0.3891627,9.842078700000002,0.0072254161065519185,0,-0.002387451171093067,0.0,0,2.0094802742029226e-06
0.907,-0.0150093,-0.3891627,9.842078700000002,0.007188148576075193,0,-0.0023292206547953476,0.0,0,2.0094802742029226e-06
0.922,-0.020993400000000002,-0.3831786,9.8689581,0.007801433121661816,0,0.040885636372441504,0.0,0,2.0094802742029226e-06
0.938,-0.020993400000000002,-0.3831786,9.8689581,0.008399759507600635,0,0.037395399121176405,0.00011740210846282809,0,2.9486971419055417e-06
0.953,-0.0164808,-0.5239521,9.821085300000002,0.007974935100822478,0,-0.028321627118543777,0.0,0,3.829212955376753e-06
0.969,-0.0164808,-0.5239521,9.821085300000002,0.007560472264941609,0,-0.02590392724255428,0.0,0,3.829212955376753e-06
0.985,-0.0164808,-0.31284090000000003,9.8674866,0.008068137122720032,0,0.03172905361115139,0.0,0,3.829212955376753e-06
1.0,0.0014715,-0.4027005000000001,9.842078700000002,0.008023311485629847,0,-0.0029883758060122974,0.00011021031661603235,0,4.655790329996996e-06
1.016,0.0150093,-0.4027005000000001,9.7911648,0.006739097951337314,0,-0.08026334589328325,0.0,0,5.5374728629252555e-06
1.032,0.0030411,-0.35777070000000005,9.9184005,0.00854467967626249,0,0.1128488578078234,0.0,0,5.5374728629252555e-06
1.047,0.0030411,-0.35777070000000005,9.9184005,0.010306222822530131,0,0.11743620975117684,0.0,0,5.5374728629252555e-06
1.063,0.052385400000000006,-0.35777070000000005,9.8615025,0.010641332564309991,0,0.020944358861241224,0.0001595420249682327,0,6.8138090626711185e-06
1.078,-0.0254079,-0.38621970000000005,9.8615025,0.010991831053688728,0,0.023366565958582247,0.0,0,8.010374249932874e-06
1.094,-0.0254079,-0.2918475,9.7941078,0.009611651912848629,0,-0.08626119630250609,0.0,0,8.010374249932874e-06
1.11,-0.0030411,-0.2918475,9.888480000000001,0.01056509310253162,0,0.05959007435518687,0.0001480325759585649,0,9.194634857601394e-06
1.125,0.0763218,-0.3083283,9.888480000000001,0.011514641502669676,0,0.06330322667587082,0.0,0,1.0304879177290624e-05
1.141,0.0763218,-0.41908320000000004,9.8615025,0.011882939359196598,0,0.023018616032932628,8.112323925026782e-07,0,1.0311369036430646e-05
1.157,0.0688662,-0.33530580000000004,9.877983300000002,0.012564549340337905,0,0.04260062382133164,0.0,0,1.0317858895570668e-05
1.172,0.0688662,-0.33530580000000004,9.877983300000002,0.013229534687793532,0,0.044332356497042064,0.0,0,1.0317858895570668e-05
1.188,0.0868185,-0.2889045,9.877983300000002,0.013846010142799514,0,0.038529715937873875,0.00010645113084450757,0,1.1169467942326729e-05
1.203,0.0868185,-0.3771945,9.7956774,0.012514101397263389,0,-0.0887939163690743,0.0,0,1.1967851423660542e-05
1.219,-0.010496700000000001,-0.3771945,9.8794548,0.013247288376994959,0,0.04582418623322311,1.024308558904806e-05,0,1.2049796108372928e-05
1.235,0.0,-0.3771945,9.8794548,0.013962456840312498,0,0.04469802895734616,0.0,0,1.2131740793085313e-05
1.25,0.0,-0.3907323,9.8615025,0.014235486973023015,0,0.018202008847367897,0.0,0,1.2131740793085313e-05
1.266,-0.020993400000000002,-0.3907323,9.8615025,0.014502402421486593,0,0.01668221552897363,0.00016930874108359896,0,1.3486210721754105e-05
1.282,0.049442400000000004,-0.3951468000000001,9.8615025,0.014769570560364542,0,0.016698008679871798,0.0,0,1.4840680650422897e-05
1.297,0.049442400000000004,-0.318825,9.752219100000001,0.012298873949305289,0,-0.1647131074039513,0.00010649785876093096,0,1.5639414591129874e-05
1.313,0.020993400000000002,-0.40417200000000003,9.783611100000002,0.010728044810594639,0,-0.09817682116941553,0.0,0,1.6491397461217322e-05
1.328,0.0777933,-0.40417200000000003,9.836094600000001,0.010481476744256923,0,-0.01643787108918091,0.0,0,1.6491397461217322e-05
1.344,0.0658251,-0.41309910000000005,9.836094600000001,0.010247830949634107,0,-0.014602862163926022,0.00011561908205264676,0,1.7416350117638495e-05
1.36,0.0658251,-0.31136939999999996,9.860031000000001,0.010512083315891374,0,0.01651577289107918,0.0,0,1.834130277405967e-05
1.375,0.0628821,-0.31136939999999996,9.831582000000001,0.010075905055423107,0,-0.02907855069788468,0.0,0,1.834130277405967e-05
1.391,0.007455600000000001,-0.37268190000000007,9.831582000000001,0.009697523847705725,0,-0.023648825482336357,9.429574018673774e-05,0,1.909566869555357e-05
1.407,0.007455600000000001,-0.3427614,9.907903800000001,0.011162221693151508,0,0.0915436153403614,0.0,0,1.985003461704747e-05
1.422,0.0254079,-0.3427614,9.830012400000001,0.01069328177972828,0,-0.031262660894882034,0.0,0,1.985003461704747e-05
1.438,0.0254079,-0.3173535,9.830012400000001,0.010214983707712122,0,-0.029893629501009905,9.235610445971522e-05,0,2.0588883452725194e-05
1.453,0.0254079,-0.3173535,9.830012400000001,0.009748351442331327,0,-0.03110881769205276,0.0,0,2.1281554236173064e-05
1.469,0.0059841,-0.30685680000000004,9.855518400000001,0.009906015230690457,0,0.009853986772445636,0.0,0,2.1281554236173064e-05
1.485,0.0239364,-0.30685680000000004,9.871999200000001,0.010462273068522876,0,0.03476611486452616,6.226235786292202e-05,0,2.177965309907644e-05
1.5,0.0239364,-0.30685680000000004,9.871999200000001,0.011004963642019305,0,0.03617937156642886,0.0,0,2.2246620783048352e-05
1.516,0.028449,-0.33226469999999997,9.842078700000002,0.010825408237566947,0,-0.01122221277827239,0.0,0,2.2246620783048352e-05
1.532,-0.0059841,-0.33226469999999997,9.9528336,0.013349091882158604,0,0.1577302277869784,9.130560918648237e-05,0,2.2977065656540213e-05
1.547,-0.0059841,-0.33226469999999997,9.9528336,0.015811222267124947,0,0.16414202566442396,0.0,0,2.3661857725438827e-05
1.563,0.029920500000000003,-0.39671639999999997,9.8644455,0.01611781152796432,0,0.01916182880246085,6.544023566682107e-05,0,2.4185379610773395e-05
1.578,0.029920500000000003,-0.39671639999999997,9.8644455,0.01641692300195352,0,0.019940764932613153,0.0,0,2.4676181378274557e-05
1.594,0.0344331,-0.3652263,9.851005800000001,0.01635188665587428,0,-0.004064771629952443,7.160122190382964e-05,0,2.5248991153505196e-05
1.61,-0.049442400000000004,-0.3278502,9.8674866,0.016659689214760576,0,0.019237659930393374,0.0,0,2.5821800928735835e-05
1.625,-0.049442400000000004,-0.3278502,9.8674866,0.016959984394162575,0,0.02001967862680008,8.784138093582972e-05,0,2.6480611285754553e-05
1.641,-0.049442400000000004,-0.32333760000000006,9.8405091,0.016591699999986886,0,-0.023017774635980516,0.0,0,2.7183342333241192e-05
1.657,0.0254079,-0.32333760000000006,9.7612443,0.014297939845890895,0,-0.14336000963099935,0.00010337197485604799,0,2.8010318132089578e-05
1.672,0.0389457,-0.33981839999999996,9.889951500000002,0.015212158932556008,0,0.06094793911100796,0.0,0,2.8785607943509932e-05
1.688,0.0389457,-0.33981839999999996,9.889951500000002,0.01610407999271679,0,0.05574506626004889,7.522762709658015e-05,0,2.9387428960282573e-05
1.703,-0.04188870000000001,-0.33981839999999996,9.910846800000002,0.017483877015992633,0,0.09198646821838868,0.0,0,2.995163616350693e-05
1.719,-0.0224649,-0.2994012,9.800091900000002,0.016096623540436283,0,-0.08670334222227175,9.578130911333527e-05,0,3.071788663641361e-05
1.735,-0.0224649,-0.2994012,9.800091900000002,0.014743205515504343,0,-0.08458862655824621,0.0,0,3.1484137109320295e-05
1.75,0.10182780000000001,-0.2994012,9.839037600000001,0.014384469439933767,0,-0.023915738371371887,6.09575037266441e-05,0,3.1941318387270126e-05
1.766,0.1272357,-0.36375480000000004,9.839037600000001,0.014094554094837619,0,-0.01811970906850922,0.0,0,3.2428978417083276e-05
1.782,0.0359046,-0.3503151,9.777627,0.012284513428136634,0,-0.11312754166881146,0.0,0,3.2428978417083276e-05
1.797,0.0359046,-0.3023442,9.8584614,0.01245021594008655,0,0.011046834129994519,0.00018533270245028183,0,3.381897368546038e-05
1.813,-0.0449298,-0.3023442,9.845021700000002,0.012285139060626449,0,-0.010317304966256371,0.0,0,3.530163530506263e-05
1.828,0.049442400000000004,-0.34128990000000003,9.845021700000002,0.012155649145658032,0,-0.008632660997894394,6.652145400311976e-05,0,3.5800546210086034e-05
1.844,0.049442400000000004,-0.3771945,9.834525,0.011805424721703872,0,-0.021889026497134957,0.0,0,3.633271784211099e-05
1.86,0.0449298,-0.3771945,9.845021700000002,0.011719041178668732,0,-0.005398971439696249,0.0,0,3.633271784211099e-05
1.875,0.0254079,-0.3712104,9.845021700000002,0.01162752133062206,0,-0.006101323203111559,0.00012150499096467461,0,3.724400527434605e-05
1.891,0.0254079,-0.3338343,9.891423,0.012636700736770479,0,0.06307371288427616,0.0,0,3.821604520206345e-05
1.907,0.0224649,-0.3338343,9.8046045,0.011504789136290938,0,-0.07074447502997121,8.75068648830725e-06,0,3.828605069396991e-05
1.922,-0.0090252,-0.2889045,9.8046045,0.0103651752976468,0,-0.07597425590960968,0.0,0,3.835168084263221e-05
1.938,0.0389457,-0.33824879999999996,9.855518400000001,0.010534671173957122,0,0.01059349226939509,0.0,0,3.835168084263221e-05
1.953,0.0389457,-0.3622833,9.845021700000002,0.010465011449772632,0,-0.004643981612299284,0.0,0,3.835168084263221e-05
1.969,0.050913900000000005,-0.3622833,9.8734707,0.011091782847156395,0,0.03917321233648515,0.00016992616556907314,0,3.9711090167184794e-05
1.985,0.0059841,-0.41309910000000005,9.8734707,0.011748740706822858,0,0.041059866229153884,0.0,0,4.107049949173738e-05
2.0,0.0059841,-0.34128990000000003,9.8136297,0.01086415448210687,0,-0.05897241498106629,2.22470679178792e-05,0,4.123735250112147e-05
2.016,-0.028449,-0.34128990000000003,9.806076000000001,0.009817979784976671,0,-0.0653859185706373,0.0,0,4.14153290444645e-05
2.032,0.0389457,-0.3262806,9.806076000000001,0.008785747218045259,0,-0.06451453543321323,0.0,0,4.14153290444645e-05
2.047,0.0389457,-0.3307932,9.8854389,0.009716950240489908,0,0.062080201496309405,0.0,0,4.14153290444645e-05
2.063,0.08377740000000002,-0.3307932,9.7986204,0.008515971656237298,0,-0.07506116151578805,0.00012116756419155647,0,4.238466955799696e-05
2.078,0.04188870000000001,-0.3712104,9.7986204,0.007373027011603028,0,-0.07619630964228626,0.0,0,4.329342628943361e-05
2.094,0.0373761,-0.33981839999999996,9.8196138,0.0067414764837998575,0,-0.03947190798769814,0.0,0,4.329342628943361e-05
2.11,0.0373761,-0.33981839999999996,9.8196138,0.006125329627407083,0,-0.03850917852454835,0.0,0,4.329342628943361e-05
2.125,0.0373761,-0.3951468000000001,9.8076456,0.005283007763836167,0,-0.05615479090472728,4.174806148756274e-05,0,4.360653675059033e-05
2.141,-0.0059841,-0.33530580000000004,9.8464932,0.005352176713186552,0,0.004323059334399023,0.0,0,4.3940521242490836e-05
2.157,-0.0059841,-0.36973890000000004,9.8464932,0.005449706813623223,0,0.006095631277291952,0.0,0,4.3940521242490836e-05
2.172,0.0,-0.36973890000000004,9.8928945,0.006675759522469349,0,0.08173684725640772,0.0,0,4.3940521242490836e-05
2.188,0.0,-0.36973890000000004,9.8928945,0.007871908506709602,0,0.07475931151501573,0.0,0,4.3940521242490836e-05
2.203,-0.0239364,-0.3487455,9.831582000000001,0.0075265193326679025,0,-0.023025944936113773,3.605515606767973e-05,0,4.421093491299843e-05
2.219,-0.0239364,-0.3487455,9.831582000000001,0.007189554284822819,0,-0.02106031549031771,0.0,0,4.4499376161539866e-05
2.235,0.031392,-0.3547296,9.8615025,0.00759582904508882,0,0.025392172516625042,0.0,0,4.4499376161539866e-05
2.25,0.0194238,-0.3771945,9.8615025,0.00801176259087022,0,0.027728903052093072,0.0,0,4.4499376161539866e-05
2.266,0.0194238,-0.3771945,9.8615025,0.008417551416021851,0,0.025361801571976962,2.055826097172725e-05,0,4.4663842249313685e-05
2.282,0.0045126,-0.35777070000000005,9.8944641,0.009598774696751633,0,0.07382645504561129,0.0,0,4.48283083370875e-05
2.297,0.0045126,-0.35777070000000005,9.8944641,0.01075118765356109,0,0.07682753045396314,0.0,0,4.48283083370875e-05
2.313,0.0614106,-0.3307932,9.8375661,0.010470282443534984,0,-0.017556575626631585,0.0,0,4.48283083370875e-05
2.328,0.0614106,-0.3307932,9.8375661,0.010196228580095834,0,-0.01827025756261038,0.00014208418095525838,0,4.589393969425192e-05
2.344,0.050913900000000005,-0.3307932,9.836094600000001,0.009891528728084964,0,-0.019043740750679366,0.0,0,4.703061314189399e-05
2.36,0.0239364,-0.33226469999999997,9.7791966,0.00820601118699571,0,-0.10534484631807829,0.0,0,4.703061314189399e-05
2.375,0.0239364,-0.33226469999999997,9.7791966,0.006561603829835505,0,-0.10962715714401274,5.832367136758554e-05,0,4.7468040677150884e-05
2.391,0.0269775,-0.35777070000000005,9.788123700000002,0.005197019167594519,0,-0.08528654139006157,0.0,0,4.793463004809157e-05
2.407,0.0269775,-0.35777070000000005,9.788123700000002,0.003865717058092244,0,-0.0832063818438921,0.0,0,4.793463004809157e-05
2.422,0.04041720000000001,-0.3847482,9.788123700000002,0.0025929525069869896,0,-0.08485097007368292,0.0,0,4.793463004809157e-05
2.438,0.0254079,-0.347274,9.7941078,0.0014617087643351567,0,-0.07070273391573949,0.0,0,4.793463004809157e-05
2.453,0.0254079,-0.347274,9.7941078,0.0003580563324785402,0,-0.07357682879044267,0.0,0,4.793463004809157e-05
2.469,0.052385400000000006,-0.315882,9.7941078,-0.0007419722621531122,0,-0.06875178716447822,0.0,0,4.793463004809157e-05
2.485,0.052385400000000006,-0.33824879999999996,9.8524773,-0.000374180872759311,0,0.022986961837112553,0.0,0,4.793463004809157e-05
2.5,0.0059841,-0.33824879999999996,9.8524773,-1.871041487255809e-05,0,0.023698030525783332,0.0,0,4.793463004809157e-05
2.516,0.04041720000000001,-0.3547296,9.8524773,0.0003441940361081919,0,0.022681528186296852,0.0,0,4.793463004809157e-05
2.532,0.04041720000000001,-0.36826739999999997,9.854046900000002,0.0007486098547317965,0,0.02527598866397527,0.0,0,4.793463004809157e-05
2.547,0.049442400000000004,-0.36826739999999997,9.831582000000001,0.0005966304544848811,0,-0.010131960016460948,0.0,0,4.793463004809157e-05
2.563,0.0389457,-0.3847482,9.8151012,6.093061519152343e-05,0,-0.033481239955834824,0.0,0,4.793463004809157e-05
2.578,-0.0134397,-0.36669779999999996,9.8151012,-0.00048020282466865183,0,-0.03607556265734579,0.0,0,4.793463004809157e-05
2.594,-0.0134397,-0.34128990000000003,9.8375661,-0.0004828800645473308,0,-0.00016732749241743492,0.0,0,4.793463004809157e-05
2.61,-0.0090252,-0.34128990000000003,9.830012400000001,-0.0006697405214168839,0,-0.011678778554347059,0.0,0,4.793463004809157e-05
2.625,0.0329616,-0.3503151,9.830012400000001,-0.0008430584985319456,0,-0.011554531807670684,0.0,0,4.793463004809157e-05
2.641,0.0329616,-0.4027005000000001,9.806076000000001,-0.00154656838361511,0,-0.04396936781769774,0.0,0,4.793463004809157e-05
2.657,0.0150093,-0.4027005000000001,9.821085300000002,-0.0018682173511948008,0,-0.020103060473730654,0.0,0,4.793463004809157e-05
2.672,0.031392,-0.37268190000000007,9.821085300000002,-0.002209957750158864,0,-0.022782693264270695,0.0,0,4.793463004809157e-05
2.688,0.031392,-0.3771945,9.839037600000001,-0.002101627466629452,0,0.006770642720588243,0.0,0,4.793463004809157e-05
2.703,0.0119682,-0.3652263,9.8120601,-0.002665521069959098,0,-0.03759290688864387,0.0,0,4.793463004809157e-05
2.719,0.020993400000000002,-0.3652263,9.851005800000001,-0.002266053487300468,0,0.02496672391616437,0.0,0,4.793463004809157e-05
2.735,0.029920500000000003,-0.3367773,9.851005800000001,-0.00190047452959341,0,0.022848684856691094,0.0,0,4.793463004809157e-05
2.75,0.029920500000000003,-0.3532581,9.8196138,-0.0022949039714621478,0,-0.0262952961245823,0.0,0,4.793463004809157e-05
2.766,0.056898,-0.3532581,9.7821396,-0.0035902027228900124,0,-0.08095617196424147,0.0,0,4.793463004809157e-05
2.782,0.056898,-0.3532581,9.7821396,-0.0048539088218433335,0,-0.0789816311845825,0.0,0,4.793463004809157e-05
2.797,0.0329616,-0.3278502,9.7327953,-0.007313867520997164,0,-0.163997246610254,0.0,0,4.793463004809157e-05
2.813,0.0269775,-0.3278502,9.889951500000002,-0.005883351136338533,0,0.08940727404116436,0.0,0,4.793463004809157e-05
2.828,0.0269775,-0.3278502,9.889951500000002,-0.004487725395208031,0,0.09304171607536876,0.0,0,4.793463004809157e-05
2.844,0.0119682,-0.3262806,9.783611100000002,-0.0057203657641569094,0,-0.07704002305930484,0.0,0,4.793463004809157e-05
2.86,0.0119682,-0.3262806,9.783611100000002,-0.006922941733863652,0,-0.07516099810667136,-2.3829363229657674e-05,0,4.774399514225431e-05
2.875,0.0194238,-0.36973890000000004,9.8240283,-0.0070731324310226995,0,-0.010012713143936397,0.0,0,4.756527491803188e-05
2.891,0.0194238,-0.36973890000000004,9.8240283,-0.007219659940446377,0,-0.009157969338979824,0.0,0,4.756527491803188e-05
2.907,0.020993400000000002,-0.3831786,9.8240283,-0.007349982889175877,0,-0.008145184295593737,0.0,0,4.756527491803188e-05
2.922,0.020993400000000002,-0.3278502,9.854046900000002,-0.006794176868266888,0,0.037053734727265614,0.0,0,4.756527491803188e-05
2.938,0.059841000000000005,-0.3278502,9.839037600000001,-0.006613914005130894,0,0.011266428945999597,-7.304532624304028e-05,0,4.6980912308087556e-05
2.953,0.0344331,-0.33981839999999996,9.855518400000001,-0.006029387330780622,0,0.038968444956685624,0.0,0,4.643307236126477e-05
2.969,0.0344331,-0.33981839999999996,9.855518400000001,-0.005459117404585712,0,0.03564187038718188,0.0,0,4.643307236126477e-05
2.985,0.031392,-0.33981839999999996,9.845021700000002,-0.005158867617444329,0,0.018765611696336375,0.0,0,4.643307236126477e-05
3.0,0.049442400000000004,-0.347274,9.866015100000002,-0.004346082978296195,0,0.05418564260987516,0.0,0,4.643307236126477e-05
3.016,0.049442400000000004,-0.347274,9.866015100000002,-0.00355312235473626,0,0.049560038972495904,0.0,0,4.643307236126477e-05
3.032,0.0748503,-0.3876912,9.7926363,-0.004527194432428772,0,-0.06087950485578192,-4.384531075118242e-05,0,4.608230987525531e-05
3.047,0.0748503,-0.3876912,9.7926363,-0.005477508654568197,0,-0.06335428147596119,0.0,0,4.575347004462144e-05
3.063,0.029920500000000003,-0.3367773,9.7926363,-0.0064564050989339705,0,-0.061181027772860774,0.0,0,4.575347004462144e-05
3.078,0.029920500000000003,-0.36973890000000004,9.8165727,-0.006799046541859255,0,-0.022842762861686114,0.0,0,4.575347004462144e-05
3.094,0.0359046,-0.36973890000000004,9.855518400000001,-0.006183623476493594,0,0.03846394158535379,0.0,0,4.575347004462144e-05
3.11,0.010496700000000001,-0.37572300000000003,9.855518400000001,-0.005579152581884017,0,0.03777943091309851,-1.1731349851464706e-05,0,4.565961924580972e-05
3.125,0.010496700000000001,-0.3173535,9.818044200000001,-0.005952980819380116,0,-0.024921882499739714,0.0,0,4.5571634121923734e-05
3.141,0.0134397,-0.3173535,9.8091171,-0.006535224023235031,0,-0.03639020024093217,0.0,0,4.5571634121923734e-05
3.157,0.0179523,-0.3547296,9.8091171,-0.007071878480575222,0,-0.03354090358376191,0.0,0,4.5571634121923734e-05
3.172,0.0179523,-0.37425150000000007,9.843550200000001,-0.006738541482082638,0,0.02222246656617207,0.0,0,4.5571634121923734e-05
3.188,0.0389457,-0.33981839999999996,9.8405091,-0.006516425504887735,0,0.013882248574681443,-1.6602694748048263e-05,0,4.5438812563939346e-05
3.203,0.0269775,-0.33981839999999996,9.827069400000001,-0.00662830495824096,0,-0.007458630223548509,0.0,0,4.5314292353328985e-05
3.219,0.029920500000000003,-0.37866600000000006,9.827069400000001,-0.006702634045721467,0,-0.004645567967531679,0.0,0,4.5314292353328985e-05
3.235,0.029920500000000003,-0.33824879999999996,9.842078700000002,-0.0064452216555146435,0,0.01608827438792647,0.0,0,4.5314292353328985e-05
3.25,0.050913900000000005,-0.33824879999999996,9.8854389,-0.00513505565651684,0,0.08734439993318616,0.0,0,4.5314292353328985e-05
3.266,0.0373761,-0.37866600000000006,9.8854389,-0.0038225966594609417,0,0.0820286873159936,0.0,0,4.5314292353328985e-05
3.282,0.0373761,-0.36669779999999996,9.9932508,7.46062672156711e-05,0,0.24357518291728808,-1.5515752369122532e-05,0,4.519016633437601e-05
3.297,0.0090252,-0.36669779999999996,10.005219,0.0041668622812913725,0,0.2728170676050445,0.0,0,4.5073798191607584e-05
3.313,0.0239364,-0.33981839999999996,10.005219,0.008136772997302089,0,0.24811941975066953,0.0,0,4.5073798191607584e-05
3.328,0.0150093,-0.35777070000000005,10.283626800000002,0.018810895049961474,0,0.7116081368439742,0.0,0,4.5073798191607584e-05
3.344,0.0150093,-0.41908320000000004,10.1413818,0.025814647599403884,0,0.43773453434015025,0.00017383619552282722,0,4.6464487755790206e-05
3.36,0.04041720000000001,-0.41908320000000004,10.2282003,0.03476498627845359,0,0.5593961674406063,0.00015847326654568755,0,4.9122963452338324e-05
3.375,0.0179523,-0.31136939999999996,10.2282003,0.04340171284184713,0,0.5757817708928977,0.0002447235099479472,0,5.214693927604061e-05
3.391,0.0179523,-0.31136939999999996,10.2282003,0.05182778753784234,0,0.5266296684997003,0.0005065595129854629,0,5.81572034595079e-05
3.407,0.0179523,-0.3891627,10.1743434,0.05880066010709051,1,0.4358045355780101,0.0013915870941449268,0,7.334237631655103e-05
3.422,-0.0254079,-0.344331,10.2252573,0.0668055522162252,1,0.5336594739423081,0.002333633686569801,0,0.00010128153217191172
3.438,-0.0254079,-0.3712104,10.205735400000002,0.07416229911886418,1,0.4597966814149364,0.003461376497250514,0,0.00014764161364247427
3.453,0.0478728,-0.3712104,10.0665315,0.07794867438200903,1,0.25242501754299523,0.004602208798507038,0,0.00020811850336065462
3.469,0.0134397,-0.35178660000000006,10.0665315,0.08162314132444237,1,0.22965418390208361,0.00587878332415865,0,0.00029196644034198017
3.485,0.0254079,-0.3532581,10.0291554,0.08429875969667222,1,0.1672261482643654,0.007206158532327568,0,0.00039664597519387
3.5,0.0254079,-0.3532581,10.0291554,0.08690911908421306,1,0.17402395916938784,0.008490217623184217,0,0.0005143687963602094
3.516,0.0150093,-0.3907323,10.2761712,0.09550949028351141,1,0.5375231999561465,0.009949566498126013,0,0.0006618870693306914
3.532,0.0329616,-0.3338343,10.2761712,0.10385222348846312,1,0.5214208253094816,0.01154446020830181,0,0.0008338392829821142
3.547,0.0329616,-0.3338343,10.2761712,0.11199147539573318,1,0.5426167938179989,0.013163287949933294,0,0.001019147394168879
3.563,0.0329616,-0.3338343,10.157862600000001,0.11704818750465407,1,0.3160445068075554,0.014995605253136396,0,0.0012444185397934367
3.578,0.0703377,-0.3338343,10.1833686,0.1226079457365934,1,0.37065054879596304,0.016793026252445713,0,0.0014828332760852974
3.594,-0.0134397,-0.3592422,10.2881394,0.1306012817391231,1,0.4995835001581068,0.01881870007225145,0,0.001767727086682875
3.61,-0.0134397,-0.3592422,10.2881394,0.1383996583269571,1,0.4873985367396245,0.020970707592780094,0,0.002086042348003128
3.625,0.010496700000000001,-0.3592422,10.133926200000001,0.14224877733881236,1,0.25660793412368127,0.023075570860273384,0,0.0024163894364010318
3.641,0.0179523,-0.344331,10.2042639,0.14770622149008616,1,0.3410902594546125,0.025395210850904577,0,0.0028041556900904557
3.657,0.0179523,-0.344331,10.2042639,0.15303055724742798,1,0.3327709848338631,0.027801105080804696,0,0.0032297262175441303
3.672,0.0179523,-0.36826739999999997,10.270187100000001,0.15985224466627024,1,0.45477916125614687,0.03014772609515745,0,0.00366434245136385
3.688,0.0344331,-0.36826739999999997,10.211719500000001,0.16508346414357966,1,0.3269512173318387,0.032747211765636254,0,0.0041675019542502
3.703,0.0119682,-0.347274,10.2581208,0.17129900794443564,1,0.414369586723741,0.03527008030629632,0,0.004677631644789683
3.719,0.0119682,-0.347274,10.2581208,0.1773629531160026,1,0.37899657322293356,0.03805937599477983,0,0.005264267295198293
3.735,0.0119682,-0.347274,10.2177036,0.1822937791245529,1,0.3081766255343951,0.04093662985270427,0,0.005896235341978167
3.75,0.0150093,-0.37572300000000003,10.2177036,0.18712897268977713,1,0.32234623768161175,0.04370730049131177,0,0.006531064819558292
3.766,0.0150093,-0.3532581,10.1114613,0.18923699209945077,1,0.1317512131046027,0.046718228209625595,0,0.007254469049165792
3.782,-0.04188870000000001,-0.3532581,10.3644612,0.1974624468689541,1,0.5140909230939568,0.04981182372137284,0,0.00802670946461378
3.797,-0.0134397,-0.3996594,10.3300281,0.2046873044609434,1,0.481657172799284,0.05282794685634709,0,0.008796507743946686
3.813,-0.0134397,-0.3996594,10.3300281,0.2117359460141035,1,0.4405400970725056,0.05615933286014747,0,0.009668405981678643
3.828,-0.0134397,-0.3592422,10.3329711,0.21864822040672927,1,0.46081829284172726,0.05938721410830365,0,0.010535005083942008
3.844,0.031392,-0.3592422,10.4063499,0.22718149763946016,1,0.5333298270456805,0.06295385185267317,0,0.011513733611629823
3.86,0.0164808,-0.37866600000000006,10.4063499,0.23552259625082606,1,0.5213186632103679,0.06665548460379547,0,0.012550608303281573
3.875,0.0164808,-0.36973890000000004,10.3434678,0.24211969419086365,1,0.4398065293358363,0.07023780178210817,0,0.013577307951175859
3.891,0.0194238,-0.36973890000000004,10.205735400000002,0.24519886407295388,1,0.19244811763063902,0.07413635024821871,0,0.014732301167418475
3.907,-0.0269775,-0.34128990000000003,10.205735400000002,0.2481791944796079,1,0.18627065041587604,0.07808337471663922,0,0.01595005896713734
3.922,-0.0269775,-0.36973890000000004,10.4197896,0.2563284539615651,1,0.5432839654638099,0.08186718207994804,0,0.01714968814311175
3.938,0.0059841,-0.36973890000000004,10.3465089,0.26249193994322795,1,0.3852178738539266,0.0860177452311864,0,0.01849276756160083
3.953,-0.0014715,-0.3712104,10.265674500000001,0.26653604861684954,1,0.269607244908112,0.08998545514538689,0,0.0198127915644251
3.969,0.0329616,-0.3547296,10.265674500000001,0.2704686039646429,1,0.2457847092370844,0.09428149236603883,0,0.021286927144516507
3.985,0.0329616,-0.3503151,10.4512797,0.27882589452751816,1,0.5223306601797035,0.09867584835397612,0,0.02283058587027663
4.0,0.0478728,-0.3503151,10.3090347,0.28351337514124353,1,0.31249870758168874,0.10289339287649187,0,0.02434235517950515
4.016,0.0,-0.39671639999999997,10.3090347,0.28812479548179226,1,0.28821377128429554,0.10746649824147617,0,0.026025234308448896
4.032,0.0,-0.35178660000000006,10.295595000000002,0.2922563789370436,1,0.25822396595320796,0.11210954763682685,0,0.027781842675475323
4.047,-0.0090252,-0.35178660000000006,10.4557923,0.3001922942630877,1,0.5290610217362843,0.11655291268582774,0,0.029496811127895196
4.063,0.0134397,-0.33226469999999997,10.4557923,0.3079191992011374,1,0.48293155862810755,0.12141780463354154,0,0.031400576866450154
4.078,0.0134397,-0.3262806,10.392910200000001,0.3139200912128892,1,0.40005946745010496,0.12608159931164692,0,0.03325682239603914
4.094,0.0389457,-0.3262806,10.324044,0.31809736815995926,1,0.26107980919187734,0.1311377389866297,0,0.03531457710242535
4.11,-0.0134397,-0.37425150000000007,10.428814800000001,0.3247645781204689,1,0.4167006225318511,0.13628063455687311,0,0.037453924090773374
4.125,-0.0134397,-0.33226469999999997,10.428814800000001,0.3312345046406655,1,0.43132843467978405,0.14120062767758151,0,0.03953503355753174
4.141,-0.0134397,-0.33226469999999997,10.428814800000001,0.33754662807500324,1,0.3945077146461081,0.14655087673930686,0,0.04183704559286685
4.157,0.0224649,-0.34580249999999996,10.351021500000002,0.3418195614854387,1,0.2670583381522149,0.1519858062557904,0,0.04422533905682763
4.172,-0.0090252,-0.3951468000000001,10.351021500000002,0.3460308262794296,1,0.28075098626606737,0.1571446841640268,0,0.046543817734976206
4.188,-0.0090252,-0.3951468000000001,10.351021500000002,0.35013937729795686,1,0.256784438657953,0.1627140457926459,0,0.04910268757462959
4.203,0.0329616,-0.37866600000000006,10.379372400000001,0.35482490932849053,1,0.3123688020355668,0.16800127794234446,0,0.05158305250264211
4.219,0.0329616,-0.37866600000000006,10.379372400000001,0.359396160089986,1,0.2857031725934653,0.17371504649769226,0,0.05431678309816241
4.235,0.0658251,-0.3173535,10.5051366,0.36687556100764773,1,0.46746255735385894,0.17952522026647333,0,0.057142705232275735
4.25,0.04188870000000001,-0.36669779999999996,10.4197896,0.37212836873237265,1,0.3501871816483353,0.18506774973952336,0,0.059877152507320654
4.266,0.04188870000000001,-0.36669779999999996,10.4197896,0.37725305919551744,1,0.32029315394654895,0.1910628011629465,0,0.06288619691454042
4.282,-0.0164808,-0.3262806,10.352492999999999,0.3805776913834187,1,0.20778951174382757,0.197125447167578,0,0.06599170290118461
4.297,-0.0164808,-0.3262806,10.352492999999999,0.38382123498137233,1,0.21623623986358104,0.2028584391153138,0,0.06899158204830624
4.313,-0.0045126,-0.3951468000000001,10.4962095,0.3905466253409866,1,0.42033689747589215,0.20905338199789267,0,0.07228687661721189
4.328,-0.0045126,-0.3951468000000001,10.4962095,0.39710798178938944,1,0.43742376322683896,0.2149607915513707,0,0.07546698291883149
4.344,0.0,-0.3652263,10.4962095,0.4034828656905578,1,0.39843024382302217,0.2213655183312103,0,0.07895759339789214
4.36,-0.0373761,-0.39220380000000005,10.3883976,0.40709992315498766,1,0.22606609152686621,0.22785018064197465,0,0.08255131898967763
4.375,-0.0373761,-0.39220380000000005,10.3883976,0.4106287597056504,1,0.23525577004418616,0.23398314576342932,0,0.08601506893771808
4.391,0.04188870000000001,-0.37572300000000003,10.4257737,0.4149681110819117,1,0.2712094610163305,0.24058792072972984,0,0.08981163746966336
4.407,0.04188870000000001,-0.37572300000000003,10.4257737,0.41920162461972765,1,0.26459459611349856,0.24726127861534297,1,0.09371443106442395
4.422,0.0030411,-0.34580249999999996,10.337483700000002,0.4211523835026245,1,0.130050592193127,0.25356393367626046,1,0.0974706201566109
4.438,-0.0030411,-0.34580249999999996,10.4063499,0.4247342934756926,1,0.22386937331675386,0.260331027092087,1,0.10158177984275768
4.453,-0.0254079,-0.35777070000000005,10.4063499,0.4282394473294744,1,0.2336769235854449,0.26672833014812597,1,0.10553472502205943
4.469,-0.0254079,-0.4056435,10.515633300000001,0.4343653486929533,1,0.3828688352174311,0.2736291685163054,1,0.1098575850113749
4.485,0.0179523,-0.4056435,10.4557923,0.4388830196726019,1,0.2823544362280381,0.28061515546322985,1,0.11429153960321119
4.5,-0.0134397,-0.37572300000000003,10.557522,0.44574271469976523,1,0.4573130018108982,0.2872498484710225,1,0.11855052713271799
4.516,-0.0134397,-0.37572300000000003,10.557522,0.45243510009211896,1,0.4182740870221076,0.29443527098935757,1,0.12320400808840104
4.532,0.0239364,-0.37572300000000003,10.4572638,0.45652095571846196,1,0.25536597664643756,0.3017069194358422,1,0.12797314561180265
4.547,0.0224649,-0.3622833,10.4572638,0.46049551705814373,1,0.26497075597879033,0.3085845429816666,1,0.13255033157993387
4.563,0.0224649,-0.3562992,10.4438241,0.46404051970598204,1,0.2215626654898937,0.31598083127577964,1,0.13754685457399346
4.578,-0.0164808,-0.3652263,10.4647194,0.4680156337390162,1,0.26500760220226915,0.3229712524266174,1,0.14233899520176163
4.594,0.0254079,-0.3652263,10.385356500000002,0.46995974133886875,1,0.12150672499078297,0.3304750554272405,1,0.1475665656645925
4.61,0.0045126,-0.3891627,10.385356500000002,0.4718768880564781,1,0.11982166985058373,0.3380097484624033,1,0.15291444409570965
4.625,0.0045126,-0.3592422,10.4871843,0.47620313185792895,1,0.28841625343006333,0.34512034861176116,1,0.15803791982376578
4.641,0.031392,-0.3592422,10.4393115,0.479258042702682,1,0.19093192779706653,0.3527640380082461,1,0.16362099491672583
4.657,0.049442400000000004,-0.38621970000000005,10.4393115,0.48226362492386166,1,0.18784888882372713,0.3604562113492584,1,0.16932675691158586
4.672,0.049442400000000004,-0.37572300000000003,10.551537900000001,0.48792201015715264,1,0.3772256822194071,0.36773260361236587,1,0.17478817302379793
4.688,0.0179523,-0.37572300000000003,10.4347989,0.49059446975578425,1,0.16702872491447515,0.37556073545166935,1,0.18073451973631022
4.703,0.0150093,-0.32932170000000005,10.4347989,0.4931634221261536,1,0.17126349135795083,0.38293891964078414,1,0.18642326714950383
4.719,0.0150093,-0.3817071,10.4647194,0.4964425039533804,1,0.20494261420167506,0.39085576704942043,1,0.19261362464302548
4.735,0.0239364,-0.40417200000000003,10.6158915,0.5033469795502619,1,0.4315297248050905,0.39885408291744956,1,0.19893130344276044
4.75,-0.007455600000000001,-0.40417200000000003,10.380942000000001,0.5043562276932843,1,0.06728320953482743,0.406411856971776,1,0.2049707979919295
4.766,-0.007455600000000001,-0.40417200000000003,10.380942000000001,0.5053408600279408,1,0.06153952091603182,0.4144894336735458,1,0.21153800831709207
4.782,-0.0434583,-0.3562992,10.461776400000002,0.5082312919442682,1,0.18065199477046417,0.42259801088932347,1,0.21823470787359503
4.797,0.0150093,-0.3562992,10.5650757,0.5135673346353364,1,0.35573617940455715,0.43026150058867035,1,0.22463115420967986
4.813,0.0329616,-0.35777070000000005,10.5650757,0.5187754356063561,1,0.32550631068872765,0.4385202427506039,1,0.23158140815639405
4.828,0.0329616,-0.3008727,10.4228307,0.5203453256512862,1,0.1046593363286716,0.4463136484600365,1,0.23821766234047412
4.844,-0.0119682,-0.3008727,10.4452956,0.5224235189166926,1,0.12988707908789798,0.45465579921658034,1,0.24542541792188705
4.86,-0.0119682,-0.3008727,10.4452956,0.5244510245414791,1,0.12671910154915522,0.4630307955642457,1,0.2527669106801337
4.875,0.020993400000000002,-0.33226469999999997,10.4991525,0.5277655399134922,1,0.22096769146754502,0.4709224197976578,1,0.25977155979534783
4.891,0.020993400000000002,-0.3592422,10.5171048,0.5314584746604218,1,0.23080842168310392,0.47939621191424914,1,0.2673741088490431
4.907,0.020993400000000002,-0.3592422,10.5171048,0.535061337828159,1,0.22517894798357288,0.48792837041415843,1,0.27511270550767036
4.922,-0.010496700000000001,-0.3876912,10.442254499999999,0.5367761994098661,1,0.11432410544714133,0.4959671519434444,1,0.2824919219253522
4.938,-0.010496700000000001,-0.3876912,10.442254499999999,0.5384492350993373,1,0.10456473059194939,0.5045689554195185,1,0.2904962107842559
4.953,0.0344331,-0.3547296,10.307563200000002,0.5367709422023204,1,-0.11188619313445781,0.5126331067492813,1,0.2981252262505222
4.969,0.0344331,-0.3547296,10.307563200000002,0.5351335832784017,1,-0.10233493274491846,0.5212083429531271,1,0.30639595784814144
4.985,-0.0150093,-0.33824879999999996,10.307563200000002,0.5335215197723802,1,-0.10075396912634363,0.5297575837775333,1,0.3148036852619867
5.0,0.0150093,-0.347274,10.6787736,0.5410050379121394,1,0.4989012093172924,0.5378165329601671,1,0.3228104911375193
5.016,0.0150093,-0.347274,10.6787736,0.5483060312192212,1,0.456312081692611,0.546531021513218,1,0.3314852715733064
5.032,-0.0239364,-0.34128990000000003,10.4812002,0.5506082996577124,1,0.14389177740570233,0.5553223361602334,1,0.340300098434694
5.047,-0.0239364,-0.34128990000000003,10.4812002,0.5528544152074595,1,0.14974103664980815,0.563598306521722,1,0.3486920032548085
5.063,-0.0239364,-0.4027005000000001,10.5171048,0.5559739499677505,1,0.19497092251818932,0.5724689334431238,1,0.35778054117452723
5.078,-0.0090252,-0.33530580000000004,10.416846600000001,0.5565151241089161,1,0.036078276077706126,0.5808126014986991,1,0.36643015268659124
5.094,-0.0090252,-0.33530580000000004,10.416846600000001,0.5570430988807864,1,0.032998423241892255,0.5897210672826166,1,0.37579442203684177
5.11,0.0119682,-0.33981839999999996,10.6727895,0.5638010995842251,1,0.42237504396491726,0.5986878208703368,1,0.3853016931420654
5.125,0.0119682,-0.33981839999999996,10.6727895,0.5703942710022147,1,0.43954476119931946,0.6071942861497349,1,0.39434580894471577
5.141,0.0464013,-0.34128990000000003,10.463247899999999,0.5717220150761211,1,0.0829840046191465,0.6163312164383616,1,0.40413401296542056
5.157,0.0464013,-0.34128990000000003,10.463247899999999,0.5730173751482237,1,0.08096000450641398,0.6254891315601564,1,0.4140685757494087
5.172,-0.0239364,-0.34128990000000003,10.4452956,0.5738416737020042,1,0.05495323691870267,0.6340905744265329,1,0.42351542354430866
5.188,-0.0090252,-0.3487455,10.4452956,0.5746512970803028,1,0.05060146114366222,0.6432785181927914,1,0.43373437628526323
5.203,0.059841000000000005,-0.37866600000000006,10.5171048,0.577220925200912,1,0.1713085413739351,0.6519175598599009,1,0.4434483468706588
5.219,0.059841000000000005,-0.37268190000000007,10.4003658,0.5768772292126645,1,-0.0214809992654663,0.6611503450952094,1,0.4539528901102997
5.235,-0.010496700000000001,-0.37268190000000007,10.4467671,0.5776688647669594,1,0.04947722214343471,0.6703867138470464,1,0.46460518658183775
5.25,0.0150093,-0.2858634,10.4467671,0.578374617730665,1,0.04705019758037192,0.6790570399657784,1,0.47472601473543374
5.266,0.0150093,-0.39671639999999997,10.527601500000001,0.5811215976844704,1,0.17168624711283428,0.6883330096890995,1,0.4856651351326728
5.282,0.0434583,-0.39671639999999997,10.5560505,0.5844968849078089,1,0.2109554514586607,0.6976579575498377,1,0.4967530628705843
5.297,0.0059841,-0.344331,10.5560505,0.5877428890327092,1,0.2164002749933567,0.7064497558543914,1,0.5072838707211158
5.313,0.0059841,-0.3262806,10.4512797,0.5883415921081188,1,0.03741894221309657,0.715858431703518,1,0.5186623362215791
5.328,-0.04188870000000001,-0.3262806,10.418318099999999,0.5881241550691119,1,-0.014495802600459172,0.7246819248073476,1,0.529466388895411
5.344,0.0269775,-0.33226469999999997,10.418318099999999,0.5879154305322256,1,-0.013045283555390684,0.7340902414921583,1,0.5411365662258071
5.36,0.0763218,-0.37572300000000003,10.5530094,0.5910367135212677,1,0.1950801868151329,0.7435218586445862,1,0.5529574630269011
5.375,0.0763218,-0.38023560000000006,10.430286299999999,0.591094603786555,1,0.0038593510191495158,0.7523878435243947,1,0.5641767857931682
5.391,0.0763218,-0.38023560000000006,10.430286299999999,0.5911510820941519,1,0.0035298942248074253,0.7618458090114404,1,0.5762906550134549
5.407,-0.020993400000000002,-0.38023560000000006,10.5470253,0.5940453096184335,1,0.18088922026759918,0.7713273801451411,1,0.5885560405267075
5.422,-0.020993400000000002,-0.37425150000000007,10.560563100000001,0.5971937113170007,1,0.20989344657115294,0.7802616728021567,1,0.600192958423812
5.438,0.0389457,-0.37425150000000007,10.473744600000002,0.5981503940834276,1,0.05979267290168172,0.7898244256453602,1,0.6127536472113921
5.453,0.0389457,-0.37425150000000007,10.473744600000002,0.5990837431238454,1,0.06222326936118114,0.7988036816744151,1,0.624668358016291
5.469,0.0179523,-0.37572300000000003,10.6158915,0.6034590155258108,1,0.2734545251228402,0.8084240237436123,1,0.6375261796596352
5.485,0.007455600000000001,-0.37572300000000003,10.4557923,0.6038248909768207,1,0.022867215688115984,0.8180822949956333,1,0.6505382302095492
5.5,0.007455600000000001,-0.37572300000000003,10.4557923,0.6041818426363417,1,0.02379677730139968,0.8271423454977319,1,0.6628774150132491
5.516,0.0554265,-0.39671639999999997,10.3869261,0.6028740807233959,1,-0.08173511955911199,0.8367987928846098,1,0.6761889441203079
5.532,0.0224649,-0.33981839999999996,10.3898691,0.6016177736832873,1,-0.07851919000678713,0.8464347277198633,1,0.6896548122851437
5.547,-0.0329616,-0.33981839999999996,10.452751200000002,0.6019256781485698,1,0.02052696435216742,0.8554613036086021,1,0.702419032520107
5.563,-0.0329616,-0.33981839999999996,10.452751200000002,0.6022260727488451,1,0.018774662517206924,0.8650945176157814,1,0.716183479089902
5.578,-0.0134397,-0.3427614,10.452751200000002,0.6025204268109547,1,0.019623604140642417,0.8741301163624802,1,0.7292276638447395
5.594,-0.0014715,-0.3876912,10.5216174,0.604524176491454,1,0.12523435503120062,0.8837864731888995,1,0.7432909965611505
5.61,0.0134397,-0.3996594,10.5216174,0.6064901752470195,1,0.12287492222284857,0.8934745880028072,1,0.7575090850506841
5.625,0.0134397,-0.3996594,10.5216174,0.6084082228134253,1,0.12786983776038868,0.9025863259882604,1,0.7709795419056169
5.641,0.0134397,-0.3891627,10.5934266,0.6120201522760649,1,0.22574559141497177,0.9123497529889764,1,0.7854990305374349
5.657,0.0733788,-0.3891627,10.529073,0.6139814747361214,1,0.12258265375353339,0.9221577660050738,1,0.8001750906893873
5.672,0.0329616,-0.34128990000000003,10.3988943,0.612676121081682,1,-0.08702357696262857,0.9313576979737072,1,0.8140764566692279
5.688,-0.010496700000000001,-0.33824879999999996,10.3988943,0.6113990388068,1,-0.07981764218012437,0.941150299252815,1,0.82905652064704
5.703,-0.010496700000000001,-0.3367773,10.3360122,0.6086190402114688,1,-0.18533323968873824,0.9503004348454523,1,0.8432424011527776
5.719,0.0059841,-0.3039138,10.3001076,0.6050065860224585,1,-0.2257783868131467,0.9600094398553237,1,0.8585248801503839
5.735,0.0059841,-0.3039138,10.3001076,0.6014822404722047,1,-0.22027159689086398,0.9696613504672811,1,0.8739622464729647
5.75,0.0059841,-0.31136939999999996,10.207305,0.5957868486673004,1,-0.37969278699362835,0.9786408686358272,1,0.8885745131162377
5.766,-0.0224649,-0.31136939999999996,10.4108625,0.5951934708292121,1,-0.037086114880513464,0.9881687111917994,1,0.9043089897548587
5.782,0.020993400000000002,-0.3847482,10.4108625,0.5946742914796026,1,-0.03244870935059649,0.9976876532902699,1,0.9201958406707154
5.797,0.020993400000000002,-0.3996594,10.5620346,0.5978659083214506,1,0.21277445612320375,1.0066317047887776,1,0.9352282358563079
5.813,0.0658251,-0.3996594,10.461776400000002,0.5985406629858883,1,0.042172166527354414,1.0162029573592364,1,0.951410913153492
5.828,0.0194238,-0.40113090000000007,10.5440823,0.6012017202082589,1,0.17740381482470288,1.025201025233193,1,0.9667214430229358
5.844,0.0658251,-0.3771945,10.5440823,0.6037809128639875,1,0.16119954098303677,1.034840886297771,1,0.9832017783151835
5.86,0.0658251,-0.3831786,10.4362704,0.6036747031574983,1,-0.006638106655576508,1.0445005312259428,1,0.9998365096553732
5.875,0.0763218,-0.3831786,10.4647194,0.6042662198794648,1,0.03943444813110459,1.0535600881487197,1,1.0155719643006829
5.891,0.0868185,-0.3951468000000001,10.4647194,0.6048561511591704,1,0.03687070498159525,1.0632330671170287,1,1.0325063095428089
5.907,0.0868185,-0.39220380000000005,10.4333274,0.6046639021671059,1,-0.012015562004030745,1.072909227543639,1,1.0495954479000942
5.922,0.0823059,-0.39220380000000005,10.2881394,0.6009369261631718,1,-0.24846506692893947,1.081951233756116,1,1.065756901359842
5.938,0.0389457,-0.40417200000000003,10.2881394,0.5973059139746031,1,-0.22693826178554735,1.0915371764772182,1,1.0831448086417088
5.953,0.0389457,-0.4056435,10.1997513,0.5916107709380825,1,-0.3796762024346945,1.1004540516140637,1,1.099584742852394
5.969,0.0777933,-0.4056435,10.148935500000002,0.584821561938119,1,-0.42432556249771786,1.1098655102770734,1,1.117267299347523
5.985,0.0898596,-0.38023560000000006,10.0904679,0.5767514204504121,1,-0.5043838429816812,1.1191580941361816,1,1.1350994881828291
6.0,0.0718092,-0.3831786,10.0904679,0.568877300777956,1,-0.5249413114970848,1.1277503095453942,1,1.1519513012104405
6.016,0.0718092,-0.42065280000000005,10.012674599999999,0.5593359190169416,1,-0.5963363600633981,1.1367760153037534,1,1.1700675118092336
6.032,0.0478728,-0.42065280000000005,9.934881299999999,0.5481280774058881,1,-0.7004901006908419,1.145635727275136,1,1.1883268057498648
6.047,0.0179523,-0.36669779999999996,9.934881299999999,0.5371390772577325,1,-0.7326000098770573,1.153775230935113,1,1.2055723879364413
6.063,0.0179523,-0.40711500000000006,10.048579199999999,0.5292272788528116,1,-0.49448740030755234,1.1623061617839974,1,1.2241010390781941
6.078,0.0373761,-0.40711500000000006,10.15335,0.5240630491505414,1,-0.34428198015133776,1.1702058392440229,1,1.241594879085905
6.094,0.0179523,-0.4311495000000001,10.15335,0.5190476646166484,1,-0.31346153336830856,1.1785507249541605,1,1.2603849315994906
6.11,0.0179523,-0.4311495000000001,10.15335,0.5141546065348024,1,-0.30581613011537695,1.186816343123372,1,1.2793078681441108
6.125,0.0179523,-0.4445892,10.098021600000001,0.5080468425023295,1,-0.40718426883153724,1.1944828539911503,1,1.2971676121224693
6.141,-0.0119682,-0.4281084,9.9303687,0.49798511833350645,1,-0.6288577605514373,1.202531109677837,1,1.3163437238318212
6.157,0.0703377,-0.3831786,9.9303687,0.48812997076914044,1,-0.6159467227728749,1.2104200303906583,1,1.3356473329523693
6.172,0.0703377,-0.3831786,9.9303687,0.4785151926575626,1,-0.6409852074385369,1.2176698691163583,1,1.3538580071986714
6.188,0.0478728,-0.4625415,9.7686999,0.4652752584865816,1,-0.8274958856863127,1.2252201927255115,1,1.3734011276934064
6.203,0.0868185,-0.39220380000000005,9.7686999,0.4522898117324665,1,-0.8656964502743045,1.2321019307521546,1,1.3918310436194896
6.219,0.0868185,-0.39220380000000005,9.7686999,0.43962108319186655,1,-0.7917955337874976,1.2392372179115492,1,1.4116017568087993
6.235,-0.0014715,-0.40417200000000003,9.5621013,0.4222292477256957,1,-1.086989716635677,1.2461320205588897,1,1.431484710716563
6.25,-0.0014715,-0.40417200000000003,9.5621013,0.40526160336845685,1,-1.1311762904826144,1.2523382019420957,1,1.4502232373853199
6.266,0.059841000000000005,-0.3891627,9.5426775,0.38822384195815474,1,-1.064860088143881,1.2586860855047086,1,1.4703114316848944
6.282,0.0059841,-0.36669779999999996,9.6144867,0.3733255873846062,1,-0.9311409108467831,1.2647784809394507,1,1.4904991482164478
6.297,0.0059841,-0.36669779999999996,9.6144867,0.3587907048738277,1,-0.9689921673852541,1.270269353131389,1,1.5095120069719787
6.313,0.0119682,-0.3847482,9.5711265,0.3435709438908443,1,-0.9512350614364609,1.2758882463215062,1,1.529881267767602
6.328,0.0119682,-0.3847482,9.5711265,0.32872239659037206,1,-0.989903153364779,1.2809304463751154,1,1.5490574079628272
6.344,0.0119682,-0.34580249999999996,9.5995755,0.31489320978334767,1,-0.8643241754390233,1.2860793712261052,1,1.569593486503637
6.36,0.0434583,-0.37425150000000007,9.5666139,0.3006262201791685,1,-0.8916868502611967,1.2910035266658053,1,1.5902101496867722
6.375,0.0434583,-0.37425150000000007,9.5666139,0.28670720593119015,1,-0.9279342831985776,1.295408527361633,1,1.6096082400919776
6.391,0.10928340000000002,-0.3951468000000001,9.488722500000002,0.27126292862704915,1,-0.9652673315088114,1.2998722884380989,1,1.6303704866183755
6.407,0.10928340000000002,-0.3951468000000001,9.488722500000002,0.25619534101325314,1,-0.9417242258622496,1.3040919545952212,1,1.651202200562642
6.422,0.052385400000000006,-0.3876912,9.488722500000002,0.24147594921626947,1,-0.981292786465599,1.3078244892719426,1,1.6707915738916455
6.438,0.052385400000000006,-0.4176117,9.406416600000002,0.22514103431169374,1,-1.020932181535982,1.3115574251401663,1,1.6917466292069423
6.453,0.1062423,-0.3547296,9.394448400000002,0.20886100799934937,1,-1.085335087489584,1.3148124404574992,1,1.7114444031989255
6.469,0.0643536,-0.3907323,9.487251,0.19526508706440993,1,-0.8497450584337144,1.3180454492180094,1,1.7325072663163297
6.485,0.0643536,-0.3907323,9.487251,0.1820007739571512,1,-0.8290195692036698,1.321063576106182,1,1.7536201385189232
6.5,0.0643536,-0.4056435,9.398961,0.16692385052594716,1,-1.0051282287469572,1.323680510789805,1,1.7734557191706426
6.516,0.0449298,-0.4056435,9.3915054,0.15203023277273253,1,-0.9308511095759134,1.3262321434561946,1,1.7946550204046106
6.532,0.08377740000000002,-0.33824879999999996,9.3915054,0.13744131350010846,1,-0.9118074545390035,1.3285479158263773,1,1.8158932608788712
6.547,0.08377740000000002,-0.3427614,9.2657412,0.12014698179798167,1,-1.1529554468084777,1.330479828041113,1,1.835835968957877
6.563,0.050913900000000005,-0.3427614,9.401904,0.10658739880961932,1,-0.8474739367726462,1.3322937030859738,1,1.8571381572068937
6.578,0.0614106,-0.33824879999999996,9.401904,0.09335608220487046,1,-0.8820877736498902,1.3337932791935825,1,1.8771338095739911
6.594,0.0614106,-0.35777070000000005,9.3614868,0.0794800443038195,1,-0.8672523688156845,1.335175968205652,1,1.898485563553185
6.61,0.0344331,-0.36669779999999996,9.3614868,0.06594749925623056,1,-0.845784065474308,1.3363393885541326,1,1.9198576864072632
6.625,0.0344331,-0.36669779999999996,9.0980883,0.04632577255572734,2,-1.308115113366909,1.3371814380927223,1,1.939909092607114
6.641,0.0059841,-0.31136939999999996,9.0980883,0.027130832566351515,2,-1.199683749335988,1.337769090933699,1,1.9613086968393254
6.657,0.0059841,-0.3262806,8.9978301,0.005973065805385147,2,-1.3223604225603969,1.338033922120673,1,1.9827151209437603
6.672,0.0045126,-0.3262806,9.108585,-0.011969092845315998,2,-1.1961439100467686,1.3379889519178734,1,2.002785292499049
6.688,0.049442400000000004,-0.3771945,9.108585,-0.029422477430600225,2,-1.0908365365802632,1.337657819355666,1,2.024190466669237
6.703,0.049442400000000004,-0.31284090000000003,8.8660818,-0.05242062173165962,3,-1.5332096200705685,1.3370439961119491,1,2.0442507302852446
6.719,0.007455600000000001,-0.31284090000000003,8.7417891,-0.07789073556154413,3,-1.5918821143677806,1.3360015052536034,1,2.065635094296169
6.735,0.058369500000000005,-0.3996594,8.7417891,-0.1026487348408267,3,-1.5473749549551594,1.3345571894903845,1,2.0869995638541208
6.75,0.058369500000000005,-0.3996594,8.7702381,-0.12610973947742998,3,-1.5640669757735852,1.3328415009329977,1,2.1070050540322955
6.766,0.0449298,-0.315882,8.7941745,-0.14850030779482282,3,-1.3994105198370508,1.3306446205548197,1,2.128312943004198
6.782,0.0628821,-0.315882,9.0352062,-0.164467094352565,3,-0.9979241598588864,1.3281408813376405,1,2.149583227019338
6.797,0.0718092,-0.34580249999999996,9.0352062,-0.18001612204572126,3,-1.0366018462104387,1.3255572572146535,1,2.1694859630584795
6.813,0.0718092,-0.37268190000000007,9.0531585,-0.19472238401645292,3,-0.919141373170728,1.322559349166156,1,2.190670895909526
6.828,0.029920500000000003,-0.37268190000000007,8.937891,-0.21188466911154613,3,-1.1441523396728372,1.3195097962676958,1,2.2104864145002807
6.844,0.029920500000000003,-0.37268190000000007,8.937891,-0.228628361887246,3,-1.046480798481241,1.3159856920197055,1,2.23157037840658
6.86,0.0269775,-0.3562992,8.937891,-0.24498018151690815,3,-1.0219887268538832,1.3121968236724724,1,2.2525958385321174
6.875,0.0359046,-0.3143124,8.825664600000001,-0.26370629606550544,3,-1.2484076365731795,1.3083816750906043,1,2.27225017727284
6.891,0.0373761,-0.3173535,8.825664600000001,-0.2819728745876642,3,-1.14166115763492,1.3040162417253789,1,2.293149360607368
6.907,0.0373761,-0.3173535,8.825664600000001,-0.299793926804405,3,-1.1138157635462989,1.2993621073142423,1,2.313976387399685
6.922,0.0090252,-0.3891627,8.9618274,-0.3137942215626701,3,-0.9333529838843627,1.2947601962014894,1,2.3334323046760526
6.938,0.0090252,-0.3891627,8.9618274,-0.3274530457170748,3,-0.8536765096502911,1.2896302180632515,1,2.3541074279901704
6.953,0.0928026,-0.4027005000000001,9.080136,-0.33787000524398714,3,-0.694463968460797,1.2846402951810434,1,2.3734144568395035
6.969,0.0928026,-0.4027005000000001,9.080136,-0.34803289258731773,3,-0.6351804589581617,1.279153071998393,1,2.393924803776939
6.985,0.0928026,-0.39818790000000004,9.0846486,-0.35784280152167547,3,-0.613119308397358,1.2735060664455211,1,2.4143460768844904
7.0,0.050913900000000005,-0.39818790000000004,9.0935757,-0.3672039955685751,3,-0.6240796031266541,1.2680682154673444,1,2.4334078839988367
7.016,0.0643536,-0.42065280000000005,9.0935757,-0.37631014868996715,3,-0.5691345700870037,1.262120102313276,1,2.4536493905410817
7.032,0.0224649,-0.3771945,8.9469162,-0.3888194527635598,3,-0.7818315045995388,1.2559990655016477,1,2.473794343883601
7.047,0.0224649,-0.3771945,8.9469162,-0.401023651859747,3,-0.8136132730791638,1.250075242216973,1,2.49258990119149
7.063,0.0030411,-0.3487455,8.8929612,-0.4142739600906715,3,-0.8281442644327833,1.2435528613213696,1,2.512538926019797
7.078,0.0030411,-0.3487455,8.8929612,-0.4272010900720602,3,-0.861808665425879,1.237241798445149,1,2.5311448859680468
7.094,0.0119682,-0.32932170000000005,8.976836700000002,-0.43778643478655255,3,-0.6615840446557714,1.23032189824628,1,2.5508853955415782
7.11,0.0224649,-0.32932170000000005,9.0292221,-0.44683627490897315,3,-0.5656150076512872,1.2232449165687158,1,2.5705139300600983
7.125,0.050913900000000005,-0.3427614,9.0292221,-0.45565037857445034,3,-0.5876069110318253,1.2164762666675903,1,2.58881183893437
7.141,0.050913900000000005,-0.37866600000000006,9.0890631,-0.46275630766757025,3,-0.4441205683199941,1.2091290131776542,1,2.608216681173132
7.157,0.0868185,-0.37866600000000006,9.0247095,-0.471250450166421,3,-0.5308839061781696,1.2016569591149822,1,2.6275029689514735
7.172,0.0718092,-0.41309910000000005,9.0247095,-0.4795038289449476,3,-0.5502252519017857,1.194526302021647,1,2.645474343409998
7.188,0.0718092,-0.36669779999999996,8.9424036,-0.48961048021090825,3,-0.631665704122541,1.1867733875484001,1,2.6645247409265584
7.203,0.0134397,-0.36669779999999996,8.915426100000001,-0.5001348407343542,3,-0.701624034896371,1.1793502976413104,1,2.682270668565482
7.219,0.0464013,-0.32932170000000005,8.915426100000001,-0.5104353705242399,3,-0.6437831118678566,1.1712657359512417,1,2.7010755968342224
7.235,0.059841000000000005,-0.3427614,8.7986871,-0.5233154678153085,3,-0.8050060806917829,1.1629957292445254,1,2.7197496885557886
7.25,0.059841000000000005,-0.3278502,8.886977100000001,-0.5337433787515931,3,-0.6951940624189875,1.1550677878952738,1,2.7371351649343367
7.266,0.0194238,-0.3278502,9.056199600000001,-0.539796728514828,3,-0.37833436020218125,1.1464794670371423,1,2.755547542973796
7.282,0.0898596,-0.35178660000000006,9.056199600000001,-0.5456701870669196,3,-0.3670911595057277,1.1377957317124883,1,2.773821744563793
7.297,0.0898596,-0.39220380000000005,9.0457029,-0.5516156987830989,3,-0.3963674477452949,1.1295660875686133,1,2.790826958208401
7.313,0.059841000000000005,-0.39220380000000005,8.991846,-0.5587345642580139,3,-0.44492909218218873,1.1206832854642843,1,2.8088289531926645
7.328,0.056898,-0.3547296,8.991846,-0.5657181930427111,3,-0.46557525231312635,1.1122498897845285,1,2.825575952007031
7.344,0.056898,-0.3547296,8.948387700000001,-0.5735905988327659,3,-0.4920253618784227,1.1031354194495246,1,2.8432990344809035
7.36,0.0389457,-0.3547296,9.0097983,-0.5797766997970761,3,-0.38663131026939157,1.093908481060486,1,2.8608753856849836
7.375,0.052385400000000006,-0.36973890000000004,9.0097983,-0.5857955541969488,3,-0.40125695999152244,1.085166689155531,1,2.8772184494616035
7.391,0.029920500000000003,-0.3173535,8.9618274,-0.5928880772307057,3,-0.4432826896098026,1.0757372201041098,1,2.894505680735681
7.407,0.029920500000000003,-0.38621970000000005,8.9469162,-0.6001050781173749,3,-0.45106255541682533,1.0661932748613252,1,2.911641124695404
7.422,0.04041720000000001,-0.38621970000000005,9.051687,-0.6045920396462172,3,-0.29913076858949406,1.0571580464780985,1,2.9275662596054497
7.438,0.0329616,-0.35777070000000005,9.051687,-0.6089987913647406,3,-0.27542198240770843,1.0474493198300108,1,2.9444031185359147
7.453,0.0329616,-0.36375480000000004,9.196875,-0.6097539121117084,3,-0.050341383131186024,1.0383086745539372,1,2.960046303493795
7.469,0.0628821,-0.36375480000000004,9.011269799999999,-0.6150100545861541,3,-0.3285089046528575,1.0285105628203544,1,2.9765808573927894
7.485,0.0628821,-0.36375480000000004,9.011269799999999,-0.6201379984636617,3,-0.3204964923442241,1.018629378395956,1,2.99295797692252
7.5,0.0434583,-0.37268190000000007,9.011269799999999,-0.6251347740154056,3,-0.3331183701162696,1.0092898326023632,1,3.008167371005007
7.516,0.0449298,-0.3307932,8.8929612,-0.632932920598563,3,-0.48738416144733465,0.9992252910454513,1,3.0242354919941894
7.532,0.0449298,-0.3307932,8.8929612,-0.640540868484571,3,-0.4754967428755026,0.9890375007327863,1,3.040141594328415
7.547,0.0359046,-0.36669779999999996,8.960355900000001,-0.6462875661838421,3,-0.3831131799514117,0.9793862874727735,1,3.0549047727399565
7.563,0.0359046,-0.37572300000000003,9.0681678,-0.6492577325273476,3,-0.18563539646909694,0.9690219250830839,1,3.0704920384404035
7.578,0.0359046,-0.37572300000000003,9.0681678,-0.6521554557893037,3,-0.19318155079706142,0.9592613261707087,1,3.0849541628248076
7.594,0.049442400000000004,-0.3712104,9.0636552,-0.655095449014734,3,-0.183749576589398,0.9488033189322764,1,3.1002186799856317
7.61,0.049442400000000004,-0.3712104,9.0636552,-0.6579637350883232,3,-0.1792678795993206,0.938298845459452,1,3.1153154973007657
7.625,0.049442400000000004,-0.40417200000000003,8.6879322,-0.6698820502083507,3,-0.7945543413351837,0.9283400020697271,1,3.129315288657234
7.641,0.09133110000000001,-0.3083283,8.8046712,-0.6787518051456622,3,-0.5543596835819726,0.917550931226895,1,3.144082416123607
7.657,0.09133110000000001,-0.3083283,8.8046712,-0.6874052245966986,3,-0.5408387156897727,0.9066216749889561,1,3.158675796973334
7.672,0.0748503,-0.3023442,9.0352062,-0.6902370548000203,3,-0.18878868022144885,0.8962893578934809,1,3.172197629719952
7.688,0.0748503,-0.3023442,9.0352062,-0.6929998159739927,3,-0.17267257337327796,0.8852234629272887,1,3.186449732286518
7.703,0.0359046,-0.3338343,9.0352062,-0.6956739886700891,3,-0.17827817973975174,0.8748084093924577,1,3.199649971328917
7.719,0.0134397,-0.33981839999999996,8.948387700000001,-0.7003950069921565,3,-0.29506364512921185,0.8636398574271598,1,3.213557557463474
7.735,0.0134397,-0.33981839999999996,8.948387700000001,-0.7050008785258797,3,-0.28786697085769725,0.8523966903430155,1,3.2272858498456354
7.75,0.0464013,-0.33981839999999996,9.195403500000001,-0.7034712517204174,3,0.10197512036415644,0.8418331493661685,1,3.239992573643454
7.766,0.04041720000000001,-0.35777070000000005,9.195403500000001,-0.7019630248420885,3,0.09426417989555338,0.8305896751536684,1,3.253371956239613
7.782,0.0269775,-0.3367773,9.1923624,-0.7005862310826139,3,0.08604960996716474,0.8193692811062708,1,3.2665716278896926
7.797,0.0269775,-0.3367773,9.1923624,-0.6992430176587359,3,0.08954756159186844,0.8088705617407109,1,3.2787834267110445
7.813,0.059841000000000005,-0.3712104,9.1923624,-0.6978964660997224,3,0.0841594724383387,0.7976934458706433,1,3.291635938771935
7.828,0.059841000000000005,-0.40868460000000006,9.051687,-0.6999716153633777,3,-0.13834328424367892,0.7872094352596697,1,3.303522710380413
7.844,0.0389457,-0.40868460000000006,9.1414485,-0.6998118507339246,3,0.009985289340819206,0.7760111675308913,1,3.3160284752027374
7.86,0.0359046,-0.3503151,9.1414485,-0.6997153360730195,3,0.006032166306568771,0.7648149500364357,1,3.328355084143276
7.875,0.052385400000000006,-0.36826739999999997,9.3405915,-0.6947488240765551,3,0.33110079976429785,0.7543564688353142,1,3.339748869784814
7.891,0.052385400000000006,-0.36826739999999997,9.2791809,-0.6914000718989275,3,0.20929701110172763,0.7432672776675103,1,3.3517298597568366
7.907,0.0030411,-0.36826739999999997,9.2702538,-0.6883541508812421,3,0.1903700636053383,0.732229243885269,1,3.3635338319292587
7.922,0.0554265,-0.3143124,9.2702538,-0.6854269091755079,3,0.19514944704895204,0.7219258859348436,1,3.374439995402909
7.938,0.0554265,-0.3039138,9.2298366,-0.6835647518279995,3,0.11638483421927405,0.7109739526468156,1,3.3859031941115623
7.953,0.1032993,-0.3039138,8.882562600000002,-0.6902027590828492,3,-0.4425338169899668,0.7006706963149839,1,3.3964905289787763
7.969,0.0,-0.318825,8.882562600000002,-0.6966807639441157,3,-0.40487530382915493,0.6895756281307682,1,3.407612499574342
7.985,0.0,-0.3367773,9.0966168,-0.6977674470965542,3,-0.06791769702740863,0.6784200424424428,1,3.418556464938928
8.0,0.0134397,-0.3367773,9.256716,-0.6949251565946817,3,0.18948603345817527,0.6679748479147588,1,3.428654426616607
8.016,-0.0164808,-0.3712104,9.2327796,-0.6927033209403994,3,0.1388647283926402,0.6568738200944781,1,3.439253215960681
8.032,0.0763218,-0.40417200000000003,9.2327796,-0.6904946200732773,3,0.1380438041951314,0.6458082365663688,1,3.4496746724139675
8.047,0.0763218,-0.3427614,9.231308100000001,-0.6884361892875024,3,0.13722871905165782,0.6354662554961625,1,3.4592842311044367
8.063,0.031392,-0.3427614,9.139977,-0.6886603785080236,3,-0.014011826282578342,0.6244494829537983,1,3.4693635570120365
8.078,-0.0373761,-0.35777070000000005,9.139977,-0.6888645323407072,3,-0.013610255512239326,0.6141180461224337,1,3.4786528134801076
8.094,-0.0373761,-0.3218661,9.1774512,-0.6881828093858591,3,0.04260768467800876,0.6031016673886211,1,3.488390571188196
8.11,0.173637,-0.3218661,9.354031200000001,-0.6831760555260313,3,0.31292211623923344,0.592130796469326,1,3.4979524308990597
8.125,0.0449298,-0.33226469999999997,9.354031200000001,-0.6783192054122118,3,0.3237900075879566,0.5819195820122888,1,3.5067578087376723
8.141,0.0449298,-0.4101561,9.433394100000001,-0.6715716676961936,3,0.42172110725113804,0.5711204550274215,1,3.51598212903399
8.157,-0.028449,-0.4101561,9.3241107,-0.6676531572134969,3,0.2449069051685402,0.5604066564281439,1,3.5250343459256346
8.172,-0.028449,-0.4101561,9.3241107,-0.6638302201572088,3,0.2548624704191978,0.5504205310978633,1,3.5333655498320797
8.188,0.0389457,-0.33981839999999996,9.4408497,-0.6573231361678715,3,0.40669274933358107,0.5398513042472626,1,3.5420877245148406
8.203,0.0389457,-0.36826739999999997,9.4468338,-0.6508029172600978,3,0.43468126051828615,0.5300403588465536,1,3.5501119119880435
8.219,0.0389457,-0.36826739999999997,9.4468338,-0.644441728081782,3,0.39757432364473344,0.5196784016838186,1,3.5585096620722867
8.235,-0.0030411,-0.33530580000000004,9.3241107,-0.641258889026588,3,0.1989274409496254,0.5093927967469517,1,3.566742231659733
8.25,-0.0030411,-0.3307932,9.4423212,-0.6352762163320058,3,0.39884484630546435,0.49981878345676184,1,3.574311318511261
8.266,-0.0030411,-0.3307932,9.4423212,-0.6294394624836332,3,0.3647971155232851,0.4897010580262356,1,3.582227477243125
8.282,0.0793629,-0.3307932,9.544149,-0.6212549390351754,3,0.5115327155286171,0.47969550281408424,1,3.5899826497298477
8.297,0.053856900000000006,-0.4176117,9.544149,-0.6131914201227655,3,0.5375679274939704,0.47043715512039935,1,3.5971086446643565
8.313,0.0164808,-0.3712104,9.702776700000001,-0.6015085699422222,3,0.7301781362839537,0.46071955519987945,1,3.604557898346919
8.328,0.0164808,-0.3712104,9.702776700000001,-0.5901106673270586,3,0.7598601743443013,0.4517824109203606,1,3.61140166309282
8.344,-0.0045126,-0.33824879999999996,9.7507476,-0.5778511349996709,3,0.7662207704617334,0.44243871650174676,1,3.618555432112197
8.36,0.031392,-0.3532581,9.8105886,-0.5644178586534672,3,0.8395797716377321,0.43330056455252164,1,3.625561346360631
8.375,0.031392,-0.3532581,9.8105886,-0.5513122231937562,3,0.8737090306473666,0.42493258893866714,1,3.631998095011815
8.391,0.0329616,-0.3098979,9.7701714,-0.5395471211074305,3,0.7353188803953519,0.41620571418425767,1,3.6387272014367986
8.407,0.0329616,-0.3098979,9.7701714,-0.5280689727305266,3,0.7173842735564977,0.407664785433554,1,3.645318165433741
8.422,0.0329616,-0.37572300000000003,9.629496000000001,-0.5202429982004091,3,0.5217316353411444,0.3998024456515717,1,3.6513741696668798
8.438,0.08083440000000001,-0.37572300000000003,9.719257500000001,-0.5104134279010566,3,0.6143481437095305,0.39155719424276,1,3.6577050467860346
8.453,0.0359046,-0.3652263,9.719257500000001,-0.5008399309505531,3,0.6382331300336159,0.3839727940513735,1,3.66352152169824
8.469,0.04188870000000001,-0.36669779999999996,9.669913200000002,-0.49270064807897995,3,0.5087051794733228,0.37602446941913725,1,3.6696014998060043
8.485,0.04188870000000001,-0.36669779999999996,9.669913200000002,-0.4847598843018357,3,0.4962977360715155,0.3682047851600907,1,3.675555333842638
8.5,0.028449,-0.36071369999999997,9.6264549,-0.47807868864887304,3,0.44541304353082695,0.36098349586296014,1,3.681024245950311
8.516,0.0059841,-0.3427614,9.6264549,-0.47157741640450723,3,0.4063295152728626,0.3533862470225331,1,3.686739203893395
8.532,0.0059841,-0.347274,9.6519609,-0.4646090754677328,3,0.43552130854840293,0.34589675508755513,1,3.6923334679102755
8.547,0.08377740000000002,-0.347274,9.7222986,-0.45608748890735384,3,0.5681057706919075,0.3389915308547417,1,3.697470130054843
8.563,0.0688662,-0.33824879999999996,9.7222986,-0.44778435462604094,3,0.5189458925820563,0.33176055610647454,1,3.7028361467505326
8.578,0.0688662,-0.34128990000000003,9.740250900000001,-0.43924356430576417,3,0.5693860213518305,0.32510784671448656,1,3.7077626597716895
8.594,0.0179523,-0.34128990000000003,9.660888,-0.432851097073609,3,0.399529202009696,0.3181310894234516,1,3.712908571260793
8.61,0.0,-0.40113090000000007,9.660888,-0.42655891057042084,3,0.3932616564492616,0.31125580936229935,1,3.717943666451079
8.625,0.0,-0.3831786,9.660888,-0.42043795105024984,3,0.40806396801138445,0.3049033329001441,1,3.7225648600180476
8.641,0.031392,-0.3831786,9.6967926,-0.4135900083504751,3,0.4279964187359205,0.2982311092249383,1,3.727389935555048
8.657,0.0718092,-0.37866600000000006,9.695321100000001,-0.40694402918287764,3,0.41537369797484086,0.29166683692467144,1,3.732109119124245
8.672,0.0928026,-0.3039138,9.695321100000001,-0.40051994086445397,3,0.4282725545615618,0.2856108571493162,1,3.7364387018298
8.688,0.0928026,-0.35777070000000005,9.632439,-0.39574033055485813,3,0.29872564434973964,0.27924077497796174,1,3.7409575148868184
8.703,-0.007455600000000001,-0.35777070000000005,9.6354801,-0.39101399956640925,3,0.31508873256328396,0.2733401175020527,1,3.745101871580418
8.719,0.059841000000000005,-0.3771945,9.6354801,-0.3863804315270922,3,0.2895980024573139,0.2671209620533047,1,3.749425560216861
8.735,0.059841000000000005,-0.3503151,9.699833700000001,-0.3803160684640492,3,0.3790226914401892,0.26098739005337557,1,3.7536504270337145
8.75,0.059841000000000005,-0.3503151,9.699833700000001,-0.3743996166952268,3,0.3944301179214773,0.2553270224146808,1,3.7575227851272253
8.766,0.0119682,-0.3503151,9.8809263,-0.3642177234880499,3,0.6363683254485547,0.2494180836932146,2,3.7615607459760882
8.782,0.0703377,-0.37866600000000006,9.845021700000002,-0.35512780893923157,3,0.5681196593011467,0.24366331943379638,2,3.7655053972011046
8.797,0.0030411,-0.34580249999999996,9.843550200000001,-0.34633105198891734,3,0.58645046335426,0.23840237797683506,2,3.7691208899316844
8.813,-0.0014715,-0.34580249999999996,9.774684,-0.339427479479367,3,0.4314732818468943,0.23291630972508875,2,3.7728914394333
8.828,-0.0014715,-0.34580249999999996,9.774684,-0.3326922867871218,3,0.4490128461497166,0.22787541147809048,2,3.7763473773423235
8.844,0.0030411,-0.318825,9.487251,-0.3331504367296887,3,-0.02863437141042977,0.22254866968995599,2,3.7799507699916677
8.86,0.0030411,-0.318825,9.487251,-0.333597412283412,3,-0.027935972107706573,0.21721468689785117,2,3.78346887684437
8.875,0.0973152,-0.318825,9.7208271,-0.32832778276356755,3,0.3513086346562829,0.21225024793499864,2,3.7866898638556163
8.891,0.0658251,-0.4176117,9.827069400000001,-0.320513068197112,3,0.4884196604034714,0.20705952112731318,2,3.7900443420081147
8.907,0.1302768,-0.4176117,9.803133,-0.3134565222786332,3,0.44103411990492575,0.20198776440350721,2,3.793316720292361
8.922,-0.0239364,-0.4281084,9.803133,-0.30658143528282444,3,0.45833913305389884,0.1973374797217961,2,3.796311659623301
8.938,-0.0239364,-0.4281084,9.803133,-0.2998740333356942,3,0.41921262169564116,0.19248583597284796,2,3.7994302461488583
8.953,0.0014715,-0.3652263,9.7791966,-0.29397635276230716,3,0.39317870489249973,0.18803195807711331,2,3.802284129604233
8.969,0.058369500000000005,-0.3652263,9.6654006,-0.290991780956837,3,0.1865357378418862,0.18335221300736015,2,3.8052552029729085
8.985,0.058369500000000005,-0.3652263,9.6654006,-0.28808000358564634,3,0.1819860856994147,0.17871963873102029,2,3.8081517777868155
9.0,0.0359046,-0.32333760000000006,9.7986204,-0.28203083472604185,3,0.40327792397361756,0.17444380744368246,2,3.810800503633126
9.016,0.0359046,-0.32333760000000006,9.7986204,-0.2761292065703316,3,0.36885175973189155,0.16997852711331146,2,3.813555882309582
9.032,0.0733788,-0.32333760000000006,9.806076000000001,-0.270184686538153,3,0.3715325020111623,0.16560801596844357,2,3.816240574654236
9.047,0.0718092,-0.2200383,9.806076000000001,-0.26445521377172376,3,0.3819648510952663,0.16159821671611935,2,3.81869462139937
9.063,0.0718092,-0.33530580000000004,9.716314500000001,-0.26097386623860963,3,0.21758422081963305,0.1573947840760367,2,3.821246565405707
9.078,0.0434583,-0.33530580000000004,9.9168309,-0.25269378347528715,3,0.5520055175548766,0.15354227670318277,2,3.823578593361551
9.094,0.113796,-0.3891627,9.9168309,-0.24455411396972515,3,0.5087293440976244,0.14956429352362266,2,3.8260034459233654
9.11,0.113796,-0.44311770000000006,9.8285409,-0.23870890928886546,3,0.3653252925537306,0.14569818933755393,2,3.8283655457862547
9.125,-0.029920500000000003,-0.45802890000000007,9.831582000000001,-0.23293046413234997,3,0.38522967710101796,0.1421608940368947,2,3.8305244889115633
9.141,-0.0703377,-0.45802890000000007,9.7911648,-0.22827262356036648,3,0.2911150357489675,0.13847126933535295,2,3.8327695462185414
9.157,-0.029920500000000003,-0.2484873,9.7911648,-0.22391769193103706,3,0.27218322683308904,0.1348537468114217,2,3.8349561463477158
9.172,-0.029920500000000003,-0.3218661,9.707289300000001,-0.22166149369271082,3,0.15041321588840995,0.13151190291924347,2,3.836953888720696
9.188,0.1631403,-0.3218661,9.717786,-0.21917219317174919,3,0.15558128256010204,0.1279852334243278,2,3.8390298658114443
9.203,0.08377740000000002,-0.37572300000000003,9.717786,-0.21672106797544366,3,0.16340834642038155,0.12471603396572412,2,3.8409251253168697
9.219,0.08377740000000002,-0.3951468000000001,9.8091171,-0.21208526765344438,3,0.28973752012495496,0.121285583280693,2,3.842893138254841
9.235,0.11526750000000001,-0.3951468000000001,9.821085300000002,-0.20726309881150762,3,0.3013855526210471,0.11793079634897338,2,3.844806869291878
9.25,0.0164808,-0.31284090000000003,9.821085300000002,-0.20264700105734157,3,0.30773985027772494,0.1148564705999569,2,3.846552773793995
9.266,0.0164808,-0.31136939999999996,9.8240283,-0.19807288668581613,3,0.2858821482203397,0.11165071149801165,2,3.848364831250779
9.282,0.0119682,-0.4281084,9.8734707,-0.1922986382915539,3,0.36089052464138816,0.10852773929819268,2,3.8501262588571485
9.297,0.031392,-0.4281084,9.8674866,-0.18681000177682172,3,0.3659091009821323,0.10568442449767976,2,3.8517328500856176
9.313,-0.04188870000000001,-0.4056435,9.8674866,-0.18147741223642377,3,0.33328684627487143,0.10273812518557379,2,3.8534002304830834
9.328,-0.04188870000000001,-0.3143124,9.7612443,-0.17894601951211087,3,0.1687595149542075,0.10003494944746,2,3.8549210285428313
9.344,-0.010496700000000001,-0.3143124,9.7567317,-0.17658842782854833,3,0.14734948022265812,0.09719067386873473,2,3.856498833529361
9.36,0.08083440000000001,-0.2934171,9.7567317,-0.174296177267804,3,0.14326566004652083,0.09438359702796391,2,3.8580314276965346
9.375,0.08083440000000001,-0.36375480000000004,9.7342668,-0.17254961845296002,3,0.11643725432292754,0.09178225356005808,2,3.859427671575945
9.391,0.12272310000000002,-0.36375480000000004,9.681881400000002,-0.17211167918758719,3,0.027371204085802046,0.0890249631789337,2,3.8608741293098565
9.407,0.10182780000000001,-0.287433,9.681881400000002,-0.17175288852004655,3,0.022424416721289454,0.08627404663727263,2,3.8622765213883863
9.422,-0.0045126,-0.3173535,9.8824959,-0.16650263301950297,3,0.35001703336955925,0.08373713022572592,2,3.863551605214859
9.438,-0.0045126,-0.3996594,9.898878600000002,-0.16090840435660247,3,0.34963929143128036,0.08111784192671707,2,3.8648704449920785
9.453,-0.0179523,-0.3996594,9.8225568,-0.15731022577227627,3,0.23987857228843304,0.07873120220075068,2,3.8660693128230346
9.469,-0.0179523,-0.3996594,9.8225568,-0.15379980764122614,3,0.21940113319063295,0.07624232193344266,2,3.867309101016108
9.485,-0.0823059,-0.3008727,9.874942200000001,-0.14917581361375198,3,0.28899962671713436,0.07381851696340283,2,3.868509587727283
9.5,-0.0823059,-0.3008727,9.874942200000001,-0.14466459992841152,3,0.3007475790226863,0.07161471386183652,2,3.869600336958472
9.516,0.0628821,-0.40868460000000006,9.8151012,-0.14163073943189275,3,0.18961628103242295,0.06932435114695408,2,3.870727849478542
9.532,0.0628821,-0.2365191,9.7297542,-0.14088979214750808,3,0.0463092052740421,0.06706418689431887,2,3.8718189577828723
9.547,0.0628821,-0.2365191,9.7297542,-0.14016691674810922,3,0.04819169329325544,0.06495626157760166,2,3.872809111146412
9.563,0.08534699999999999,-0.2365191,9.800091900000002,-0.13774251492771938,3,0.15152511377436437,0.06273298612419503,2,3.873830625128026
9.578,0.13469129999999999,-0.261927,9.800091900000002,-0.13534798564200656,3,0.1596352857142009,0.06068480736992225,2,3.874756258579232
9.594,0.0928026,-0.4654845,9.8674866,-0.13119773921660993,3,0.2593904015872892,0.05855244157105331,2,3.8757101565707597
9.61,0.0928026,-0.4654845,9.8674866,-0.1271487183137836,3,0.2530638064266453,0.056485669910810166,2,3.876630461462615
9.625,-0.0823059,-0.2634966,9.877983300000002,-0.12312664513435934,3,0.2681382119616077,0.05460860468494902,2,3.877463668522083
9.641,-0.0823059,-0.2634966,9.877983300000002,-0.11920267130077455,3,0.24524836459904864,0.05266997015346794,2,3.8783218971207907
9.657,-0.0823059,-0.3008727,9.8120601,-0.1169554501414165,3,0.1404513224598779,0.05078070518193041,2,3.879149502523474
9.672,0.0673947,-0.3008727,9.7417224,-0.11648051340817744,3,0.03166244888260293,0.049029935455308385,2,3.8798980823282534
9.688,0.08534699999999999,-0.3039138,9.7417224,-0.11601142838553002,3,0.029317813915463703,0.04716999992095873,2,3.8806676818112633
9.703,0.08534699999999999,-0.42663690000000004,9.7567317,-0.11507591863596112,3,0.06236731663793222,0.045436844818297684,2,3.881362233146808
9.719,0.1212516,-0.40417200000000003,9.831582000000001,-0.11235334444189782,3,0.17016088712895602,0.04361741071367481,2,3.8820746671910635
9.735,0.1212516,-0.40417200000000003,9.831582000000001,-0.1096971744964712,3,0.1660106215891631,0.041841006562167854,2,3.8827583345292704
9.75,-0.007455600000000001,-0.24544620000000003,9.922913099999999,-0.10502486630053554,3,0.3114872130623662,0.040230591256190246,2,3.8833738715129082
9.766,-0.007455600000000001,-0.40417200000000003,9.8615025,-0.10183643701447487,3,0.19927683037879157,0.03857570082967016,2,3.884004321849595
9.782,0.0179523,-0.40417200000000003,9.8046045,-0.10011202772679795,3,0.10777558047980741,0.03696011311173998,2,3.8846086083611264
9.797,0.0269775,-0.39671639999999997,9.8046045,-0.0984365940013685,3,0.11169558169529195,0.03547099844877868,2,3.88515184169783
9.813,0.0269775,-0.33226469999999997,9.7866522,-0.09729803081278021,3,0.07116019928676824,0.03390512145026549,2,3.8857068506570225
9.828,0.0614106,-0.33226469999999997,9.7387794,-0.0973503777678264,3,-0.0034897970030795936,0.03244525838591106,2,3.886204478505794
9.844,0.113796,-0.44753220000000005,9.7387794,-0.09727750529605039,3,0.004554529486000543,0.030888235321400045,2,3.8867111464554522
9.86,0.113796,-0.2709522,9.7582032,-0.09689161828021398,3,0.024117938489776038,0.029334882332789927,2,3.8871929313966858
9.875,0.08534699999999999,-0.2709522,9.866015100000002,-0.09389376312956443,3,0.19985701004329523,0.027903991972216532,2,3.8876222229539734
9.891,0.0763218,-0.3307932,9.866015100000002,-0.09092634158440305,3,0.18546384657258647,0.02642543113450479,2,3.8880568583388273
9.907,0.0030411,-0.44154810000000005,9.9363528,-0.08621897866193784,3,0.2942101826540752,0.025008268572534062,2,3.888468327936484
9.922,0.0030411,-0.3712104,9.883967400000001,-0.08297333074512281,3,0.21637652778766053,0.02373932625198106,2,3.8888339348976677
9.938,0.0373761,-0.3712104,9.776155500000002,-0.08243280057562608,3,0.033783135593545816,0.022416077201415065,2,3.8892031781252947
9.953,-0.028449,-0.3338343,9.776155500000002,-0.0819390372075155,3,0.03291755787404118,0.021183288418041603,2,3.8895301733674406
9.969,-0.028449,-0.3817071,9.783611100000002,-0.08123291009244227,3,0.044132944692076806,0.019877912839641937,2,3.889858662977502
9.985,-0.0059841,-0.3817071,9.842078700000002,-0.07912000795993812,3,0.13205638328150904,0.018595089495222893,2,3.8901664469961807
10.0,-0.0090252,-0.41466870000000006,9.842078700000002,-0.07702608453136683,3,0.13959489523808052,0.017423993801538064,2,3.8904365901209066
10.016,-0.0090252,-0.3143124,9.8644455,-0.07452856337941505,3,0.15609507199698655,0.016211556618251806,2,3.890705674524265
10.032,0.0928026,-0.3143124,9.7417224,-0.07507299151052216,3,-0.0340267581941944,0.01501474417913231,2,3.890955484930644
10.047,0.0928026,-0.3143124,9.7417224,-0.07560414090672474,3,-0.03540995974683728,0.013884665686002912,2,3.8911722305046323
10.063,-0.0254079,-0.3592422,9.8764137,-0.0728115002251446,3,0.1745400425987585,0.012697340556947954,2,3.891384886554576
10.078,-0.0254079,-0.3622833,9.891423,-0.0697184315566215,3,0.20620457790155677,0.011628366068584795,2,3.891567329354267
10.094,-0.0254079,-0.3622833,9.891423,-0.06670080358733088,3,0.18860174808066327,0.010537012187433175,2,3.891744652380315
10.11,0.0,-0.3847482,9.843550200000001,-0.06490363861487758,3,0.1123228107783313,0.009484176649815507,2,3.8919048218910133
10.125,0.0,-0.3847482,9.843550200000001,-0.06315030693443546,3,0.11688877869613665,0.008523772058195624,2,3.8920398815063235
10.141,-0.0239364,-0.3218661,9.800091900000002,-0.06255342928426444,3,0.03730485313568895,0.007518142168446023,2,3.892168216820137
10.157,0.0823059,-0.3712104,9.800091900000002,-0.061920867996818174,3,0.039535080465391524,0.00652234779019736,2,3.892280540739806
10.172,0.0823059,-0.3712104,9.800091900000002,-0.061303735033456874,0,0.04114219755741843,0.0050981632674702605,2,3.892367694572738
10.188,0.049442400000000004,-0.36071369999999997,9.8524773,-0.059439775012595675,0,0.11649750130382487,0.003632215187101839,2,3.8924375376003746
10.203,0.0119682,-0.3503151,9.818044200000001,-0.05847256862735328,0,0.06448042568283131,0.002247872609802295,2,3.892481638258851
10.219,0.0119682,-0.3503151,9.818044200000001,-0.05752895264174995,0,0.058975999100208065,0.0008198604396494678,2,3.892506180123247
10.235,0.029920500000000003,-0.32932170000000005,9.839037600000001,-0.056113385252341885,0,0.08847296183800415,0.0,2,3.892512739006764
10.25,0.029920500000000003,-0.32932170000000005,9.839037600000001,-0.054732343896823465,0,0.09206942370122449,-0.00042062123212203593,2,3.8925095843475233
10.266,0.0703377,-0.32932170000000005,9.851005800000001,-0.05308823016373765,0,0.10275710831786346,-0.0007831858246065233,2,3.8924999538910696
10.282,0.0464013,-0.35178660000000006,9.836094600000001,-0.05183219526693428,0,0.0785021810502106,-0.0011225492280518994,2,3.8924847080106484
10.297,0.0464013,-0.35178660000000006,9.836094600000001,-0.0506067953676137,0,0.0816933266213688,-0.0013908416578110373,2,3.8924658575790043
10.313,0.0224649,-0.3532581,9.8375661,-0.049376173208314,0,0.07691388495623112,-0.0016907054064184608,2,3.8924412052024904
10.328,0.0224649,-0.3936753,9.8464932,-0.04792061004292414,0,0.09703754435933191,-0.0019204312808026869,2,3.8924141216773362
10.344,0.0224649,-0.3936753,9.8464932,-0.04650054841815354,0,0.0887538515481622,-0.0021758005484913082,2,3.892381351822702
10.36,0.0777933,-0.3936753,9.855518400000001,-0.04488831337557997,0,0.10076469016084824,-0.002406911442841176,2,3.8923446901267713
10.375,0.0434583,-0.3847482,9.8704296,-0.04296573244134194,0,0.1281720622825303,-0.0025658167864681144,2,3.8923073946650515
10.391,0.058369500000000005,-0.3143124,9.831582000000001,-0.042095969218690854,0,0.05436020141569293,-0.0027463103997483764,2,3.8922648976475616
10.407,0.058369500000000005,-0.3143124,9.831582000000001,-0.04124741973317825,0,0.05303434284453785,-0.0029130575113633294,2,3.8922196227042725
10.422,0.0733788,-0.36669779999999996,9.8584614,-0.039717768938100306,0,0.1019767196718589,-0.003020296426397941,2,3.892175122549739
10.438,0.0733788,-0.36669779999999996,9.8584614,-0.03822542669900031,0,0.09327138994374976,-0.003143841991494746,2,3.892125809442396
10.453,0.0733788,-0.40417200000000003,9.8151012,-0.037790421593209444,0,0.02900034038605996,-0.0032139608536862737,2,3.892078125921057
10.469,-0.007455600000000001,-0.40417200000000003,9.871999200000001,-0.03598605433651514,0,0.11277295354339402,-0.0033041726611240706,2,3.8920259808529383
10.485,0.0045126,-0.36071369999999997,9.871999200000001,-0.03426677159519542,0,0.10745517133248218,-0.0033661952685777553,2,3.8919726179095004
10.5,0.0045126,-0.3547296,9.8375661,-0.03343399595038754,0,0.05551837632052333,-0.0033739510251696468,2,3.891922066812297
10.516,-0.0194238,-0.3547296,9.8240283,-0.03295106459189334,0,0.03018320990588738,-0.0034050315095078944,2,3.89186783495202
10.532,0.11673900000000001,-0.32932170000000005,9.8285409,-0.03237504115435286,0,0.03600146484628027,-0.0034276403554778638,2,3.8918131735771
10.547,0.08829,-0.34580249999999996,9.8285409,-0.0318065029322554,0,0.037902548139829156,-0.0034090019361274434,2,3.891761898759913
10.563,0.08829,-0.3487455,9.8495343,-0.030737604718584777,0,0.06680613835441379,-0.0034093547973341643,2,3.8917073519060454
10.578,0.0164808,-0.3487455,9.862974000000001,-0.029376494236631245,0,0.0907406987969094,-0.003360210539498248,2,3.891656580166019
10.594,-0.0014715,-0.3592422,9.862974000000001,-0.02803973168482088,0,0.08354765948814784,-0.0033195403468698646,2,3.891603142158928
10.61,-0.0014715,-0.36071369999999997,9.860031000000001,-0.02680599656624061,0,0.07710844491126682,-0.0032583061728783573,2,3.89155051938677
10.625,0.020993400000000002,-0.36071369999999997,9.7791966,-0.02757204784447076,0,-0.05107008521534146,-0.003166141505958707,2,3.8915023360291787
10.641,0.0793629,-0.3218661,9.7791966,-0.02834516131987108,0,-0.04831959221252009,-0.003113479179273443,2,3.891452099063697
10.657,0.0793629,-0.3278502,9.8524773,-0.02730829302260851,0,0.0648042685789107,-0.003058706814013279,2,3.8914027215757505
10.672,0.010496700000000001,-0.3278502,9.854046900000002,-0.02626610779354266,0,0.06947901527105407,-0.0029605148201344274,2,3.8913575774134945
10.688,-0.0045126,-0.3503151,9.8584614,-0.025123006850119367,0,0.07144380896395568,-0.002871627737283723,2,3.8913109202730354
10.703,0.007455600000000001,-0.3712104,9.8584614,-0.023989105430645807,0,0.07559342796491007,-0.0027399685793894324,2,3.89126883330066
10.719,0.007455600000000001,-0.3503151,9.774684,-0.024943548335061294,0,-0.059652681525967866,-0.0026314298095150893,2,3.891225862113549
10.735,0.007455600000000001,-0.3503151,9.774684,-0.025874712144247525,0,-0.05819773807413937,-0.00253797589334956,2,3.891184506867926
10.75,0.0688662,-0.3503151,9.874942200000001,-0.024333611906387276,0,0.10274001585734603,-0.002414538323729337,2,3.8911473630112976
10.766,0.053856900000000006,-0.34580249999999996,9.874942200000001,-0.02283624968248965,0,0.09358513899360146,-0.002291897216440351,2,3.891109711526976
10.782,0.0434583,-0.3771945,9.803133,-0.023098788730877118,0,-0.01640869052421666,-0.0021593775237472874,2,3.8910741013290546
10.797,0.0119682,-0.3487455,9.803133,-0.023382767868904253,0,-0.01893194253514162,-0.0020079891982456594,2,3.8910428460786397
10.813,0.0119682,-0.3487455,9.803133,-0.02365982068649153,0,-0.017315801099204706,-0.0018843299066888274,2,3.8910117075258004
