timestamps,acc_x,acc_y,acc_z,aAcc,aStages,aJerk,aVelocity,avStages,aHeight
0.047,0.1122264,-0.35777070000000005,9.8076456,-0.016560399364168532,0,0.0,0.0,0,0.0
0.063,0.1122264,-0.3083283,9.827069400000001,-0.016127836674138862,0,0.02703516812685436,0.0,0,0.0
0.078,0.1302768,-0.3083283,9.8689581,-0.014679309315814848,0,0.0965684905549343,0.0,1,0.0
0.094,0.1511721,-0.3503151,9.8689581,-0.013224699541023455,0,0.09091311092446208,-0.00021579155408581836,1,-1.7263324326865469e-06
0.11,0.1511721,-0.3503151,9.845021700000002,-0.012388945817642494,0,0.052234607711310055,0.0,1,-3.4526648653730938e-06
0.125,0.0868185,-0.3503151,9.895935600000001,-0.010351561242140761,0,0.1358256383667822,-9.125451990352022e-05,1,-4.137073764649495e-06
0.141,0.1257642,-0.3307932,9.895935600000001,-0.008370048002722896,0,0.12384457746361666,0.0,1,-4.867109923877657e-06
0.156,0.1257642,-0.3503151,9.845021700000002,-0.007661410052371309,0,0.0472425300234391,0.0,1,-4.867109923877657e-06
0.172,0.1482291,-0.3503151,9.8464932,-0.006926573485252163,0,0.04592728544494666,0.0,1,-4.867109923877657e-06
0.188,0.18864630000000002,-0.347274,9.8464932,-0.006195435042322117,0,0.045696152683127836,-8.294326579721826e-05,1,-5.530656050255403e-06
0.203,0.17667810000000003,-0.3951468000000001,9.830012400000001,-0.0058451414797744405,0,0.023352904169845087,0.0,1,-6.152730543734541e-06
0.219,0.17667810000000003,-0.38023560000000006,9.8105886,-0.00599104190163402,0,-0.00911877636622372,0.0,1,-6.152730543734541e-06
0.235,0.15568469999999998,-0.38023560000000006,9.8016615,-0.0063595926340340725,0,-0.023034420775003304,0.0,1,-6.152730543734541e-06
0.25,0.1586277,-0.3592422,9.8016615,-0.006737303157716923,0,-0.02518070157885667,0.0,1,-6.152730543734541e-06
0.266,0.1586277,-0.3592422,9.8016615,-0.0071058012296010276,0,-0.02303112949275652,-7.571368658623083e-05,1,-6.758440036424388e-06
0.281,0.15421320000000002,-0.31284090000000003,9.806076000000001,-0.007398198800707689,0,-0.019493171407110765,0.0,1,-7.32629268582112e-06
0.297,0.1511721,-0.36669779999999996,9.806076000000001,-0.007639137678735253,0,-0.015058679876722752,0.0,1,-7.32629268582112e-06
0.313,0.1511721,-0.3487455,9.855518400000001,-0.006685148645896533,0,0.059624314552419955,0.0,1,-7.32629268582112e-06
0.328,0.1511721,-0.3487455,9.855518400000001,-0.005754427638247961,0,0.06204806717657139,-1.2683491377227414e-05,1,-7.421418871150326e-06
0.344,0.1466595,-0.3487455,9.839037600000001,-0.005249743351303238,0,0.031542767934045285,0.0,1,-7.522886802168144e-06
0.36,0.1272357,-0.3248091,9.8240283,-0.005149777799234201,0,0.006247847004314794,0.0,1,-7.522886802168144e-06
0.375,0.16019730000000001,-0.3427614,9.8240283,-0.005025630816879456,0,0.008276465490316309,0.0,1,-7.522886802168144e-06
0.391,0.16019730000000001,-0.344331,9.7956774,-0.005594141825181254,0,-0.03553193801886231,0.0,1,-7.522886802168144e-06
0.406,0.08829,-0.2934171,9.8285409,-0.005410258260004852,0,0.01225890434509342,0.0,1,-7.522886802168144e-06
0.422,0.08829,-0.3202965,9.8255979,-0.0052821416406150234,0,0.008007288711864312,-1.3258974099129416e-05,1,-7.62895859496118e-06
0.438,0.12272310000000002,-0.3202965,9.8734707,-0.003981215187113918,0,0.08130790334381903,0.0,1,-7.735030387754216e-06
0.453,0.12272310000000002,-0.3202965,9.8734707,-0.0027120186471130125,0,0.08461310266672695,0.0,1,-7.735030387754216e-06
0.469,0.1437165,-0.3487455,9.8734707,-0.0014433805144076217,0,0.07928988329408714,0.0,1,-7.735030387754216e-06
0.485,0.1437165,-0.39671639999999997,9.7732125,-0.002604621010611652,0,-0.07257753101275181,0.0,1,-7.735030387754216e-06
0.5,0.1437165,-0.39671639999999997,9.8405091,-0.002097675254123743,0,0.033796383765860555,0.0,1,-7.735030387754216e-06
0.516,0.1406754,-0.36071369999999997,9.845021700000002,-0.001527952505727015,0,0.03560767177479548,0.0,1,-7.735030387754216e-06
0.531,0.1482291,-0.3847482,9.845021700000002,-0.0009472490036674941,0,0.03871356680396802,0.0,1,-7.735030387754216e-06
0.547,0.1482291,-0.36973890000000004,9.8704296,0.00022447486005994222,0,0.0732327414829647,0.0,1,-7.735030387754216e-06
0.563,0.1497006,-0.36973890000000004,9.8136297,-1.6065656284425245e-05,0,-0.015033782271523057,0.0,1,-7.735030387754216e-06
0.578,0.15568469999999998,-0.4027005000000001,9.8136297,-0.00021685930770765083,0,-0.013386243428215027,0.0,1,-7.735030387754216e-06
0.594,0.15568469999999998,-0.33981839999999996,9.803133,-0.000726559647407754,0,-0.03185627123125642,0.0,1,-7.735030387754216e-06
0.61,0.12272310000000002,-0.33981839999999996,9.8255979,-0.0006876826878841058,0,0.002429809970228012,0.0,1,-7.735030387754216e-06
0.625,0.1257642,-0.31136939999999996,9.8255979,-0.0006717954053598874,0,0.001059152168281229,0.0,1,-7.735030387754216e-06
0.641,0.1257642,-0.34580249999999996,9.8255979,-0.0006282281415721513,0,0.002722953986733498,0.0,1,-7.735030387754216e-06
0.656,0.1257642,-0.34580249999999996,9.8105886,-0.000951547154492971,0,-0.021554600861387958,0.0,1,-7.735030387754216e-06
0.672,0.11978010000000001,-0.3562992,9.8928945,0.0007463502190550031,0,0.10611858584674828,0.0,1,-7.735030387754216e-06
0.688,0.13469129999999999,-0.344331,9.8928945,0.0023971803164677397,0,0.10317688108829666,0.0,1,-7.735030387754216e-06
0.703,0.13469129999999999,-0.3218661,9.8524773,0.003004139234569436,0,0.0404639278734464,0.0,1,-7.735030387754216e-06
0.719,0.1646118,-0.3218661,9.860031000000001,0.0037914844752453547,0,0.049209077542244864,0.0,1,-7.735030387754216e-06
0.735,0.1721655,-0.3202965,9.860031000000001,0.004561524622500812,0,0.04812750920346605,0.0,1,-7.735030387754216e-06
0.75,0.1721655,-0.33981839999999996,9.7941078,0.0037220343306785253,0,-0.05596601945481908,0.0,1,-7.735030387754216e-06
0.766,0.1287072,-0.33981839999999996,9.834525,0.0038718606915679743,0,0.009364147555590554,0.0,1,-7.735030387754216e-06
0.781,0.1482291,-0.3652263,9.834525,0.0040469288643141255,0,0.011671211516410067,0.0,1,-7.735030387754216e-06
0.797,0.1482291,-0.3562992,9.803133,0.003444678277817914,0,-0.03764066165601317,0.0,1,-7.735030387754216e-06
0.813,0.13469129999999999,-0.33226469999999997,9.8225568,0.0033052183001878177,0,-0.008716248601881079,0.0,1,-7.735030387754216e-06
0.828,0.1482291,-0.33226469999999997,9.831582000000001,0.0033938879490271745,0,0.005911309922623781,0.0,1,-7.735030387754216e-06
0.844,0.1482291,-0.33226469999999997,9.831582000000001,0.003480394923505159,0,0.005406685904874026,0.0,1,-7.735030387754216e-06
0.86,0.1482291,-0.36375480000000004,9.831582000000001,0.003591958643513138,0,0.0069727325004986735,0.0,1,-7.735030387754216e-06
0.891,0.16019730000000001,-0.36669779999999996,9.8136297,0.0032705425678880573,0,-0.010368260504034848,0.0,1,-7.735030387754216e-06
0.891,0.15421320000000002,-0.3771945,9.8136297,0.002964324935023299,0,0.0,0.0,1,-7.735030387754216e-06
0.906,0.15421320000000002,-0.347274,9.842078700000002,0.0033320209908644927,0,0.024513070389412875,0.0,1,-7.735030387754216e-06
0.922,0.18266220000000002,-0.347274,9.8375661,0.003592638763285194,0,0.01628861077629383,9.015182068678514e-06,1,-7.662908931204787e-06
0.938,0.18266220000000002,-0.347274,9.8375661,0.0038469000046710278,0,0.015891327586614698,0.0,1,-7.59078747465536e-06
0.953,0.1032993,-0.4027005000000001,9.830012400000001,0.003934264647453389,0,0.005824309518824099,0.0,1,-7.59078747465536e-06
0.969,0.1032993,-0.4027005000000001,9.830012400000001,0.004019498445289926,0,0.005327112364783555,0.0,1,-7.59078747465536e-06
0.985,0.1482291,-0.32333760000000006,9.848062800000001,0.004485200225609276,0,0.029106361269959333,0.0,1,-7.59078747465536e-06
1.0,0.11821050000000001,-0.32333760000000006,9.8615025,0.005257243081031149,0,0.05146952369479147,0.0,1,-7.59078747465536e-06
1.016,0.1302768,-0.35777070000000005,9.8615025,0.006043143826580888,0,0.04911879659685865,0.0,1,-7.59078747465536e-06
1.031,0.1302768,-0.3503151,9.8120601,0.005598309899740528,0,-0.029655595122690864,9.340244220511478e-06,1,-7.520735643001524e-06
1.047,0.1302768,-0.3503151,9.871999200000001,0.0066252018321772965,0,0.06418074577729799,0.0,1,-7.446013689237432e-06
1.063,0.1122264,-0.36375480000000004,9.871999200000001,0.00763349082380671,0,0.06301806197683829,0.0,1,-7.446013689237432e-06
1.078,0.1122264,-0.33824879999999996,9.834525,0.007681676333954002,0,0.0032123673431527513,0.0,1,-7.446013689237432e-06
1.094,0.1032993,-0.33824879999999996,9.843550200000001,0.007946287050875966,0,0.01653816980762278,0.0,1,-7.446013689237432e-06
1.11,0.16019730000000001,-0.318825,9.843550200000001,0.00820720424023591,0,0.016307324334996473,9.031327041446758e-05,1,-6.723507525921691e-06
1.125,0.16019730000000001,-0.32932170000000005,9.8928945,0.009672872221951678,0,0.09771119878105185,0.0,1,-6.046157997813188e-06
1.141,0.1437165,-0.39671639999999997,9.845021700000002,0.00999032934494437,0,0.01984107018704327,0.0,1,-6.046157997813188e-06
1.156,0.18266220000000002,-0.39671639999999997,9.7701714,0.008491964378048777,0,-0.09989099779304021,2.0336659338490194e-05,1,-5.893633052774512e-06
1.172,0.16912439999999998,-0.36826739999999997,9.7701714,0.0069970665969787404,0,-0.09343111131687723,0.0,1,-5.730939778066591e-06
1.188,0.16912439999999998,-0.3427614,9.7656588,0.00540603214077251,0,-0.09943965351288933,0.0,1,-5.730939778066591e-06
1.203,0.18266220000000002,-0.3427614,9.839037600000001,0.00564806953685526,0,0.01613582640551656,0.0,1,-5.730939778066591e-06
1.219,0.18413369999999998,-0.3562992,9.839037600000001,0.005896592558714886,0,0.015532688866226593,0.0,2,-5.730939778066591e-06
1.235,0.18413369999999998,-0.38023560000000006,9.8016615,0.00525011685844845,0,-0.04040473126665219,7.910431724797266e-06,2,-5.6676563242682125e-06
1.25,0.1392039,-0.38023560000000006,9.866015100000002,0.006169621082717569,0,0.06130028161794165,0.0,2,-5.608328086332233e-06
1.266,0.1362609,-0.40417200000000003,9.866015100000002,0.007088884987121347,0,0.05745399402523605,0.0,2,-5.608328086332233e-06
1.281,0.1631403,-0.37268190000000007,9.843550200000001,0.007417997057459047,0,0.02194080468918017,0.0,2,-5.608328086332233e-06
1.297,0.1631403,-0.33226469999999997,9.827069400000001,0.007302124621649142,0,-0.007242027238119058,0.0,2,-5.608328086332233e-06
1.313,0.10477080000000001,-0.33226469999999997,9.827069400000001,0.007169685186664054,0,-0.008277464686567974,4.1963582075976724e-05,2,-5.272619429724419e-06
1.328,0.1362609,-0.33824879999999996,9.827069400000001,0.007054864932534599,0,-0.007654683608630282,0.0,2,-4.957892564154591e-06
1.344,0.1362609,-0.35777070000000005,9.8240283,0.006885577917600472,0,-0.010580438433382957,0.0,2,-4.957892564154591e-06
1.36,0.1362609,-0.35777070000000005,9.8495343,0.00734204679987549,0,0.02852930514218863,0.0,2,-4.957892564154591e-06
1.375,0.13469129999999999,-0.3173535,9.8495343,0.007753094451807385,0,0.02740317679545985,0.0,2,-4.957892564154591e-06
1.391,0.13469129999999999,-0.3278502,9.8046045,0.00706735991336771,0,-0.04285840865247966,0.00010576944281987747,3,-4.11173702159557e-06
1.406,0.1946304,-0.3278502,9.8136297,0.006642846043302342,0,-0.02830092467102474,0.0,3,-3.3184662004464946e-06
1.422,0.1406754,-0.3936753,9.8136297,0.006265194204905455,0,-0.023603239899805374,0.0,3,-3.3184662004464946e-06
1.438,0.20355750000000003,-0.33824879999999996,9.8225568,0.00609081817045265,0,-0.010898502153300339,0.0,3,-3.3184662004464946e-06
1.453,0.20355750000000003,-0.3622833,9.764187300000001,0.004519214782654046,0,-0.1047735591865727,0.0,3,-3.3184662004464946e-06
1.469,0.1661814,-0.3622833,9.8674866,0.005486118760680725,0,0.06043149862666736,7.03263239784091e-05,3,-2.7558556086192214e-06
1.485,0.1302768,-0.33530580000000004,9.8674866,0.006393053104725155,0,0.056683396502776824,0.0,3,-2.193245016791948e-06
1.5,0.1302768,-0.3652263,9.8120601,0.005952935738095633,0,-0.02934115777530167,0.0,3,-2.193245016791948e-06
1.516,0.1406754,-0.3652263,9.8255979,0.005856980246951693,0,-0.005997218196496229,0.0,3,-2.193245016791948e-06
1.531,0.10182780000000001,-0.34580249999999996,9.8255979,0.005734552222390832,0,-0.00816186830405746,0.0,3,-2.193245016791948e-06
1.547,0.10182780000000001,-0.3907323,9.8375661,0.005947813419560077,0,0.013328824823077833,3.282936175886576e-05,3,-1.930610122721022e-06
1.563,0.1002582,-0.3907323,9.833053500000002,0.006045509287673667,0,0.006105991757099355,0.0,3,-1.6679752286500955e-06
1.578,0.1317483,-0.33981839999999996,9.833053500000002,0.006103781429827038,0,0.003884809476891335,0.0,3,-1.6679752286500955e-06
1.594,0.1466595,-0.3307932,9.860031000000001,0.006815820201975242,0,0.04450242325926275,0.0,3,-1.6679752286500955e-06
1.61,0.1466595,-0.33226469999999997,9.842078700000002,0.007074134425417711,0,0.016144638965154265,0.0,3,-1.6679752286500955e-06
1.625,0.1466595,-0.33226469999999997,9.842078700000002,0.0073261483019457785,0,0.01680092510187129,4.23741943267799e-05,3,-1.3501687711992483e-06
1.641,0.1781496,-0.33226469999999997,9.839037600000001,0.007510561394649784,0,0.011525818294000335,0.0,3,-1.0111752165850089e-06
1.656,0.1915893,-0.38621970000000005,9.839037600000001,0.007744638664021863,0,0.015605151291472061,0.0,3,-1.0111752165850089e-06
1.688,0.1586277,-0.3652263,9.827069400000001,0.0076475075030852935,0,-0.0030353487792678076,2.175621101329489e-05,3,-6.630758403722903e-07
1.703,0.12272310000000002,-0.36375480000000004,9.827069400000001,0.007538889138613669,0,-0.0072412242981082274,0.0,3,-4.999042577725773e-07
1.719,0.12272310000000002,-0.3532581,9.8105886,0.007021907549811246,0,-0.03231134930015142,0.0,3,-4.999042577725773e-07
1.735,0.1526436,-0.3532581,9.7926363,0.006090245409593464,0,-0.0582288837636113,0.0,3,-4.999042577725773e-07
1.75,0.1646118,-0.36826739999999997,9.7926363,0.005199506986697244,0,-0.05938256152641506,0.0,3,-4.999042577725773e-07
1.766,0.1377324,-0.3592422,9.7806681,0.004020529278326634,0,-0.07368610677316305,1.547121610104632e-05,3,-3.7613452896420665e-07
1.781,0.1377324,-0.3532581,9.834525,0.004177597365510266,0,0.010471205812242177,0.0,3,-2.6010040820636e-07
1.797,0.16019730000000001,-0.3532581,9.836094600000001,0.0043773808921088175,0,0.012486470412409457,0.0,3,-2.6010040820636e-07
1.813,0.1437165,-0.34580249999999996,9.7672284,0.0028811903731948973,0,-0.09351190743211993,0.0,3,-2.6010040820636e-07
1.828,0.1437165,-0.34580249999999996,9.7672284,0.0014214923059618911,0,-0.09731320448219961,0.0,3,-2.6010040820636e-07
1.844,0.15421320000000002,-0.34580249999999996,9.8120601,0.0010939375443221877,0,-0.020472172602481447,0.0,3,-2.6010040820636e-07
1.86,0.1856052,-0.344331,9.8120601,0.0007863589489680578,0,-0.0192236622096331,0.0,3,-2.6010040820636e-07
1.875,0.1856052,-0.36375480000000004,9.842078700000002,0.0012348918009763565,0,0.029902190133886775,0.0,3,-2.6010040820636e-07
1.891,0.1392039,-0.36375480000000004,9.8240283,0.001213916577652796,0,-0.00131095145772253,0.0,3,-2.6010040820636e-07
1.906,0.15421320000000002,-0.3547296,9.7956774,0.0004999238800031947,0,-0.0475995131766404,0.0,3,-2.6010040820636e-07
1.922,0.11673900000000001,-0.33226469999999997,9.7956774,-0.0002284861629426871,0,-0.04552562768411757,0.0,3,-2.6010040820636e-07
1.938,0.11673900000000001,-0.33226469999999997,9.886910400000001,0.0012846415546849954,0,0.09457048235173007,0.0,3,-2.6010040820636e-07
1.953,0.1287072,-0.33226469999999997,9.7851807,0.0002848990845976118,0,-0.06664949800582502,0.0,3,-2.6010040820636e-07
1.969,0.1406754,-0.3592422,9.7851807,-0.0006632113830757902,0,-0.05925690422958757,0.0,3,-2.6010040820636e-07
1.985,0.1406754,-0.3891627,9.8136297,-0.0008670526672158729,0,-0.012740080258755159,0.0,3,-2.6010040820636e-07
2.0,0.1497006,-0.3891627,9.7956774,-0.001500134019480015,0,-0.042205423484276416,0.0,3,-2.6010040820636e-07
2.016,0.11821050000000001,-0.40711500000000006,9.7956774,-0.002110487575819775,0,-0.03814709727123496,0.0,3,-2.6010040820636e-07
2.031,0.11821050000000001,-0.3173535,9.7986204,-0.002715113074033937,0,-0.04030836654761046,0.0,3,-2.6010040820636e-07
2.047,0.1406754,-0.3173535,9.7895952,-0.003517746473702843,0,-0.05016458747930659,0.0,3,-2.6010040820636e-07
2.063,0.1437165,-0.36973890000000004,9.842078700000002,-0.0029758799419443704,0,0.033866658234904506,0.0,3,-2.6010040820636e-07
2.078,0.173637,-0.38023560000000006,9.842078700000002,-0.0024257282029349625,0,0.036676782600627976,0.0,3,-2.6010040820636e-07
2.094,0.173637,-0.37268190000000007,9.783611100000002,-0.0033208245350024868,0,-0.05594352075422022,0.0,3,-2.6010040820636e-07
2.11,0.2006145,-0.37268190000000007,9.830012400000001,-0.0030508292371091983,0,0.016874706118330515,0.0,3,-2.6010040820636e-07
2.125,0.18266220000000002,-0.3562992,9.830012400000001,-0.0028107510064447894,0,0.016005215377627127,0.0,3,-2.6010040820636e-07
2.141,0.18266220000000002,-0.3503151,9.8674866,-0.0016684995062874464,0,0.07139071875983387,0.0,3,-2.6010040820636e-07
2.156,0.1586277,-0.3503151,9.8375661,-0.001293450613470526,0,0.02500325952112782,0.0,3,-2.6010040820636e-07
2.172,0.1437165,-0.3592422,9.8375661,-0.0009252874270337941,0,0.02301019915229572,0.0,3,-2.6010040820636e-07
2.188,0.1437165,-0.31136939999999996,9.8076456,-0.0013351980488884863,0,-0.025619413865918237,0.0,3,-2.6010040820636e-07
2.203,0.142245,-0.31136939999999996,9.888480000000001,0.00023474692460290214,0,0.10466299823276146,0.0,3,-2.6010040820636e-07
2.219,0.11526750000000001,-0.3307932,9.752219100000001,-0.0015481124584191264,0,-0.11142871143887668,0.0,3,-2.6010040820636e-07
2.235,0.1062423,-0.3712104,9.752219100000001,-0.0032545305808042713,0,-0.10665113264907146,0.0,3,-2.6010040820636e-07
2.25,0.1062423,-0.3622833,9.842078700000002,-0.0027374386995173694,0,0.03447279208579317,0.0,3,-2.6010040820636e-07
2.266,0.1062423,-0.3622833,9.842078700000002,-0.002232958815335806,0,0.031529992761347686,0.0,3,-2.6010040820636e-07
2.281,0.1078119,-0.3622833,9.843550200000001,-0.0017045035104139572,0,0.03523035366145629,0.0,3,-2.6010040820636e-07
2.297,0.1212516,-0.3307932,9.843550200000001,-0.0012121463200358562,0,0.030772324398631284,0.0,3,-2.6010040820636e-07
2.313,0.1212516,-0.3367773,9.833053500000002,-0.0009826997124449122,0,0.01434041297443399,0.0,3,-2.6010040820636e-07
2.328,0.1287072,-0.3367773,9.855518400000001,-0.00020898234871680188,0,0.05158115758187512,0.0,3,-2.6010040820636e-07
2.344,0.142245,-0.4027005000000001,9.855518400000001,0.0006106718577179038,0,0.051228387902169055,0.0,3,-2.6010040820636e-07
2.36,0.142245,-0.3847482,9.8225568,0.0005896141948777966,0,-0.0013161039275066944,0.0,3,-2.6010040820636e-07
2.375,0.1781496,-0.3847482,9.821085300000002,0.0005474826795346388,0,-0.002808767689543833,0.0,3,-2.6010040820636e-07
2.391,0.1646118,-0.38621970000000005,9.800091900000002,-9.536356673223167e-06,0,-0.034813689762991346,0.0,3,-2.6010040820636e-07
2.406,0.1302768,-0.3891627,9.800091900000002,-0.0005627206188734135,0,-0.03687895081334572,0.0,3,-2.6010040820636e-07
2.422,0.1302768,-0.3817071,9.860031000000001,0.0003511419664921078,0,0.057116411585345035,0.0,3,-2.6010040820636e-07
2.438,0.16765290000000002,-0.3817071,9.783611100000002,-0.0006057472250962093,0,-0.05980557447426976,0.0,3,-2.6010040820636e-07
2.453,0.1915893,-0.3278502,9.783611100000002,-0.0015761824168638583,0,-0.06469567945117798,0.0,3,-2.6010040820636e-07
2.469,0.1915893,-0.3547296,9.7851807,-0.0024618466139152417,0,-0.055354012315711416,0.0,3,-2.6010040820636e-07
2.485,0.1631403,-0.3547296,9.834525,-0.0021359086899117585,0,0.020371120250217683,0.0,3,-2.6010040820636e-07
2.5,0.1646118,-0.3278502,9.8046045,-0.002569316818242129,0,-0.02889387522202445,0.0,3,-2.6010040820636e-07
2.516,0.1646118,-0.3278502,9.8046045,-0.0029921540166135685,0,-0.026427324898214952,-3.166369197544691e-06,3,-2.8543136178671753e-07
2.531,0.1497006,-0.3023442,9.8375661,-0.0026270161745447496,0,0.024342522804587728,0.0,3,-3.091791307683029e-07
2.547,0.11978010000000001,-0.3023442,9.8405091,-0.0022090324388965854,0,0.026123983478010235,0.0,3,-3.091791307683029e-07
2.563,0.16765290000000002,-0.3338343,9.8405091,-0.0017593903423307466,0,0.028102631035364898,0.0,3,-3.091791307683029e-07
2.578,0.16765290000000002,-0.3487455,9.7986204,-0.0023289943439426253,0,-0.037973600107459385,0.0,3,-3.091791307683029e-07
2.594,0.1631403,-0.3487455,9.830012400000001,-0.002121491911344364,0,0.012968902037391304,0.0,3,-3.091791307683029e-07
2.61,0.1302768,-0.3173535,9.830012400000001,-0.0019569284080489524,0,0.01028521895596323,0.0,3,-3.091791307683029e-07
2.625,0.1302768,-0.3562992,9.7911648,-0.0027106472248377145,0,-0.05024792111925039,0.0,3,-3.091791307683029e-07
2.641,0.1287072,-0.3562992,9.866015100000002,-0.0016222261264644544,0,0.0680263186483287,0.0,3,-3.091791307683029e-07
2.656,0.1287072,-0.33530580000000004,9.8225568,-0.0016375398526911056,0,-0.0010209150817767363,0.0,3,-3.091791307683029e-07
2.672,0.1287072,-0.33530580000000004,9.8225568,-0.001652480073399687,0,-0.0009337637942863344,0.0,3,-3.091791307683029e-07
2.688,0.1317483,-0.3503151,9.8285409,-0.001507457876058993,0,0.009063887333793366,0.0,3,-3.091791307683029e-07
2.703,0.1332198,-0.3503151,9.7851807,-0.002422283751233323,0,-0.06098839167828996,0.0,3,-3.091791307683029e-07
2.719,0.16765290000000002,-0.3547296,9.7851807,-0.0032980192452072288,0,-0.05473346837336907,0.0,3,-3.091791307683029e-07
2.735,0.16765290000000002,-0.39818790000000004,9.7821396,-0.004185753428172845,0,-0.05548338643535095,0.0,3,-3.091791307683029e-07
2.75,0.1107549,-0.3771945,9.7941078,-0.00480016930763405,0,-0.040961058630746686,-6.285785452001327e-05,3,-7.806130396684064e-07
2.766,0.1107549,-0.3771945,9.7941078,-0.005399599433937752,0,-0.03746438289398132,0.0,3,-1.283475875828513e-06
2.781,0.1107549,-0.3652263,9.7672284,-0.006650560939702288,0,-0.08339743371763506,0.0,3,-1.283475875828513e-06
2.797,0.15568469999999998,-0.3652263,9.8375661,-0.006141928049105516,0,0.03178955566229821,0.0,3,-1.283475875828513e-06
2.813,0.142245,-0.34580249999999996,9.8375661,-0.00566776818289938,0,0.029634991637883495,0.0,3,-1.283475875828513e-06
2.828,0.142245,-0.37425150000000007,9.830012400000001,-0.0053638829656108555,0,0.020259014485902047,-1.4387072635216672e-05,3,-1.3913789205926356e-06
2.844,0.142245,-0.37425150000000007,9.830012400000001,-0.005067409582890647,0,0.018529586420012994,0.0,3,-1.5064755016743692e-06
2.86,0.15568469999999998,-0.33981839999999996,9.831582000000001,-0.004765428151184636,0,0.01887383948162567,0.0,3,-1.5064755016743692e-06
2.875,0.16912439999999998,-0.34580249999999996,9.831582000000001,-0.0044603160023015676,0,0.020340809925537752,0.0,3,-1.5064755016743692e-06
2.891,0.16912439999999998,-0.37268190000000007,9.7941078,-0.005051920934215914,0,-0.03697530824464664,0.0,3,-1.5064755016743692e-06
2.906,0.1332198,-0.37268190000000007,9.821085300000002,-0.0049851491401984305,0,0.00445145293449889,0.0,3,-1.5064755016743692e-06
2.922,0.1332198,-0.37268190000000007,9.821085300000002,-0.00492000592652353,0,0.004071450854681299,0.0,3,-1.5064755016743692e-06
2.938,0.1332198,-0.30685680000000004,9.821085300000002,-0.004911956341784318,0,0.0005030990462007163,-5.496605577746429e-05,3,-1.946203947894084e-06
2.953,0.1332198,-0.2948886,9.8105886,-0.005168918840064762,0,-0.017130833218696642,0.0,3,-2.3584493662250574e-06
2.969,0.1482291,-0.2948886,9.803133,-0.0055961067702572365,0,-0.02669924563702961,0.0,3,-2.3584493662250574e-06
2.985,0.1062423,-0.347274,9.803133,-0.005984336650204369,0,-0.024264367496695784,0.0,3,-2.3584493662250574e-06
3.0,0.1526436,-0.3338343,9.7791966,-0.006942948455542108,0,-0.06390745368918208,0.0,0,-2.3584493662250574e-06
3.016,0.1526436,-0.3338343,9.7791966,-0.00787817948513947,0,-0.05845193934983501,-2.4860033706151398e-05,0,-2.5573296358742685e-06
3.031,0.15421320000000002,-0.3338343,9.8136297,-0.007950759150761044,0,-0.004838644374771621,0.0,0,-2.7437798886704056e-06
3.047,0.1721655,-0.3891627,9.8136297,-0.007964624501335393,0,-0.0008665844108968194,0.0,0,-2.7437798886704056e-06
3.063,0.1721655,-0.36973890000000004,9.8405091,-0.0073414218884035876,0,0.03895016330823783,0.0,0,-2.7437798886704056e-06
3.078,0.1497006,-0.36973890000000004,9.8255979,-0.00710576157108278,0,0.01571068782138748,-1.7023897562352258e-06,0,-2.7565478118421694e-06
3.094,0.1870767,-0.37268190000000007,9.8255979,-0.0068575300120965466,0,0.0155144724366396,0.0,0,-2.770166929892051e-06
3.11,0.1870767,-0.3712104,9.833053500000002,-0.006435028773314144,0,0.02640632742390012,0.0,0,-2.770166929892051e-06
3.125,0.1946304,-0.3712104,9.783611100000002,-0.007224072369538703,0,-0.05260290641497016,0.0,0,-2.770166929892051e-06
3.141,0.1915893,-0.347274,9.783611100000002,-0.008016752103634062,0,-0.04954248338095986,0.0,0,-2.770166929892051e-06
3.156,0.15568469999999998,-0.3891627,9.8615025,-0.006869145231320317,0,0.07650712482091566,-5.576327707389368e-05,0,-3.188391507946257e-06
3.172,0.15568469999999998,-0.33530580000000004,9.834525,-0.006455265486195572,0,0.025867484070296574,0.0,1,-3.6344977245374067e-06
3.188,0.11978010000000001,-0.33530580000000004,9.845021700000002,-0.005807886877255086,0,0.0404611630587803,0.0,1,-3.6344977245374067e-06
3.203,0.15421320000000002,-0.36375480000000004,9.845021700000002,-0.0051400030056196755,0,0.044525591442361664,0.0,1,-3.6344977245374067e-06
3.219,0.15421320000000002,-0.3143124,9.839037600000001,-0.004675768638055189,0,0.029014647972780392,0.0,1,-3.6344977245374067e-06
3.235,0.1362609,-0.3143124,9.8091171,-0.004958641455207413,0,-0.017679551072014004,0.0,1,-3.6344977245374067e-06
3.25,0.1437165,-0.33981839999999996,9.8091171,-0.0052112925455301,0,-0.016843406021512287,-7.44489147442174e-05,1,-4.192864585119042e-06
3.266,0.1437165,-0.36826739999999997,9.8105886,-0.00539689496907414,0,-0.011600151471502496,0.0,1,-4.788455903072782e-06
3.281,0.1497006,-0.36826739999999997,9.866015100000002,-0.004225026069038407,0,0.07812459333571488,0.0,1,-4.788455903072782e-06
3.297,0.1796211,-0.3262806,9.866015100000002,-0.0031055877462637937,0,0.06996489517341326,0.0,1,-4.788455903072782e-06
3.313,0.13469129999999999,-0.347274,9.8091171,-0.0034001927176721125,0,-0.018412810713019905,0.0,1,-4.788455903072782e-06
3.328,0.13469129999999999,-0.36826739999999997,9.8674866,-0.0022464339277110668,0,0.07691725266407136,0.0,1,-4.788455903072782e-06
3.344,0.1392039,-0.36826739999999997,9.8285409,-0.0020684262392212105,0,0.011125480530616006,0.0,1,-4.788455903072782e-06
3.36,0.1526436,-0.3098979,9.8285409,-0.0019389775367404383,0,0.008090543905048257,0.0,1,-4.788455903072782e-06
3.375,0.1526436,-0.3367773,9.8464932,-0.0013535807314433157,0,0.03902645368647451,0.0,1,-4.788455903072782e-06
3.391,0.16765290000000002,-0.3367773,9.8016615,-0.0018691672987749541,0,-0.032224160458227374,-1.5739595174493748e-06,1,-4.801047579212377e-06
3.406,0.45508590000000004,0.0733788,9.8016615,-0.0022839706656636594,0,-0.02765355779258012,0.0,1,-4.812852275593247e-06
3.422,0.45508590000000004,-0.0658251,9.8240283,-0.0021450299504390813,0,0.008683794701536122,0.0,1,-4.812852275593247e-06
3.438,0.32333760000000006,-0.0658251,9.8165727,-0.0023184224029755285,0,-0.01083702828352794,0.0,1,-4.812852275593247e-06
3.453,0.17069399999999998,-0.23200650000000003,9.8165727,-0.0025197660461682148,0,-0.013422909546179371,0.0,1,-4.812852275593247e-06
3.469,0.0030411,-0.36071369999999997,9.8165727,-0.002657644187758379,0,-0.008617383849385256,0.0,1,-4.812852275593247e-06
3.485,0.0030411,-0.45802890000000007,9.774684,-0.0037138255606858905,0,-0.06601133580796942,0.0,1,-4.812852275593247e-06
3.5,0.0373761,-0.45802890000000007,9.834525,-0.003284580971101292,0,0.02861630597230634,0.0,1,-4.812852275593247e-06
3.516,0.0373761,-0.45802890000000007,9.834525,-0.0028658057617505506,0,0.026173450584421307,0.0,1,-4.812852275593247e-06
3.531,0.053856900000000006,-0.4281084,9.834525,-0.002488226064295773,0,0.025171979830318283,0.0,1,-4.812852275593247e-06
3.547,0.09133110000000001,-0.49550310000000003,9.7911648,-0.0030921910224304128,0,-0.03774780988341494,0.0,1,-4.812852275593247e-06
3.563,0.1856052,-0.4235958000000001,9.7911648,-0.003731163000249893,0,-0.03993574861371748,0.0,1,-4.812852275593247e-06
3.578,0.1856052,-0.4235958000000001,9.7911648,-0.004354550295683879,0,-0.041559153028933274,-3.425897137574428e-05,1,-5.069794560911324e-06
3.594,0.1856052,-0.2544714,9.806076000000001,-0.004741950227471037,0,-0.02421249573669735,0.0,1,-5.343866331917279e-06
3.61,0.21856680000000003,-0.2544714,9.8151012,-0.0048833444095315315,0,-0.00883713637878091,0.0,1,-5.343866331917279e-06
3.625,0.21856680000000003,-0.2634966,9.7926363,-0.005563075715180332,0,-0.04531542037658635,0.0,1,-5.343866331917279e-06
3.641,0.1497006,-0.3218661,9.7926363,-0.0062152685380301165,0,-0.04076205142811148,0.0,1,-5.343866331917279e-06
3.656,0.04041720000000001,-0.41466870000000006,9.818044200000001,-0.006173206590315061,0,0.0028041298476703252,0.0,1,-5.343866331917279e-06
3.672,0.04041720000000001,-0.41466870000000006,9.818044200000001,-0.006132170543764914,0,0.0025647529093841804,-4.796481815325625e-05,1,-5.727584877143329e-06
3.688,0.0703377,-0.47755080000000005,9.818044200000001,-0.006018408605187986,0,0.007110121161058019,0.0,1,-6.111303422369379e-06
3.703,0.0703377,-0.4520448,9.8405091,-0.005389506575468772,0,0.04192680198128181,0.0,1,-6.111303422369379e-06
3.719,0.04041720000000001,-0.4520448,9.833053500000002,-0.004961696658906334,0,0.026738119785152368,0.0,1,-6.111303422369379e-06
3.735,0.0777933,-0.5299362,9.833053500000002,-0.004444107590778401,0,0.032349316757995766,0.0,1,-6.111303422369379e-06
3.75,0.0777933,-0.3532581,9.8240283,-0.004352436722150799,0,0.006111391241840111,0.0,1,-6.111303422369379e-06
3.766,0.1466595,-0.3532581,9.8105886,-0.004571376629780133,0,-0.013683744226833371,-2.614946423469891e-05,1,-6.320499136246971e-06
3.781,0.1511721,-0.36071369999999997,9.7806681,-0.005505882708485288,0,-0.062300405247009825,0.0,1,-6.516620118007215e-06
3.797,0.1526436,-0.34580249999999996,9.7806681,-0.006430164488646639,0,-0.0577676112600844,0.0,1,-6.516620118007215e-06
3.813,0.1526436,-0.3622833,9.7297542,-0.00855815877523547,0,-0.13299964291180177,0.0,1,-6.516620118007215e-06
3.828,0.1781496,-0.3622833,9.7911648,-0.009127144678092947,0,-0.03793239352383263,0.0,1,-6.516620118007215e-06
3.844,0.1377324,-0.37425150000000007,9.7911648,-0.009687171142276796,0,-0.03500165401149055,-0.00010027817542272201,1,-7.318845521388992e-06
3.86,0.15421320000000002,-0.3338343,9.7656588,-0.010884826423264826,0,-0.07485345506175183,0.0,1,-8.121070924770769e-06
3.875,0.15421320000000002,-0.3338343,9.7656588,-0.012053270599837518,0,-0.0778962784381788,0.0,1,-8.121070924770769e-06
3.891,0.1497006,-0.38023560000000006,9.7656588,-0.01315358348287532,0,-0.06876955518986255,-0.00013854471628202587,1,-9.229428655026977e-06
3.906,0.1497006,-0.3503151,9.7582032,-0.01443603905147306,0,-0.0854970379065153,0.0,1,-1.026851402714218e-05
3.922,0.1332198,-0.344331,9.821085300000002,-0.014165608992852796,0,0.016901878663766454,-7.428006964424819e-05,1,-1.0862754584296166e-05
3.938,0.1406754,-0.3023442,9.821085300000002,-0.013932934323124258,0,0.014542166858033655,0.0,1,-1.1456995141450152e-05
3.953,0.1406754,-0.3023442,9.821085300000002,-0.013705934645338758,0,0.015133311852366983,-6.3599334355329135e-06,1,-1.1504694642216647e-05
3.969,0.1406754,-0.34128990000000003,9.9033912,-0.011447309172325504,0,0.14116409206332822,0.0,1,-1.1555574109700911e-05
3.985,0.18864630000000002,-0.34128990000000003,9.8704296,-0.010027649652577963,0,0.08872871998422119,0.0,1,-1.1555574109700911e-05
4.0,0.18266220000000002,-0.37268190000000007,9.8704296,-0.00861769023930492,0,0.09399729421820209,-1.922560376519701e-05,1,-1.169976613793989e-05
4.016,0.18266220000000002,-0.3847482,9.7971489,-0.009016498553524599,0,-0.02492551963872989,0.0,1,-1.1853570968061466e-05
4.031,0.1287072,-0.3847482,9.7926363,-0.009536442065709139,0,-0.03466290081230339,0.0,1,-1.1853570968061466e-05
4.047,0.16166880000000003,-0.3278502,9.7926363,-0.010082247317269477,0,-0.034112828222521124,0.0,1,-1.1853570968061466e-05
4.063,0.16166880000000003,-0.37572300000000003,9.6639291,-0.013709256483627641,0,-0.22668807289738505,-0.00014672771422308967,1,-1.3027392681846184e-05
4.078,0.11821050000000001,-0.37572300000000003,9.6474483,-0.01766477433576341,0,-0.2637011901423747,0.0,1,-1.4127850538519398e-05
4.094,0.1437165,-0.36826739999999997,9.695321100000001,-0.020355729038765702,0,-0.16818466893764303,-0.00018619697236476468,1,-1.5617426317437518e-05
4.11,0.173637,-0.3503151,9.6235119,-0.024735340758670787,0,-0.2737257324940676,-4.692553074425558e-05,1,-1.748240634230968e-05
4.125,0.173637,-0.3503151,9.6235119,-0.029008132680530707,0,-0.2848527947906674,0.0,1,-1.7834347822891588e-05
4.141,0.1332198,-0.3503151,9.5501331,-0.03498077488026041,0,-0.37329013748310624,-0.00046191284202458686,1,-2.1529650559088286e-05
4.156,0.1466595,-0.36375480000000004,9.5501331,-0.04079069853052353,0,-0.3873282433508826,-0.0005301988926054535,1,-2.897048856881343e-05
4.172,0.1466595,-0.36669779999999996,9.5591583,-0.04623623492839002,0,-0.3403460248666554,-0.0007264143602767627,1,-3.902339459187117e-05
4.188,0.1646118,-0.36669779999999996,9.4827384,-0.05340407175870432,0,-0.4479898018946434,-0.0010235368137735167,1,-5.302300398427342e-05
4.203,0.16765290000000002,-0.36669779999999996,9.4827384,-0.06039578499686371,0,-0.4661142158772751,-0.0013770357394403089,1,-7.102729813337779e-05
4.219,0.16765290000000002,-0.32333760000000006,9.4738113,-0.06747298889546904,0,-0.44232524366283293,-0.00189998593057897,1,-9.724347149353205e-05
4.235,0.11978010000000001,-0.35777070000000005,9.334607400000001,-0.07775759888425782,1,-0.6427881242992978,-0.003061830632816784,1,-0.00013693800400069812
4.25,0.1212516,-0.35777070000000005,9.325582200000001,-0.08801084836331619,1,-0.6835499652705724,-0.004305093987173561,1,-0.00019218993865062454
4.266,0.1212516,-0.35777070000000005,9.325582200000001,-0.09801401858678638,1,-0.6251981389668865,-0.005793292922774383,1,-0.0002729770339302082
4.281,0.1392039,-0.3891627,9.325582200000001,-0.10773646486335764,1,-0.6481630851047646,-0.00733642154865043,1,-0.0003714498924658922
4.297,0.1392039,-0.36973890000000004,9.2927187,-0.1180418647021888,1,-0.6440874899269472,-0.009142648185174802,1,-0.0005032824503364942
4.313,0.3083283,-0.1511721,9.2627001,-0.12887761903914807,1,-0.6772346460599538,-0.011118004055105497,1,-0.0006653676682587368
4.328,0.3083283,-0.1511721,9.2627001,-0.13944908668496225,1,-0.7047645097209186,-0.013130454348036402,1,-0.000847231106282308
4.344,0.3083283,-0.18864630000000002,9.2103147,-0.1510226752790036,1,-0.7233492871275831,-0.015454228443748129,1,-0.0010759085686165844
4.36,0.2664396,-0.18864630000000002,9.1490022,-0.16384031972166468,1,-0.8011027776663175,-0.017973132403753478,1,-0.0013433274553965974
4.375,0.24397470000000002,-0.2529999,9.1490022,-0.1763227539589156,1,-0.832162282483413,-0.020524355456357772,1,-0.0016320586143474256
4.391,0.24397470000000002,-0.258984,9.0696393,-0.19043086338000315,1,-0.8817568388179701,-0.02345838439506913,1,-0.001983920533158841
4.406,0.24103170000000002,-0.16912439999999998,8.9737956,-0.20658489086836873,1,-1.076935165891062,-0.026436002551931854,1,-0.0023581284352613406
4.422,0.2709522,-0.16912439999999998,9.002244600000001,-0.22163067172532536,1,-0.9403613035597882,-0.029861727052681412,1,-0.002808510272098247
4.438,0.13469129999999999,-0.3023442,9.002244600000001,-0.23629928067378891,1,-0.9167880592789716,-0.03352516667187433,1,-0.0033156054218946933
4.453,0.13469129999999999,-0.36826739999999997,8.924451300000001,-0.2524458630403501,1,-1.076438824437372,-0.03719075524973051,1,-0.00384597483630675
4.469,0.1437165,-0.36826739999999997,8.909442,-0.26856091737930754,1,-1.0071908961848388,-0.041358809493087775,1,-0.004474371354249297
4.485,0.0928026,-0.38023560000000006,8.909442,-0.284287138671667,1,-0.982888830772465,-0.04578159394149558,1,-0.005171494581725965
4.5,0.0928026,-0.4445892,8.9333784,-0.298974160336515,1,-0.9791347776565563,-0.050156053684056845,1,-0.005891026938917593
4.516,0.053856900000000006,-0.4445892,8.8121268,-0.31626434532316416,1,-1.0806365616655702,-0.055077961729334296,1,-0.006732899062224722
4.531,0.09427410000000001,-0.47450970000000003,8.8121268,-0.3330865405373249,1,-1.1214796809440726,-0.05994809337328785,1,-0.00759559447549437
4.547,0.09427410000000001,-0.3847482,8.777791800000001,-0.35044163308590903,1,-1.0846932842865078,-0.06541631876227373,1,-0.008598509772578864
4.563,0.16912439999999998,-0.41908320000000004,8.761311000000001,-0.36770921015867764,1,-1.0792235670480368,-0.07116152550823043,1,-0.0096911325267429
4.578,0.08083440000000001,-0.41908320000000004,8.7448302,-0.38498780023104295,1,-1.1519060048243108,-0.07680675308615355,1,-0.010800894616200821
4.594,0.09878670000000002,-0.43556400000000006,8.7448302,-0.40182085180574667,1,-1.0520657234189814,-0.08310122230244787,1,-0.012080158419309634
4.625,0.1287072,-0.37425150000000007,8.7238368,-0.4188145307312521,1,-0.5481831911453411,-0.09582107073177124,1,-0.014853453961340003
4.625,0.0703377,-0.5194394999999999,8.7238368,-0.4352288212449231,1,0.0,-0.09582107073177124,1,-0.014853453961340003
4.641,0.0703377,-0.5194394999999999,8.7238368,-0.4512427632094802,1,-1.0008713727848164,-0.10291284340740647,1,-0.016443325274453427
4.656,0.0703377,-0.45802890000000007,8.6969574,-0.4676045680573928,1,-1.0907869898608638,-0.10980419839190787,1,-0.01803870308794825
4.672,0.0703377,-0.45802890000000007,8.684891100000002,-0.4838611870367959,1,-1.0160386862126938,-0.11741592443266138,1,-0.019856464070544803
4.688,0.16019730000000001,-0.48951900000000004,8.684891100000002,-0.4996504288108543,1,-0.986827610878648,-0.12528401735944258,1,-0.021798063604881637
4.703,0.16019730000000001,-0.318825,8.6953878,-0.5149922615392768,1,-1.0227888485614605,-0.13289383753706885,1,-0.023734397516605547
4.719,0.15421320000000002,-0.36973890000000004,8.7508143,-0.5285629762301003,1,-0.8481696681764676,-0.14124227943922388,1,-0.02592748645241589
4.735,0.16166880000000003,-0.36973890000000004,8.7702381,-0.541326169881243,1,-0.7976996031964216,-0.14980139260811462,1,-0.0282558358287946
4.75,0.17667810000000003,-0.35777070000000005,8.7702381,-0.553783106507078,1,-0.8304624417223453,-0.15801471218102686,1,-0.03056445661471311
4.766,0.17667810000000003,-0.344331,8.7193242,-0.5671899112698338,1,-0.8379252976722366,-0.16698249632324216,1,-0.03316443428274726
4.781,0.1317483,-0.344331,8.7718077,-0.5790101347505878,1,-0.7880148987169545,-0.17557899666839513,1,-0.03573364548018449
4.797,0.10928340000000002,-0.35777070000000005,8.7718077,-0.5905364744596184,1,-0.7203962318144124,-0.1849353695420768,1,-0.038617760409868265
4.828,0.10928340000000002,-0.3427614,8.785247400000001,-0.6014687664374829,1,-0.3526545799311061,-0.20341145077598222,1,-0.04463713612479829
4.828,0.1586277,-0.3427614,8.8077123,-0.6115686622625987,1,0.0,-0.20341145077598222,1,-0.04463713612479829
4.844,0.1437165,-0.3547296,8.8077123,-0.6214169080985048,1,-0.6155153647441342,-0.21327533533887105,1,-0.047970630413717116
4.86,0.1437165,-0.3547296,8.8077123,-0.6310249528164622,1,-0.6005027948723368,-0.2232948702261908,1,-0.051463192058237614
4.891,0.1272357,-0.34580249999999996,8.780734800000001,-0.6410708943093528,1,-0.3240626288029264,-0.24301235585664072,1,-0.05869095406252143
4.906,0.1781496,-0.34580249999999996,8.7597414,-0.6513617698129863,1,-0.6860583669089146,-0.25270560083755805,1,-0.06240883873772784
4.938,0.1482291,-0.36071369999999997,8.821152,-0.6599042303370286,1,-0.26695189137632114,-0.27368585683995833,1,-0.07083110206056811
4.953,0.1856052,-0.36071369999999997,8.7702381,-0.6694615896144533,1,-0.6371572851616251,-0.28365610048959483,1,-0.07501116674053993
4.969,0.1646118,-0.3817071,8.7702381,-0.6787744060543197,1,-0.5820510274916474,-0.294441988454945,1,-0.07963595145209625
4.985,0.1646118,-0.3592422,8.7433587,-0.6885381301065028,1,-0.610232753261441,-0.3053804887442316,1,-0.08443453126968967
5.0,0.18109260000000002,-0.3592422,8.7433587,-0.6980557760216417,1,-0.634509727675942,-0.31577994304019247,1,-0.08909323450807274
5.016,0.1332198,-0.318825,8.7433587,-0.7074004421650333,1,-0.5840416339619731,-0.3270235927856859,1,-0.09423566279467978
5.031,0.18109260000000002,-0.3307932,8.704413,-0.7174343941390209,1,-0.6689301315991875,-0.33770985405796605,1,-0.09922116364600705
5.047,0.18109260000000002,-0.3712104,8.740317600000001,-0.7263091633723988,1,-0.5546730770861203,-0.34925980251805744,1,-0.10471692089861524
5.063,0.16765290000000002,-0.3712104,8.704413,-0.7358487759948638,1,-0.5962257889040584,-0.36095706603299554,1,-0.11039865584702367
5.078,0.1287072,-0.37425150000000007,8.704413,-0.745168695759924,1,-0.6213279843373226,-0.37206469707115686,1,-0.11589631907030502
5.094,0.1287072,-0.344331,8.756798400000001,-0.7530148324040731,1,-0.49038354025931996,-0.38405016529646885,1,-0.12194523796924603
5.11,0.1482291,-0.344331,8.8405758,-0.75862057848407,1,-0.35035912999981067,-0.396143248583574,1,-0.12818678528028637
5.125,0.1586277,-0.3338343,8.8405758,-0.7640950121993342,1,-0.36496224768428287,-0.4075636155136993,1,-0.1342145867610158
5.141,0.1586277,-0.3712104,8.7417891,-0.771806502355652,1,-0.4819681347698608,-0.4198508276301392,1,-0.14083390230616652
5.156,0.15421320000000002,-0.3712104,8.7283494,-0.7796592829735687,1,-0.523518707861126,-0.4314868210201081,1,-0.14721893467104324
5.172,0.1930608,-0.3817071,8.8031997,-0.7854672275595931,1,-0.362996536626525,-0.4440078331043734,1,-0.1542228919040391
5.188,0.1631403,-0.40711500000000006,8.8031997,-0.7911205301367943,1,-0.3533314110750748,-0.45662053516594453,1,-0.16142791885020163
5.203,0.1631403,-0.3891627,8.7837759,-0.7971289333200247,1,-0.4005602122153429,-0.46853240614187114,1,-0.1683665659100105
5.219,0.18413369999999998,-0.3891627,8.773279200000001,-0.8032363898688253,1,-0.38171603430003886,-0.48133532872738194,1,-0.17596550778896453
5.235,0.1930608,-0.37866600000000006,8.773279200000001,-0.8092013989197167,1,-0.37281306568071015,-0.4942348310376907,1,-0.18377006906708512
5.25,0.1930608,-0.36669779999999996,8.672922900000001,-0.8174782627466541,1,-0.5517909217958442,-0.5064349285001889,1,-0.19127509226361905
5.266,0.1466595,-0.36669779999999996,8.732862,-0.8241149667211598,1,-0.41479399840660364,-0.5195676743359314,1,-0.199483113086308
5.281,0.17667810000000003,-0.3262806,8.732862,-0.8306153335181836,1,-0.4333577864682636,-0.5319781515877262,1,-0.20736970678073527
5.297,0.17667810000000003,-0.3622833,8.761311000000001,-0.8362294277157325,1,-0.35088088734680467,-0.5453129096775976,1,-0.21598803527085786
5.313,0.15568469999999998,-0.3622833,8.740317600000001,-0.8422278099252392,1,-0.3748988880941658,-0.5587405675787254,1,-0.22482046308890846
5.328,0.142245,-0.3218661,8.773279200000001,-0.8473207247229428,1,-0.3395276531802328,-0.5714121815885872,1,-0.23329660870766364
5.344,0.1482291,-0.3547296,8.773279200000001,-0.8522561275223524,1,-0.3084626749630945,-0.5850087964065496,1,-0.24254797653162474
5.36,0.1482291,-0.35178660000000006,8.777791800000001,-0.8569640827239713,1,-0.2942472001011828,-0.5986825580885202,1,-0.2520175073675853
5.375,0.1571562,-0.35178660000000006,8.7597414,-0.8619932550806819,1,-0.33527815711404924,-0.6115747381220549,1,-0.26109443708916447
5.391,0.12272310000000002,-0.37572300000000003,8.7597414,-0.8668889486680555,1,-0.3059808492108515,-0.6254057957520448,1,-0.2709902813601573
5.406,0.12272310000000002,-0.3532581,8.7912315,-0.870920657367023,1,-0.26878057993116616,-0.6384393677973076,1,-0.2804691200867772
5.422,0.1631403,-0.3532581,8.7957441,-0.8747280636366579,1,-0.23796289185218344,-0.652404557565337,1,-0.2907958714896784
5.438,0.18413369999999998,-0.37572300000000003,8.7957441,-0.8784098271537033,1,-0.230110219815338,-0.6664296606916599,1,-0.3013465452357344
5.453,0.18413369999999998,-0.36071369999999997,8.7537573,-0.883040079387234,1,-0.30868348223536435,-0.6796405349907174,1,-0.3114420717033526
5.469,0.18413369999999998,-0.36071369999999997,8.756798400000001,-0.8874833046963211,1,-0.277701581817946,-0.6938047220633858,1,-0.3224296337597854
5.485,0.1526436,-0.3278502,8.7553269,-0.8919002567918124,1,-0.2760595059682067,-0.7080397905552909,1,-0.3336443898607348
5.5,0.15568469999999998,-0.33824879999999996,8.7553269,-0.8961985341358929,1,-0.28655182293870635,-0.7214505314872484,1,-0.3443655672760536
5.516,0.15568469999999998,-0.36669779999999996,8.768766600000001,-0.9000366089722913,1,-0.239879677274901,-0.7358204126321138,1,-0.3560237348290085
5.531,0.13469129999999999,-0.36669779999999996,8.7103971,-0.9052117678340803,1,-0.34501059078593976,-0.7493597754581613,1,-0.36716258623968534
5.547,0.1392039,-0.3907323,8.7103971,-0.9102335145094251,1,-0.31385916720905155,-0.7638833377169094,1,-0.3792685311450859
5.563,0.1392039,-0.3907323,8.7103971,-0.915132779558542,1,-0.3062040655698037,-0.7784862680694532,1,-0.39160748799137685
5.578,0.1437165,-0.42065280000000005,8.735805,-0.9192579151291707,1,-0.2750090380419001,-0.7922441982796116,1,-0.4033879664889953
5.594,0.1437165,-0.42065280000000005,8.735805,-0.9232824376371003,1,-0.2515326567456009,-0.8069845211017418,1,-0.4161817962440461
5.61,0.11821050000000001,-0.38023560000000006,8.735805,-0.9272632516167274,1,-0.24880087372669535,-0.8217888866157724,1,-0.4292119835057862
5.625,0.1332198,-0.3817071,8.7597414,-0.9305569542552288,1,-0.21958017590009618,-0.8357225381598118,1,-0.4416433191916028
5.641,0.1332198,-0.3817071,8.7597414,-0.933770322683035,1,-0.20083552673788568,-0.8506371563753179,1,-0.45513419674788386
5.656,0.1856052,-0.3817071,8.7747507,-0.9365164381640021,1,-0.1830743653978138,-0.8646643070816704,1,-0.467998957723811
5.672,0.16019730000000001,-0.3891627,8.7747507,-0.9391997936687595,1,-0.16770971904733742,-0.8796700369363325,1,-0.481953632475955
5.688,0.16019730000000001,-0.3547296,8.7433587,-0.9426181662386863,1,-0.21364828562042673,-0.8947245806155921,1,-0.4961487894163704
5.703,0.1661814,-0.3547296,8.7553269,-0.9456588272597823,1,-0.2027107347397266,-0.9088866580668312,1,-0.5096758737064891
5.719,0.19011780000000003,-0.36071369999999997,8.7553269,-0.9486075018682296,1,-0.18429216302795465,-0.9240407886998553,1,-0.5243392932806227
5.735,0.19011780000000003,-0.3307932,8.7388461,-0.9519146362225186,1,-0.20669589714306083,-0.9392449658045813,1,-0.5392455793166582
5.75,0.2080701,-0.36375480000000004,8.756798400000001,-0.9546618697955491,1,-0.18314890486870575,-0.9535442895997165,1,-0.5534414987321901
5.766,0.2080701,-0.36375480000000004,8.756798400000001,-0.9573420976716775,1,-0.16751424225802655,-0.9688403213394543,1,-0.5688205756197035
5.781,0.2080701,-0.3532581,8.7792633,-0.9594200974541529,1,-0.13853331883169356,-0.9832160378028977,1,-0.5834609983132708
5.797,0.1571562,-0.3218661,8.7208938,-0.9629250859475693,1,-0.21906178083852515,-0.9985947992701114,1,-0.5993154850098549
5.813,0.1406754,-0.3218661,8.7283494,-0.9661697484979914,1,-0.20279140940138146,-1.014027557945676,1,-0.6154164638675812
5.828,0.173637,-0.2784078,8.7283494,-0.9693572293327897,1,-0.21249872231987535,-1.0285440102794072,1,-0.6307357506292699
5.844,0.173637,-0.290376,8.7597414,-0.9716923765399823,1,-0.14594670044953947,-1.0440724071263894,1,-0.6473166819685163
5.86,0.10477080000000001,-0.315882,8.7718077,-0.973681641553398,1,-0.1243290633384796,-1.0596353992711365,1,-0.6641463444196966
5.875,0.10477080000000001,-0.3562992,8.764254,-0.9757687196987277,1,-0.1391385430219838,-1.074256276980527,1,-0.6801505319915837
5.891,0.10477080000000001,-0.3562992,8.764254,-0.9778048934990498,1,-0.1272608625201287,-1.0898848658861093,1,-0.6974636611345169
5.906,0.1122264,-0.3562992,8.8331202,-0.9781110037468785,1,-0.020407349855252676,-1.1045542351154536,1,-0.7139219543920282
5.922,0.145188,-0.4101561,8.8331202,-0.978341015754296,1,-0.014375750463591063,-1.120205851271463,1,-0.7317200350831236
5.938,0.145188,-0.39818790000000004,8.8436169,-0.9783230353683834,1,0.0011237741195380113,-1.1358591636804445,1,-0.7497685552027389
5.953,0.15421320000000002,-0.36826739999999997,8.903457900000001,-0.9768752993372729,1,0.09651573540736169,-1.1505231511907374,1,-0.7669164225642734
5.969,0.1856052,-0.36826739999999997,8.8690248,-0.9762872064251233,1,0.03675580700934763,-1.1661484512368365,1,-0.785449795383694
5.985,0.2080701,-0.38023560000000006,8.8690248,-0.9756890067140933,1,0.0373874819393771,-1.1817642609419503,1,-0.8042330970811243
6.0,0.2080701,-0.39818790000000004,8.934948,-0.973480366660155,1,0.14724267026255528,-1.1963830312422568,1,-0.8220692017725055
6.016,0.19757340000000004,-0.39818790000000004,8.9902764,-0.9699835836440514,1,0.21854893850647963,-1.2119307428446904,1,-0.8413357119652011
6.031,0.18109260000000002,-0.37572300000000003,8.9902764,-0.9666041001704784,1,0.22529889823820315,-1.226455150473299,1,-0.8596236061650856
6.047,0.18109260000000002,-0.4101561,9.0906327,-0.9608256690699513,1,0.36115194378294435,-1.2418745886272224,1,-0.8793702440778898
6.063,0.15568469999999998,-0.4101561,9.0591426,-0.9559667959556126,1,0.30367956964616444,-1.257208928347427,1,-0.899362912213687
6.078,0.17069399999999998,-0.3652263,9.0591426,-0.9512666914142489,1,0.3133403027575691,-1.2715131795027015,1,-0.9183283280225637
6.094,0.13469129999999999,-0.33530580000000004,9.1280088,-0.9450458630678682,1,0.38880177164879426,-1.2866836799385584,1,-0.9387939028980938
6.11,0.1511721,-0.33530580000000004,9.171467100000001,-0.9379113698118271,1,0.44590582850256816,-1.301747337801596,1,-0.9595013510400151
6.125,0.1511721,-0.33530580000000004,9.171467100000001,-0.9309508885864215,1,0.4640320816937167,-1.3157638047395825,1,-0.9791326846090735
6.141,0.10928340000000002,-0.3427614,9.171467100000001,-0.9241679540184364,1,0.42393341049906624,-1.3306047554804215,1,-1.0003036330908337
6.156,0.10928340000000002,-0.37572300000000003,9.2432763,-0.9157691288622551,1,0.5599216770787645,-1.3444042836020262,1,-1.0203662008839516
6.172,0.0928026,-0.37572300000000003,9.3001743,-0.9061929946672631,1,0.5985083871870017,-1.3589799805902625,1,-1.0419932749974898
6.188,0.1482291,-0.35777070000000005,9.3001743,-0.8968501736388994,1,0.5839263142727308,-1.3734043259367117,1,-1.0638523494497056
6.203,0.1482291,-0.347274,9.377967600000002,-0.8858490737605926,1,0.7334066585537572,-1.3867745702922083,1,-1.0845536911714233
6.219,0.1526436,-0.347274,9.4603716,-0.8731063419183887,1,0.7964207401377481,-1.40084621361764,1,-1.106854657442702
6.235,0.1661814,-0.3562992,9.4603716,-0.860660670495502,1,0.7778544639304157,-1.4147163497169513,1,-1.1293791579493788
6.25,0.1661814,-0.3831786,9.4573305,-0.8485670539485621,1,0.8062411031293409,-1.4275355576502815,1,-1.1506960472546326
6.266,0.1661814,-0.3831786,9.4573305,-0.8367684036588656,1,0.7374156431060312,-1.441018241311141,1,-1.173644477646324
6.281,0.2394621,-0.3622833,9.601047000000001,-0.8217376526592126,1,1.0020500666435552,-1.4534570367335262,1,-1.1953530422316585
6.297,0.2394621,-0.3622833,9.601047000000001,-0.807073505342478,1,0.9165092072959117,-1.4664875259975398,1,-1.218712598733507
6.313,0.23347800000000002,-0.33824879999999996,9.601047000000001,-0.7927919768059475,1,0.8925955335331573,-1.4792864498547273,1,-1.2422787905403252
6.328,0.23347800000000002,-0.315882,9.5980059,-0.7789514569805149,1,0.9227013216954685,-1.4910745256081264,1,-1.2645564978562975
6.344,0.11978010000000001,-0.3307932,9.708858900000001,-0.7627853245863427,1,1.0103832746357613,-1.5034084198606612,1,-1.2885123614200478
6.375,0.11978010000000001,-0.3532581,9.7806681,-0.7452440369958602,1,0.5658479867897659,-1.526782874965185,1,-1.3354803264898478
6.375,0.1272357,-0.3532581,9.851005800000001,-0.7264139911669112,1,0.0,-1.526782874965185,1,-1.3354803264898478
6.391,0.1272357,-0.3532581,9.851005800000001,-0.7080432147484252,1,1.1481735261553705,-1.5382585326125078,1,-1.3600006577504693
6.406,0.145188,-0.3562992,9.851005800000001,-0.6901117868379316,1,1.195428527366267,-1.5487446951244053,1,-1.3831531819584957
6.422,0.10928340000000002,-0.3936753,9.774684,-0.6744542352087635,1,0.9785969768230087,-1.559661223300779,1,-1.408020429305897
6.438,0.10928340000000002,-0.37425150000000007,9.843550200000001,-0.6575188309929008,1,1.058462763491418,-1.5703170078303923,1,-1.4330602551549465
6.453,0.0718092,-0.37425150000000007,9.7851807,-0.6424274608423559,1,1.0060913433696184,-1.5800666050191572,1,-1.456688132251319
6.469,0.1287072,-0.3039138,9.7851807,-0.6277493725831818,1,0.9173805161983842,-1.5902280196865615,1,-1.4820504892489648
6.485,0.1287072,-0.3652263,9.8495343,-0.6118098097485873,1,0.9962226771621499,-1.6001444931452156,1,-1.507573469351619
6.5,0.16912439999999998,-0.3652263,9.8584614,-0.5960265717967506,1,1.0522158634558079,-1.6092032660068054,1,-1.5316435775452586
6.516,0.1870767,-0.36973890000000004,9.8584614,-0.5806162881691606,1,0.9631427267243744,-1.6186164088865327,1,-1.5574661349444052
6.531,0.1870767,-0.37572300000000003,9.830012400000001,-0.5662696000249383,1,0.9564458762815031,-1.6272180530479883,1,-1.5818098934089135
6.547,0.1915893,-0.37572300000000003,9.777627,-0.5535472251806706,1,0.7951484277667336,-1.6361765876496333,1,-1.6079170505344946
6.563,0.21552570000000001,-0.33226469999999997,9.777627,-0.5411613502198929,1,0.7741171850486055,-1.6449342562528377,1,-1.6341659372857145
6.578,0.16765290000000002,-0.3547296,9.7582032,-0.5295545665297858,1,0.7737855793404398,-1.6529646256284607,1,-1.6589001788998252
6.594,0.16765290000000002,-0.29783160000000003,9.7911648,-0.5174737934760749,1,0.7550483158569314,-1.6613408525085076,1,-1.685414622724921
6.61,0.1437165,-0.29783160000000003,9.8824959,-0.5034706208383408,1,0.8751982898583802,-1.669508407823023,1,-1.7120614168075732
6.625,0.142245,-0.3503151,9.8824959,-0.48976755760309487,1,0.913537549016416,-1.6769576941613336,1,-1.7371599125724553
6.641,0.142245,-0.37425150000000007,9.889951500000002,-0.4761956349382075,1,0.8482451665554606,-1.684685399701664,1,-1.7640530573233593
6.656,0.11673900000000001,-0.37425150000000007,9.9693144,-0.4610286999785149,1,1.0111289973128594,-1.6917145822135393,1,-1.7893760571877229
6.672,0.1122264,-0.3278502,9.9693144,-0.4462727779737481,1,0.9222451252979261,-1.6989729940371574,1,-1.8165015577977284
6.688,0.1122264,-0.3307932,9.975298500000001,-0.43172852258501315,1,0.9090159617959329,-1.7059970044416275,1,-1.8437413177855586
6.703,0.08083440000000001,-0.3307932,10.0516203,-0.41568597809388663,1,1.0695029660750608,-1.7123526131967195,1,-1.869378939917847
6.719,0.1482291,-0.31284090000000003,10.0710441,-0.3995565358876725,1,1.0080901378883835,-1.718874553308572,1,-1.8968287572498894
6.735,0.1526436,-0.347274,10.0710441,-0.38379138156637005,1,0.9853221450814011,-1.7251413366482045,1,-1.9243808843695436
6.75,0.1526436,-0.347274,10.1444229,-0.36662227545999926,1,1.1446070737580771,-1.730769439075902,1,-1.9503002151874738
6.766,0.19610190000000002,-0.347274,10.1518785,-0.3496720181381914,1,1.0593910826129918,-1.7364997934246875,1,-1.9780383690474785
6.781,0.1631403,-0.3307932,10.1518785,-0.33316281067509124,1,1.1006138308733662,-1.741621054640787,1,-2.004124275407969
6.797,0.1631403,-0.3338343,10.2297699,-0.31515531171069533,1,1.125468685274743,-1.7468075996198733,1,-2.0320317046420544
6.813,0.1631403,-0.3338343,10.340524799999999,-0.29488744211345264,1,1.2667418498276672,-1.7516879416504665,1,-2.060019668972217
6.828,0.1870767,-0.3562992,10.340524799999999,-0.2750857596862488,1,1.3201121618135376,-1.7559627406639644,1,-2.0863270490895767
6.844,0.1870767,-0.344331,10.351021500000002,-0.25552109341980866,1,1.2227916416525086,-1.7602075954888128,1,-2.1144564117787987
6.86,0.1796211,-0.344331,10.4318559,-0.2344666376512894,1,1.3159034855324536,-1.7641274973373815,1,-2.142651092521408
6.875,0.21101310000000004,-0.3547296,10.4228307,-0.21412284312154561,1,1.3562529686496139,-1.7674919184431777,1,-2.169138238139762
6.891,0.21101310000000004,-0.3547296,10.4228307,-0.19427523870228391,1,1.2404752762038551,-1.7707591030977683,1,-2.1974442463120893
6.906,0.1482291,-0.35178660000000006,10.4228307,-0.17494052393124626,1,1.288980984735871,-1.7735282213175196,1,-2.2240264012452036
6.922,0.1482291,-0.3427614,10.4886558,-0.15448024988438114,1,1.278767127929069,-1.7761635875080446,1,-2.2524239357158082
6.938,0.09133110000000001,-0.3218661,10.5216174,-0.13374744978690245,1,1.2958000060924169,-1.778469409105415,1,-2.280860999688716
6.953,0.09133110000000001,-0.3218661,10.5216174,-0.11352032774058252,1,1.3484748030879445,-1.7803239174368712,1,-2.307551949637784
6.969,0.09133110000000001,-0.318825,10.6818147,-0.08988346661000257,1,1.4773038206612452,-1.7819511477916758,1,-2.3360501501596125
6.985,0.1272357,-0.318825,10.687798800000001,-0.06666828103737288,2,1.4509490982893545,-1.7832035617728548,1,-2.3645713878361287
7.0,0.142245,-0.35178660000000006,10.687798800000001,-0.04398949956749476,2,1.5119187646585734,-1.7840334951273913,1,-2.39132566576288
7.016,0.142245,-0.318825,10.743127200000002,-0.020540308811792585,2,1.4655744222313847,-1.7845497335944256,1,-2.4198743315926547
7.031,0.1332198,-0.318825,10.731159000000002,0.0020423735204797566,2,1.505512155484855,-1.7846884681091104,1,-2.4466436181054307
7.047,0.1466595,-0.3652263,10.7042796,0.023459426836163644,2,1.3385658322302418,-1.7844844537062572,1,-2.4751970014799536
7.063,0.1466595,-0.40868460000000006,10.731159000000002,0.04504745917553166,2,1.3492520212104997,-1.7839363986181636,1,-2.503744368298549
7.078,0.1466595,-0.40868460000000006,10.731159000000002,0.066108954140768,3,1.4040996643490367,-1.7831027255182912,1,-2.5304971617295737
7.094,0.1526436,-0.40868460000000006,10.7955126,0.08822710010030654,3,1.3823841224711573,-1.7818680370843627,1,-2.559016927830395
7.11,0.1781496,-0.4311495000000001,10.7955126,0.10983659602007378,3,1.3505934949854514,-1.7802835275153996,1,-2.587514140347193
7.125,0.21709530000000002,-0.41309910000000005,10.798553700000001,0.1309933089242037,3,1.4104475269420236,-1.7784773032283177,1,-2.6142048465777705
7.141,0.21709530000000002,-0.41309910000000005,10.798553700000001,0.15163400444042807,3,1.2900434697640228,-1.7762162847214007,1,-2.6426423952813685
7.156,0.18864630000000002,-0.37268190000000007,10.798553700000001,0.17172240720749343,3,1.3392268511377192,-1.7737911116340412,1,-2.6692674507540337
7.172,0.18864630000000002,-0.2994012,10.7387127,0.18980651521659375,3,1.1302567505687688,-1.7708988802546486,1,-2.697624970689143
7.188,0.18266220000000002,-0.2994012,10.686229200000001,0.20616762562510438,3,1.0225694005319133,-1.767731087127915,1,-2.7259340104282037
7.203,0.10182780000000001,-0.34128990000000003,10.744696800000002,0.22355931763938308,3,1.159446134285203,-1.7645081350534313,1,-2.752425804594565
7.219,0.16019730000000001,-0.287433,10.744696800000002,0.2405057596439839,3,1.0591526252875507,-1.7607956144351644,1,-2.780628234590474
7.235,0.16019730000000001,-0.3023442,10.674261000000001,0.25533178016458535,3,0.9266262825375896,-1.756828914116696,1,-2.8087692308188887
7.25,0.1631403,-0.3023442,10.6818147,0.2699814183358704,3,0.9766425447523583,-1.7528890651279425,1,-2.835092115663223
7.266,0.1466595,-0.3173535,10.6818147,0.28427853559924365,3,0.8935698289608266,-1.7484549854964615,1,-2.8631028680682182
7.281,0.1466595,-0.32333760000000006,10.731159000000002,0.2994341757329906,3,1.0103760089164835,-1.7440771401614699,1,-2.8892968590106523
7.297,0.1661814,-0.32333760000000006,10.7296875,0.3141912329663672,3,0.9223160770860376,-1.739168136891875,1,-2.917162821227079
7.313,0.1721655,-0.3143124,10.7296875,0.328584124690698,3,0.899555732770673,-1.7340259340306186,1,-2.944948373794459
7.328,0.1721655,-0.35777070000000005,10.707222600000001,0.3421115975056104,3,0.9018315209941259,-1.728995716114146,1,-2.970921036170546
7.344,0.1062423,-0.40417200000000003,10.8060093,0.3577360974733672,3,0.9765312479848012,-1.7233969345543143,1,-2.9985401773758937
7.36,0.145188,-0.4235958000000001,10.8060093,0.37300868483573346,3,0.9545367101478899,-1.7175509762958414,1,-3.026067760662695
7.375,0.145188,-0.4235958000000001,10.8060093,0.3879087700673107,3,0.9933390154385054,-1.7118440953840688,1,-3.0517882237002936
7.391,0.145188,-0.42506730000000004,10.7701047,0.4015718828629353,3,0.8539445497265367,-1.7055282501606268,1,-3.079127202464651
7.406,0.13469129999999999,-0.3771945,10.7641206,0.4147091180320803,3,0.8758156779430187,-1.6994061426539144,1,-3.1046642104107596
7.422,0.13469129999999999,-0.3562992,10.7506809,0.42718098789452874,3,0.7794918664030253,-1.6926710218065015,1,-3.131800827726443
7.438,0.13469129999999999,-0.3562992,10.7506809,0.4393486658091117,3,0.7604798696614339,-1.6857387845768723,1,-3.15882810617751
7.453,0.17069399999999998,-0.3562992,10.7387127,0.4509403247077213,3,0.7727772599072761,-1.6790616171479957,1,-3.1840641091904476
7.469,0.1526436,-0.3532581,10.7387127,0.4622401877983098,3,0.7062414431617807,-1.6717561730479475,1,-3.2108706515120153
7.485,0.1526436,-0.2918475,10.732728600000002,0.4730735952708809,3,0.6770879670356938,-1.664273662783394,1,-3.2375588901986663
7.5,0.16912439999999998,-0.2918475,10.734200099999999,0.4836846684792455,3,0.707404880557657,-1.6570979758052682,1,-3.2624691774880805
7.516,0.10928340000000002,-0.2829204,10.759608,0.49463164732222076,3,0.684186177685952,-1.6492714452788564,1,-3.2889201328567537
7.531,0.1781496,-0.2604555,10.759608,0.5053202229645848,3,0.7125717094909504,-1.6417718062517055,1,-3.313602957243232
7.547,0.1781496,-0.34580249999999996,10.731159000000002,0.515113291668813,3,0.6120667940142649,-1.6336083381346382,1,-3.339805998398323
7.563,0.1272357,-0.34580249999999996,10.758136499999999,0.5253074477934305,3,0.6371347577885927,-1.6252849722189402,1,-3.3658771448811513
7.578,0.1272357,-0.34580249999999996,10.758136499999999,0.5352529659637906,3,0.6630345446906446,-1.6173307691157608,1,-3.3901967629411627
7.594,0.1571562,-0.3503151,10.758136499999999,0.5449691090705393,3,0.6072589441717952,-1.6086889925154861,1,-3.4160049210342125
7.61,0.1571562,-0.3083283,10.8030663,0.5555122275676716,3,0.658944906070768,-1.5998851418223805,1,-3.4416735141089156
7.625,0.173637,-0.3083283,10.767063600000002,0.564926705471521,3,0.6276318602566412,-1.5914818498245868,1,-3.4656087665462674
7.641,0.1526436,-0.3547296,10.767063600000002,0.5741386351233704,3,0.5757456032405844,-1.5823693270998278,1,-3.4909995759616628
7.656,0.1526436,-0.38621970000000005,10.777560300000001,0.5834081195058918,3,0.6179656255014397,-1.5736877264401086,1,-3.5146700038632117
7.672,0.1272357,-0.38621970000000005,10.8538821,0.5943036713254966,3,0.680971988725298,-1.5642660321134574,1,-3.5397736339316404
7.688,0.1466595,-0.4400766,10.8599643,0.6051376223986011,3,0.6771219420690361,-1.5546705017636646,1,-3.5647251262026574
7.703,0.15421320000000002,-0.37572300000000003,10.8599643,0.6156509741599319,3,0.7008901174220218,-1.5455145872894753,1,-3.5879765143705566
7.719,0.15421320000000002,-0.42065280000000005,10.810521900000001,0.624743169033886,3,0.568262179622136,-1.5355914341439247,1,-3.612625362542024
7.735,0.1511721,-0.42065280000000005,10.822490100000001,0.6339042146814968,3,0.572565352975673,-1.5255222550742016,1,-3.637114272055769
7.75,0.1377324,-0.37572300000000003,10.822490100000001,0.6427971600782474,3,0.5928630264500501,-1.5159469947635038,1,-3.6599252914295515
7.766,0.1377324,-0.3592422,10.785114,0.65054852954019,3,0.4844605913714157,-1.5056002292465562,1,-3.684097669221632
7.781,0.1661814,-0.3592422,10.7132067,0.6563679624791607,3,0.38796219593138775,-1.4957983555564114,1,-3.706608158607654
7.797,0.1466595,-0.3338343,10.7132067,0.6620184775180658,3,0.353157189931563,-1.4852512640364335,1,-3.7304565555643965
7.813,0.1466595,-0.30685680000000004,10.7057511,0.6673297583835431,3,0.33195505409233633,-1.4746164781492206,1,-3.7541354975018817
7.828,0.1482291,-0.2963601,10.722231899999999,0.6729065923091824,3,0.3717889283759349,-1.4645647055190247,1,-3.7761793563793944
7.844,0.1392039,-0.2963601,10.7476398,0.6789638736166861,3,0.37858008171898183,-1.4537497417916179,1,-3.7995258719578797
7.86,0.1571562,-0.2738952,10.7476398,0.6848649209787663,3,0.36881546013001165,-1.4428391114348542,1,-3.8226985827836915
7.875,0.1571562,-0.3083283,10.719190800000002,0.6899512596689839,3,0.3390892460145121,-1.4325279900799963,1,-3.8442638360450525
7.891,0.1661814,-0.3083283,10.765592100000001,0.696047997476601,3,0.3810461129760686,-1.4214399960228317,1,-3.867095579933875
7.906,0.173637,-0.3652263,10.765592100000001,0.7020422886096522,3,0.3996194088700937,-1.410954318877185,1,-3.888338537295625
7.922,0.173637,-0.34580249999999996,10.7626491,0.7078030091422303,3,0.3600450332861268,-1.39967555649517,1,-3.9108235762986037
7.938,0.1482291,-0.34580249999999996,10.7701047,0.7135956966905592,3,0.36204297177055944,-1.3883043668485076,1,-3.933127415685353
7.953,0.1870767,-0.37572300000000003,10.7701047,0.7192862664830812,3,0.3793713195014541,-1.3775577521247049,1,-3.953871381577653
7.969,0.1870767,-0.36973890000000004,10.8030663,0.7256363434284516,3,0.3968798090856481,-1.3659983712454127,1,-3.975819830564614
7.985,0.21552570000000001,-0.40711500000000006,10.755095400000002,0.7307082546658759,3,0.3169944523390142,-1.354347614460658,1,-3.9975825984502626
8.0,0.17510850000000003,-0.40711500000000006,10.7791299,0.7362242856397714,3,0.3677353982597095,-1.343345620408366,1,-4.01781529771178
8.016,0.1497006,-0.36071369999999997,10.7791299,0.7415561711470797,3,0.33324284420677114,-1.3315233767540713,1,-4.0392142496890795
8.031,0.1497006,-0.2948886,10.7476398,0.7459415251013528,3,0.2923569302848613,-1.3203671440322076,1,-4.059103428594978
8.047,0.1661814,-0.2948886,10.7206623,0.7495681625677335,3,0.22666484164879355,-1.3084030665308548,1,-4.080133590279482
8.063,0.1437165,-0.3592422,10.7206623,0.7531462884648086,3,0.22363286856719158,-1.2963813509225945,1,-4.10097186561911
8.078,0.1437165,-0.3622833,10.761079500000001,0.7576247743845617,3,0.29856572798356296,-1.2850505679512252,1,-4.120332605010662
8.094,0.08534699999999999,-0.3622833,10.7835444,0.7625264839777373,3,0.3063568495734745,-1.2728893578843268,1,-4.140796124417347
8.11,0.13469129999999999,-0.3367773,10.789528500000001,0.7674466301388492,3,0.30750913506949445,-1.260649572971394,1,-4.161064435864192
8.125,0.13469129999999999,-0.3367773,10.789528500000001,0.7722467727350555,3,0.32000950641374215,-1.2491018724498393,1,-4.179887571704852
8.141,0.16019730000000001,-0.3367773,10.6967259,0.7746762195824264,3,0.15184042796068095,-1.2367264885112994,1,-4.199774198592541
8.156,0.142245,-0.3307932,10.786585500000001,0.7792261405823879,3,0.3033280666640914,-1.2250722208100628,1,-4.218237688912452
8.172,0.1796211,-0.34128990000000003,10.786585500000001,0.7836866518879493,3,0.2787819565975844,-1.2125689184703001,1,-4.237738818026695
8.188,0.1796211,-0.3039138,10.7162478,0.7862964924429185,3,0.16311503468557906,-1.200009053315653,1,-4.257039441800982
8.203,0.19011780000000003,-0.3039138,10.7806014,0.7904158202983407,3,0.274621857028164,-1.1881837109700946,1,-4.274950887533124
8.219,0.17069399999999998,-0.3338343,10.7806014,0.7944483263990403,3,0.2520316312937252,-1.1755047977965154,1,-4.293860395603256
8.235,0.17069399999999998,-0.3338343,10.7806014,0.7983824786924067,3,0.24588451833540392,-1.1627621513557838,1,-4.312566531196475
8.25,0.1661814,-0.34580249999999996,10.7387127,0.8012071263481317,3,0.18830984371499204,-1.1507652293179793,1,-4.3299179865515285
8.266,0.16912439999999998,-0.3487455,10.7387127,0.8039663198534743,3,0.17244959408391197,-1.1379238417483664,1,-4.34822749912006
8.281,0.16912439999999998,-0.3503151,10.7162478,0.8061118967027792,3,0.14303845662031664,-1.125848255124194,1,-4.365205789846605
8.297,0.16912439999999998,-0.3503151,10.7162478,0.8082051424094185,3,0.1308278566649611,-1.1129337188112964,1,-4.383116045638088
8.313,0.11526750000000001,-0.3248091,10.6818147,0.8093709325333815,3,0.07286188274768783,-1.099993110211754,1,-4.400819460270273
8.328,0.10182780000000001,-0.3248091,10.6982955,0.810906726513684,3,0.10238626535350544,-1.087841027768902,1,-4.417228216305126
8.344,0.145188,-0.344331,10.6982955,0.8124321467508455,3,0.09533876482259443,-1.0748543167827858,1,-4.43452977906154
8.36,0.1122264,-0.33226469999999997,10.695254400000001,0.8138272609831585,3,0.087194639519561,-1.0618442415209137,1,-4.4516233675279695
8.375,0.1122264,-0.33226469999999997,10.695254400000001,0.815188348039074,3,0.0907391370610321,-1.0496266244532466,1,-4.4674593990227764
8.391,0.1032993,-0.3307932,10.695254400000001,0.816512933250003,3,0.08278657568305807,-1.036573014202934,1,-4.484148996132026
8.406,0.1032993,-0.36826739999999997,10.719190800000002,0.8184185071139147,3,0.12703825759411314,-1.0243110284002042,1,-4.49960562645155
8.422,0.1362609,-0.36826739999999997,10.701238500000002,0.8198490142384838,3,0.08940669528556536,-1.011204888229385,1,-4.515889753784586
8.438,0.15421320000000002,-0.3891627,10.701238500000002,0.8212685924889556,3,0.0887236406544866,-0.9980759473755654,1,-4.531964000469426
8.453,0.15421320000000002,-0.37572300000000003,10.7206623,0.8231152516888667,3,0.12311061332741764,-0.9857430685442327,1,-4.546842643088823
8.469,0.16166880000000003,-0.3876912,10.70271,0.8244924083192071,3,0.08607228939627723,-0.9725622072641681,1,-4.56250908529529
8.485,0.16019730000000001,-0.3876912,10.732728600000002,0.8265670373308645,3,0.1296643132285834,-0.9593537316989675,1,-4.577964412806995
8.5,0.17667810000000003,-0.36826739999999997,10.732728600000002,0.8285806975007652,3,0.13424401132671412,-0.9469401236877298,1,-4.592261616722396
8.516,0.17667810000000003,-0.347274,10.743127200000002,0.8307816449578205,3,0.13755921606595212,-0.9336652249480611,1,-4.6073064595114825
8.531,0.1362609,-0.347274,10.6802451,0.8313817817378375,3,0.0400091186678001,-0.9211989992478432,1,-4.621217941192953
8.547,0.1586277,-0.33530580000000004,10.6802451,0.8319654853978591,3,0.03648147875134896,-0.9078922211107576,1,-4.635850670955821
8.563,0.1586277,-0.3532581,10.626388200000001,0.8312363421315894,3,-0.04557145414185722,-0.894586606490522,1,-4.650270501576632
8.578,0.16166880000000003,-0.3532581,10.695254400000001,0.8322046491931641,3,0.06455380410498462,-0.8821107990555874,1,-4.663595732118226
8.594,0.1406754,-0.3503151,10.695254400000001,0.8331397468187589,3,0.05844360159967805,-0.868788043887492,1,-4.677602922861771
8.61,0.1406754,-0.31136939999999996,10.6459101,0.8328197671791315,3,-0.019998727476711036,-0.8554603677755088,1,-4.691396910155075
8.625,0.1586277,-0.34580249999999996,10.662292800000001,0.8329389734608341,3,0.007947085446838933,-0.8429671772207086,1,-4.704135116742547
8.641,0.1586277,-0.34580249999999996,10.662292800000001,0.8330552722722508,3,0.007268675713545386,-0.8296392232548438,1,-4.717515967946351
8.656,0.12272310000000002,-0.318825,10.662292800000001,0.8331366912736282,3,0.005427933425157773,-0.8171427835282493,1,-4.729866832997224
8.672,0.12272310000000002,-0.3891627,10.5949962,0.8316328741480863,3,-0.09398857034637045,-0.8038246270048756,1,-4.742834572281489
8.688,0.1377324,-0.3891627,10.5949962,0.8301702317724295,3,-0.09141514847854629,-0.7905302021575115,1,-4.755589410914788
8.703,0.1661814,-0.3173535,10.5949962,0.8286948510276666,3,-0.09835871631753752,-0.7780887140365117,1,-4.767354052786242
8.719,0.1661814,-0.3278502,10.560563100000001,0.8264239208151363,3,-0.14193313828314555,-0.7648477638617692,1,-4.779697544609428
8.735,0.18413369999999998,-0.3278502,10.529073,0.8234480736470307,3,-0.18599044800660086,-0.7516487879060719,1,-4.791829517023571
8.75,0.1377324,-0.36826739999999997,10.529073,0.8205600867385954,3,-0.19253246056234474,-0.7393187267031792,1,-4.803011773383141
8.766,0.1377324,-0.3562992,10.472175,0.8163456626757633,3,-0.26340150392700745,-0.7262234807078644,1,-4.814736111042429
8.781,0.16765290000000002,-0.33226469999999997,10.452751200000002,0.8117519517804315,3,-0.3062473930221072,-0.7140127485994424,1,-4.825537882762235
8.797,0.17667810000000003,-0.33226469999999997,10.3914387,0.8057794530335851,3,-0.3732811716778969,-0.7010724973609302,1,-4.836858564729917
8.813,0.173637,-0.3487455,10.3914387,0.7999645383558018,3,-0.36343216736145456,-0.6882265454298151,1,-4.847972957072243
8.828,0.173637,-0.3503151,10.4063499,0.7946561686657638,3,-0.3538913126692289,-0.6762668901271544,1,-4.858206657838919
8.844,0.16765290000000002,-0.3503151,10.3180599,0.7873229759459281,3,-0.4583245449897296,-0.6636110569702608,1,-4.868925681415699
8.86,0.13469129999999999,-0.36071369999999997,10.3180599,0.7801656037669087,3,-0.44733576118871593,-0.6510711483325581,1,-4.879443139058122
8.875,0.13469129999999999,-0.36071369999999997,10.3180599,0.7731828016410347,3,-0.4655201417249149,-0.639421035291998,1,-4.889121830435307
8.891,0.13469129999999999,-0.3652263,10.3584771,0.7673592681560688,3,-0.36397084281036796,-0.6270966987336212,1,-4.899253972307512
8.906,0.16166880000000003,-0.38621970000000005,10.267146,0.7594799817704896,3,-0.5252857590385948,-0.6156454043591716,1,-4.908574538080708
8.922,0.13469129999999999,-0.3712104,10.283626800000002,0.7521715657090784,3,-0.4567760038381992,-0.6035521919793351,1,-4.918328118851416
8.938,0.13469129999999999,-0.3487455,10.2252573,0.743599535865739,3,-0.5357518652087108,-0.5915860231667365,1,-4.927889224572584
8.953,0.13469129999999999,-0.3487455,10.2252573,0.7352365799210165,3,-0.5575303963148763,-0.5804947522983367,1,-4.936679830388571
8.969,0.16765290000000002,-0.3487455,10.232712900000001,0.7272711898430249,3,-0.4978368798744799,-0.5687946901402243,1,-4.945874145928079
8.985,0.18413369999999998,-0.33530580000000004,10.232712900000001,0.7194960334855676,3,-0.48594727234108026,-0.5572205523535956,1,-4.9548822678680295
9.0,0.18413369999999998,-0.3307932,10.205735400000002,0.7112493985332495,3,-0.549775663487848,-0.5464899616134541,1,-4.963160096722783
9.016,0.1571562,-0.3307932,10.148935500000002,0.7018084391242674,3,-0.590059963061384,-0.5351854989121939,1,-4.971813500406988
9.031,0.18266220000000002,-0.3712104,10.148935500000002,0.6926422224411883,3,-0.6110811122052463,-0.5247271189504527,1,-4.979762845040958
9.047,0.18266220000000002,-0.3487455,10.142951400000001,0.6835343088589259,3,-0.5692445988914047,-0.5137177067000517,1,-4.988070403646162
9.063,0.1571562,-0.3487455,10.088996400000001,0.6733230903104559,3,-0.6382011592793718,-0.5028628475066966,1,-4.996203048079816
9.078,0.1406754,-0.36669779999999996,10.088996400000001,0.6633705106909478,3,-0.663505307967262,-0.4928376454991861,1,-5.00367080177736
9.094,0.1377324,-0.36826739999999997,10.1683593,0.6555953043242386,3,-0.48595039791932093,-0.48228591897906437,1,-5.011471790293186
9.11,0.1377324,-0.3712104,10.1189169,0.6468073506554859,3,-0.5492471042970455,-0.47186669773922657,1,-5.019105011226932
9.125,0.1466595,-0.3712104,10.109989800000001,0.6380192298529845,3,-0.5858747201667347,-0.4622304983854127,1,-5.026110740197867
9.141,0.1497006,-0.3367773,10.109989800000001,0.6294171549328009,3,-0.5376296825114752,-0.4520910073071264,1,-5.033425312243407
9.156,0.1497006,-0.38023560000000006,10.06506,0.6199674949763345,3,-0.6299773304310698,-0.4427206224328076,1,-5.040136399466457
9.172,0.1392039,-0.38023560000000006,10.0425951,0.6101971626623488,3,-0.6106457696241069,-0.4328793051716981,1,-5.047141198887293
9.188,0.1781496,-0.3338343,10.0425951,0.6006399233640405,3,-0.5973274561442693,-0.42319260848348694,1,-5.053989774196535
9.203,0.1781496,-0.33226469999999997,10.024642799999999,0.5908769665545375,3,-0.6508637873002531,-0.4142562318090983,1,-5.060270640498729
9.235,0.1586277,-0.39818790000000004,9.951264,0.5796145903310794,3,-0.3519492569830637,-0.39552836689892845,1,-5.073227194078057
9.235,0.1586277,-0.39818790000000004,9.951264,0.5686269062106319,3,0.0,-0.39552836689892845,1,-5.073227194078057
9.25,0.15421320000000002,-0.33530580000000004,10.012674599999999,0.5593458418727231,3,-0.6187376225272347,-0.38706857128830296,1,-5.079096671114462
9.266,0.15421320000000002,-0.33981839999999996,10.005219,0.5501131353880684,3,-0.5770441552909172,-0.3781928994702166,1,-5.08521876288053
9.281,0.1317483,-0.33981839999999996,10.0545633,0.5423005177125884,3,-0.5208411783653154,-0.3699997970719614,1,-5.090830208104596
9.297,0.1781496,-0.3622833,10.0545633,0.5347149965264748,3,-0.4740950741320966,-0.3613836729580489,1,-5.096681275864836
9.313,0.1781496,-0.3503151,10.0171872,0.526393237978759,3,-0.5201099092322354,-0.35289480708200704,1,-5.102395503705156
9.328,0.1661814,-0.3503151,9.9528336,0.5167010180079625,3,-0.646147998053152,-0.34507160016210725,1,-5.1076302517594865
9.344,0.17667810000000003,-0.3248091,9.9528336,0.5072285162438845,3,-0.5920313602548738,-0.33688016388809244,1,-5.113085865871888
9.36,0.17667810000000003,-0.3487455,9.978241500000001,0.49862601998739997,3,-0.5376560160302852,-0.3288333275982422,1,-5.118411573803779
9.375,0.1317483,-0.3487455,9.951264,0.4895588890160987,3,-0.6044753980867301,-0.3214219407807157,1,-5.123288488316621
9.391,0.1362609,-0.35178660000000006,9.951264,0.48071699755898223,3,-0.5526182160697775,-0.313659733688115,1,-5.128369141712372
9.406,0.1586277,-0.3532581,9.9243846,0.4714450114797124,3,-0.6181324052846314,-0.30651851862032453,1,-5.133020478604685
9.422,0.1586277,-0.33226469999999997,9.922913099999999,0.4623456343632526,3,-0.5687110697787373,-0.2990481934535808,1,-5.137865012301276
9.438,0.1796211,-0.33226469999999997,9.907903800000001,0.4531110989663176,3,-0.5771584623084353,-0.2917245395869442,1,-5.1425911941656
9.453,0.1586277,-0.3712104,9.907903800000001,0.444126758422275,3,-0.5989560362695565,-0.28499525565653033,1,-5.1469165926299265
9.469,0.1586277,-0.34128990000000003,9.9288972,0.4358469947285144,3,-0.5174852308600371,-0.277955465631324,1,-5.1514201984002295
9.485,0.1257642,-0.34128990000000003,9.8674866,0.4262608958706746,3,-0.5991311786149861,-0.27105860250653047,1,-5.155812310945333
9.5,0.1212516,-0.2994012,9.8674866,0.4168740791973544,3,-0.6257877782213228,-0.26473509019352,1,-5.159830763640583
9.516,0.1212516,-0.2994012,9.8674866,0.4077162092721647,3,-0.5723668703243584,-0.25813836788576383,1,-5.164013751305218
9.531,0.1212516,-0.3307932,9.8165727,0.397565129817,3,-0.676738630344287,-0.2520987578425949,1,-5.16784052974818
9.547,0.16912439999999998,-0.3307932,9.7971489,0.3872054836484917,3,-0.6474778855317659,-0.24582059293487096,1,-5.1718238845544
9.563,0.1721655,-0.3831786,9.777627,0.3766706148530421,3,-0.658429299715601,-0.23970958414685867,1,-5.175708125971054
9.578,0.1721655,-0.3831786,9.777627,0.3663926940769944,3,-0.6851947184032366,-0.23413660932988387,1,-5.17926197242213
9.594,0.29783160000000003,-0.09878670000000002,9.866015100000002,0.3584229414054345,3,-0.4981095419724908,-0.22833808424602442,1,-5.182961769970737
9.61,0.2559429,-0.19011780000000003,9.866015100000002,0.3506515128488541,3,-0.48571428478627565,-0.2226654886119901,1,-5.186569798553601
9.625,0.2559429,-0.3831786,9.8584614,0.3430222952789652,3,-0.5086145046592394,-0.21746293505103126,1,-5.189870761731074
9.641,0.2559429,-0.3831786,9.8584614,0.335579156186391,3,-0.46519619328588796,-0.21203412343930841,1,-5.193306738198997
9.656,0.09584369999999999,-0.3831786,9.856989900000002,0.32821209157694753,3,-0.49113764062954635,-0.20705568908108318,1,-5.1964499117929
9.672,0.0150093,-0.4654845,9.856989900000002,0.3210999717982723,3,-0.4445074861672001,-0.20186119257408142,1,-5.199721246846141
9.688,0.0150093,-0.6301944,9.888480000000001,0.31515073413406647,3,-0.3718273540128655,-0.1967711869266227,1,-5.202910305882146
9.703,-0.0658251,-0.6301944,9.8674866,0.3088406713709393,3,-0.4206708508751791,-0.19209125138533553,1,-5.205826774169486
9.719,0.18109260000000002,-0.36669779999999996,9.8674866,0.30239546909076864,3,-0.40282514251066515,-0.18720136226164186,1,-5.208861115078662
9.735,0.16166880000000003,-0.36669779999999996,9.8405091,0.2954418012408855,3,-0.43460424061769715,-0.18241866409898863,1,-5.211818075289547
9.75,0.16166880000000003,-0.3053853,9.834525,0.28846084118563553,3,-0.4653973370166458,-0.17803939428078955,1,-5.214521510727396
9.766,0.1257642,-0.3053853,9.856989900000002,0.28218497505087115,3,-0.39224163342277374,-0.1734742277508975,1,-5.217333619703649
9.781,0.23347800000000002,-0.2694807,9.856989900000002,0.27608450301351617,3,-0.40669813582364966,-0.16928720666541444,1,-5.219904330461771
9.797,0.23347800000000002,-0.21258269999999999,9.8944641,0.27101244619334786,3,-0.3170035512605193,-0.1649104310717595,1,-5.222577911563668
9.813,0.2694807,-0.21258269999999999,9.8495343,0.26499121698550354,3,-0.3763268254902693,-0.1606224017663287,1,-5.225182174226373
9.828,0.2365191,-0.24544620000000003,9.8495343,0.2591148348594636,3,-0.3917588084026925,-0.15669160637749174,1,-5.227562029287451
9.844,0.2365191,-0.40113090000000007,9.7866522,0.2519743188055408,3,-0.44628225337017785,-0.15260289314817171,1,-5.230036385283657
9.86,0.0614106,-0.40113090000000007,9.831582000000001,0.24603792960318138,3,-0.37102432514746175,-0.14861879516090193,1,-5.232446158790129
9.875,0.0045126,-0.5433759,9.848062800000001,0.240809494396526,3,-0.34856234711034617,-0.144967439480904,1,-5.234648055549942
9.891,0.1631403,-0.5972328,9.848062800000001,0.23581739438190752,3,-0.31200625091365425,-0.14115442437067652,1,-5.236937030460755
9.906,0.1631403,-0.3712104,9.8764137,0.23136727920209488,3,-0.29667434532083153,-0.13765053931879637,1,-5.239028067688426
9.922,0.1856052,-0.3712104,9.891423,0.22740112712900284,3,-0.24788450456825184,-0.13398039206814757,1,-5.241201115139521
9.938,0.1482291,-0.42065280000000005,9.891423,0.2235645659031622,3,-0.23978507661503978,-0.13037266652389026,1,-5.243315939608258
9.953,0.1482291,-0.3891627,9.8689581,0.21924273051084064,3,-0.2881223594881272,-0.1270516118007855,1,-5.245246621695693
9.969,0.1721655,-0.3891627,9.7986204,0.21332182426185042,3,-0.3700566405618885,-0.12359109536260396,1,-5.247251763353
9.985,0.1571562,-0.3367773,9.7986204,0.2074918934272567,3,-0.3643706771621066,-0.12022458562109109,1,-5.24920228880087
10.0,0.1571562,-0.347274,9.821085300000002,0.20236059705860754,3,-0.34208642457659866,-0.11715069194244698,1,-5.250982603382597
10.016,0.1661814,-0.347274,9.8136297,0.19717637085961748,3,-0.3240141374368785,-0.11395439619910117,1,-5.252831444087729
10.031,0.1511721,-0.35777070000000005,9.8255979,0.19241354331536797,3,-0.31752183628328823,-0.11103247184278868,1,-5.254518845598043
10.047,0.1482291,-0.315882,9.8255979,0.1877307905894945,3,-0.2926720453670925,-0.10799131717154978,1,-5.256271035910157
10.063,0.1482291,-0.2948886,9.8196138,0.18300047518719076,3,-0.2956447126439829,-0.10502546704533629,1,-5.257975170183893
10.078,0.1032993,-0.2948886,9.830012400000001,0.17862500204071985,3,-0.2916982097647508,-0.10231327596612717,1,-5.259530210756479
10.094,0.11821050000000001,-0.3173535,9.8196138,0.174123923130578,3,-0.2813174318838649,-0.09949128456475678,1,-5.261144647240726
10.11,0.11821050000000001,-0.3173535,9.8196138,0.1697326266328787,3,-0.274456031106207,-0.09674043216664913,1,-5.262714500974577
10.125,0.1406754,-0.3173535,9.7986204,0.16494393949629682,3,-0.3192458091054459,-0.09423035792068021,1,-5.264146781900232
10.141,0.11673900000000001,-0.33824879999999996,9.7986204,0.16028142444523752,3,-0.2914071906912061,-0.09162855500914793,1,-5.265633653203671
10.156,0.11673900000000001,-0.3996594,9.8375661,0.1567380256080675,3,-0.23622658914465977,-0.08925090913374806,1,-5.266990249184743
10.172,0.173637,-0.3996594,9.7956774,0.1522808426325497,3,-0.27857393596986113,-0.08677875818782312,1,-5.268398486523315
10.188,0.17510850000000003,-0.37572300000000003,9.8105886,0.14827328847290744,3,-0.25047213497764154,-0.08437432513897945,1,-5.26976771118993
10.203,0.17510850000000003,-0.37572300000000003,9.8105886,0.14436347953667017,3,-0.26065392908250556,-0.0821795493789078,1,-5.271016865248814
10.219,0.17667810000000003,-0.4176117,9.860031000000001,0.14179561862222023,3,-0.16049130715312096,-0.07989027659363668,1,-5.272313423856595
10.235,0.1497006,-0.4176117,9.886910400000001,0.13993444396840893,3,-0.1163234158632064,-0.07763643609291164,1,-5.273573637558087
10.25,0.1781496,-0.3652263,9.886910400000001,0.13807962108425542,3,-0.1236548589435624,-0.07555133060501658,1,-5.274722545808322
10.266,0.1781496,-0.3652263,9.886910400000001,0.13627003778264069,3,-0.11309895635092095,-0.0733565333340814,1,-5.275913808719834
10.281,0.1511721,-0.3592422,9.8091171,0.13259238473177426,3,-0.24517687005775238,-0.07134006516522322,1,-5.276999033208579
10.297,0.16912439999999998,-0.3262806,9.8091171,0.12898350261499836,3,-0.2255551322984937,-0.06924745806644904,1,-5.278123733394432
10.313,0.16912439999999998,-0.33824879999999996,9.839037600000001,0.12620175086224172,3,-0.17385948454728944,-0.06720597603863111,1,-5.279215360867273
10.328,0.16912439999999998,-0.33824879999999996,9.839037600000001,0.12348784671321056,3,-0.18092694326875894,-0.06533330405681537,1,-5.280209405467988
10.344,0.1287072,-0.33824879999999996,9.8046045,0.11998596368289505,3,-0.21886768939471926,-0.06338551357364652,1,-5.281239156009032
10.36,0.15568469999999998,-0.3307932,9.774684,0.1158435687032604,3,-0.2588996862271651,-0.061498877314557276,1,-5.282238231136137
10.375,0.1332198,-0.31136939999999996,9.774684,0.11177856387028662,3,-0.271000322198242,-0.05979171132025561,1,-5.283147910550898
10.391,0.1332198,-0.32932170000000005,9.8240283,0.10902977591633167,3,-0.17179924712218395,-0.058025244601962664,1,-5.284090446198276
10.406,0.0868185,-0.32932170000000005,9.8255979,0.10637362513252135,3,-0.17707671892068116,-0.0564097190940962,1,-5.284948708425996
10.422,0.2080701,-0.2769363,9.8255979,0.10378721595683871,3,-0.1616505734801653,-0.054728432365381316,1,-5.285837813637672
10.438,0.2080701,-0.1646118,9.842078700000002,0.10160418745607025,3,-0.13643928129802851,-0.053085301138078037,1,-5.286700323505699
10.453,0.2724237,-0.1646118,9.7851807,0.09812567406920181,3,-0.23190089245791484,-0.05158732717663861,1,-5.28748536821806
10.469,0.2858634,-0.16019730000000001,9.7851807,0.09473956248187498,3,-0.21163197420792626,-0.05004440528423,1,-5.288298422077747
10.485,0.2858634,-0.1796211,9.866015100000002,0.09341466830070999,3,-0.08280588632281198,-0.04853917143796932,1,-5.289087090691525
10.5,0.2858634,-0.1796211,9.8151012,0.09088101636563906,3,-0.1689101290047226,-0.04715695380297165,1,-5.289804811630832
10.516,0.2575125,-0.24701580000000004,9.8016615,0.08809815412907795,3,-0.17392888978506865,-0.04572512043901391,1,-5.290547868224768
10.531,0.20208600000000002,-0.3143124,9.8016615,0.08539846140759444,3,-0.17997951476556087,-0.04442389582248882,1,-5.291223985846729
10.547,0.20208600000000002,-0.2934171,9.800091900000002,0.0827105685662115,0,-0.16799330258643316,-0.04257902358269837,1,-5.291920009201971
10.563,0.23053500000000002,-0.2934171,9.8704296,0.08181785922582563,0,-0.055794333774117306,-0.04076279616036207,1,-5.292586743759915
10.578,0.21552570000000001,-0.29783160000000003,9.8704296,0.08094187974167077,0,-0.058398632276994974,-0.039042098118105946,1,-5.293185280467004
10.594,0.21552570000000001,-0.5792805,9.831582000000001,0.07944622220601794,0,-0.09347859597830235,-0.03725899330252443,1,-5.293795689198369
10.61,0.0733788,-0.5792805,9.7686999,0.07640520500196324,0,-0.19006357525341838,-0.035512181884860584,1,-5.2943778585998675
10.625,0.142245,-0.37425150000000007,9.7686999,0.07321313016058895,0,-0.21280498942494477,-0.0338900443711414,1,-5.294898375296787
10.641,0.142245,-0.2784078,9.843550200000001,0.07184556272681597,0,-0.08547296461081093,-0.03222957482804216,1,-5.295427332250381
10.656,0.17510850000000003,-0.2784078,9.842078700000002,0.07048839437544707,0,-0.09047789009125645,-0.030662070149775143,1,-5.295899019587715
10.672,0.21552570000000001,-0.34128990000000003,9.803133,0.06828303352070009,0,-0.13783505342168645,-0.029051898726605963,1,-5.296376731338726
10.688,0.0344331,-0.5119839,9.7866522,0.06585478021302826,0,-0.15176583172948885,-0.027478796216736136,1,-5.296828976898273
10.703,0.0344331,-0.5119839,9.7866522,0.06348575259578837,0,-0.1579351744826723,-0.026008742220670088,1,-5.297230133436553
10.719,0.059841000000000005,-0.5119839,9.866015100000002,0.06311050940503016,0,-0.023452699422388236,-0.02449597212466354,1,-5.297634171151316
10.735,-0.0389457,-0.5478885,9.866015100000002,0.06278884023584297,0,-0.020104323074199276,-0.022988777327536555,1,-5.298014049146933
10.75,-0.0389457,-0.45351630000000004,9.8165727,0.0611537298191589,0,-0.10900736111226729,-0.021559208052124003,1,-5.29834815903728
10.766,0.053856900000000006,-0.45351630000000004,9.8046045,0.059268625849624,0,-0.11781899809593088,-0.02009582920677374,1,-5.298681399335352
10.781,0.0059841,-0.6062580000000001,9.8046045,0.05762697974582842,0,-0.10944307358636784,-0.01871911216480781,1,-5.298972511395639
10.797,0.0059841,-0.3503151,9.843550200000001,0.05667053186212989,0,-0.05977799273115808,-0.01730473207194414,1,-5.299260702149533
10.813,0.1497006,-0.3503151,9.8091171,0.05492591117969603,0,-0.10903879265211626,-0.015911960527609535,1,-5.299526435690329
10.828,0.15568469999999998,-0.35777070000000005,9.8240283,0.053596071580576776,0,-0.08865597327462404,-0.014598045656907553,1,-5.299755260736713
10.844,0.13469129999999999,-0.3622833,9.8240283,0.05229513612657222,0,-0.08130846587528488,-0.013250915995250363,1,-5.299978052429931
10.86,0.13469129999999999,-0.32333760000000006,9.7926363,0.05022763668032049,0,-0.12921871539073304,-0.011930733812795219,1,-5.300179505628395
10.875,0.1466595,-0.32333760000000006,9.836094600000001,0.04927402033619188,0,-0.06357442294190459,-0.010684471385171347,1,-5.30034911966738
10.891,0.11821050000000001,-0.36375480000000004,9.836094600000001,0.048368733405659725,0,-0.05658043315825973,-0.00940332935523653,1,-5.300509822073303
10.906,0.11821050000000001,-0.3503151,9.7821396,0.046158594974128775,0,-0.14734256210205776,-0.008194374392388092,1,-5.30064180485141
10.922,0.1915893,-0.3503151,9.7941078,0.044322345478324365,0,-0.1147655934877755,-0.006970526868768465,1,-5.3007631240615
10.938,0.1915893,-0.3503151,9.7941078,0.04253088255558879,0,-0.1119664326709734,-0.005775701044497157,1,-5.300865093884806
10.953,0.18413369999999998,-0.38621970000000005,9.7941078,0.04081252759094056,0,-0.1145569976432244,-0.004650625468398235,1,-5.3009432913336525
10.969,0.1482291,-0.3532581,9.889951500000002,0.041426796287177936,0,0.03839179351483587,-0.003492710877373285,1,-5.301008438024419
10.985,0.1437165,-0.3532581,9.874942200000001,0.04165865133179558,0,0.01449094028860286,-0.0023280272964214966,1,-5.301055003929809
11.0,0.1302768,-0.36375480000000004,9.874942200000001,0.041889594818131926,0,0.015396232422422319,-0.0012014154502970184,1,-5.30108147475041
11.016,0.1302768,-0.36375480000000004,9.874942200000001,0.04211490553650954,0,0.014081919898600847,-2.9379447459888103e-05,1,-5.301091321109592
11.031,0.1302768,-0.3547296,9.8165727,0.04090411995972154,0,-0.08071903845253016,9.326324376186801e-05,1,-5.30109084198112
11.047,0.11526750000000001,-0.3547296,9.8689581,0.04099506693389188,0,0.005684185885646004,0.0002484567389107735,1,-5.301088108221259
11.063,0.15568469999999998,-0.34128990000000003,9.8689581,0.041085767491741976,0,0.005668784865631155,0.0004051034143158455,1,-5.301082879740033
11.078,0.15568469999999998,-0.33530580000000004,9.8136297,0.039820734215471276,0,-0.08433555175138675,0.0005119021771198963,1,-5.301076002198097
11.094,0.09878670000000002,-0.33530580000000004,9.771642900000002,0.037545158461146144,0,-0.1422234846453206,0.0006308293185328341,1,-5.301066860346132
11.11,0.1302768,-0.35777070000000005,9.771642900000002,0.03535349828900891,0,-0.13697876075857696,0.0007140185725340751,1,-5.301056101563003
11.125,0.1302768,-0.34580249999999996,9.7536906,0.032767244446919364,0,-0.1724169228059633,0.0007249241430535565,1,-5.301045309492636
11.141,0.1571562,-0.347274,9.8105886,0.03164170062905569,0,-0.07034648861647945,0.000740195703661357,1,-5.301033588533863
11.156,0.1631403,-0.347274,9.7821396,0.02985264337958604,0,-0.11927048329797214,0.0007014032837261877,1,-5.3010227765414575
11.172,0.1721655,-0.3771945,9.7821396,0.02813799215106627,0,-0.10716570178248554,0.0006653283679714061,1,-5.3010118426882435
