timestamps,acc_x,acc_y,acc_z,aAcc,aStages,aJerk,aVelocity,avStages,aHeight
0.032,0.13469129999999999,-0.3338343,9.7895952,-0.021320205544586912,0,0.0,0.0,0,0.0
0.047,0.1272357,-0.3039138,9.7895952,-0.02134125781822327,0,-0.00140348490909048,0.0,0,0.0
0.063,0.1272357,-0.32932170000000005,9.8285409,-0.02058264732560211,0,0.047413155788822436,-0.00015535221637167935,0,-1.2428177309734348e-06
0.079,0.1287072,-0.3173535,9.8076456,-0.020255714183466722,0,0.020433321383461767,0.0,0,-2.4856354619468695e-06
0.094,0.13469129999999999,-0.3173535,9.8046045,-0.019993209451284244,0,0.017500315478831872,-0.00028392603570486234,0,-4.615080729733337e-06
0.11,0.1317483,-0.3039138,9.8046045,-0.01974497958808108,0,0.01551436645019777,-0.00010183154801978486,0,-7.701141399530515e-06
0.125,0.1317483,-0.290376,9.8076456,-0.019450059462165825,0,0.019661341727683634,0.0,0,-8.464878009678902e-06
0.141,0.1257642,-0.290376,9.8165727,-0.018987511451642902,0,0.028909250657682708,-0.000203294908207106,0,-1.009123727533575e-05
0.172,0.16166880000000003,-0.3218661,9.8120601,-0.018592911862636896,0,0.012729019000193745,-0.00028579146957844305,0,-1.767207613101176e-05
0.188,0.113796,-0.3218661,9.8136297,-0.01818845957300752,0,0.025278268101835956,-8.004244106359863e-05,0,-2.0598747416148095e-05
0.204,0.16019730000000001,-0.315882,9.8136297,-0.017783054803455656,0,0.02533779809699157,0.0,0,-2.1239086944656882e-05
0.219,0.16019730000000001,-0.315882,9.8196138,-0.017268340149104944,0,0.03431431029004743,-0.0001307000182195089,0,-2.22193370813032e-05
0.235,0.0973152,-0.3262806,9.833053500000002,-0.016509846653876892,0,0.04740584345175329,0.0,0,-2.326493722705927e-05
0.25,0.1122264,-0.3262806,9.7701714,-0.01699533129792208,0,-0.032365642936345744,-0.00015221434728185552,0,-2.440654483167319e-05
0.266,0.1078119,-0.3202965,9.7701714,-0.017476150932816736,0,-0.0300512271809161,0.0,0,-2.5624259609928035e-05
0.282,0.1078119,-0.2918475,9.8524773,-0.016351977767474324,0,0.07026082283390096,-0.00019861123473009432,0,-2.7213149487768784e-05
0.297,0.1287072,-0.2918475,9.7941078,-0.016388829071143363,0,-0.002456753577935916,0.0,0,-2.8702733748244493e-05
0.313,0.1661814,-0.3008727,9.7941078,-0.01640855063399549,0,-0.0012325976782578952,-0.00020654632366083787,0,-3.03551043375312e-05
0.329,0.1661814,-0.2784078,9.806076000000001,-0.016206362185783973,0,0.012636778013219708,0.0,0,-3.2007474926817905e-05
0.344,0.1721655,-0.2784078,9.821085300000002,-0.015711978661185455,0,0.03295890163990132,-0.00020685318257134336,0,-3.355887379610298e-05
0.36,0.1482291,-0.3278502,9.821085300000002,-0.015205035799411348,0,0.031683928860881644,0.0,0,-3.5213699256673726e-05
0.375,0.1482291,-0.3143124,9.8120601,-0.014893559571106607,0,0.020765081886982728,-0.00017992876353500366,0,-3.6563164983186254e-05
0.391,0.11821050000000001,-0.3338343,9.800091900000002,-0.014818060338770422,0,0.0047187020210115406,0.0,0,-3.8002595091466284e-05
0.407,0.1272357,-0.3338343,9.7791966,-0.01515126608816253,0,-0.02082535933700674,-0.00015737633422948337,0,-3.9261605765302146e-05
0.438,0.1317483,-0.30685680000000004,9.7791966,-0.015494084598545399,0,-0.011058661625253848,-0.00013237926987345536,0,-4.37528176288977e-05
0.454,0.1317483,-0.2814489,9.7851807,-0.015727882305217378,0,-0.01461235666699866,0.0,0,-4.4811851787885344e-05
0.469,0.13469129999999999,-0.2814489,9.788123700000002,-0.01589863393030555,0,-0.011383441672544861,-0.00011935387686997853,0,-4.570700586441018e-05
0.485,0.1437165,-0.2889045,9.788123700000002,-0.016059265112316368,0,-0.010039448875676085,0.0,0,-4.666183687937001e-05
0.5,0.1437165,-0.2843919,9.8375661,-0.0152503883962396,0,0.053925114405117776,-0.00010983947052512454,0,-4.748563290830844e-05
0.516,0.1332198,-0.2843919,9.7732125,-0.015721456075773688,0,-0.02944172997088043,0.0,0,-4.836434867250944e-05
0.532,0.11526750000000001,-0.32333760000000006,9.7732125,-0.01616403015567691,0,-0.02766087999395148,-0.00011269811615283523,0,-4.926593360173212e-05
0.547,0.15568469999999998,-0.3173535,9.764187300000001,-0.016767640274395035,0,-0.04024067458120817,0.0,0,-5.011116947287839e-05
0.563,0.15568469999999998,-0.2754648,9.9168309,-0.014392868009441173,0,0.14842326655961724,-0.00010896971064906259,0,-5.098292715807088e-05
0.579,0.1362609,-0.2664396,9.8240283,-0.013893919146699574,0,0.031184303921349937,0.0,0,-5.185468484326338e-05
0.594,0.1362609,-0.2754648,9.7672284,-0.014513050943921968,0,-0.04127545314815958,-4.8316283577850075e-05,0,-5.221705697009726e-05
0.61,0.11673900000000001,-0.2754648,9.8120601,-0.014246355384793574,0,0.016668472445524593,0.0,0,-5.260358723872006e-05
0.625,0.1302768,-0.290376,9.8120601,-0.013973123334389825,0,0.018215470026916574,0.0,0,-5.260358723872006e-05
0.641,0.1302768,-0.32932170000000005,9.7806681,-0.01429627599291905,0,-0.020197041158076506,-0.00021619281921992153,0,-5.4333129792479434e-05
0.672,0.1122264,-0.32932170000000005,9.7612443,-0.014998094796963457,0,-0.02263931625949699,-0.00017025556646309975,0,-6.032307977056627e-05
0.688,0.10477080000000001,-0.2963601,9.7612443,-0.01570847813225562,0,-0.04439895845576052,0.0,0,-6.168512430227106e-05
0.704,0.1062423,-0.2754648,9.855518400000001,-0.014568940642949002,0,0.07122109308166362,-0.0001581275000984879,0,-6.295014430305896e-05
0.719,0.1062423,-0.2829204,9.848062800000001,-0.013593727127986455,0,0.06501423433083643,0.0,0,-6.413610055379763e-05
0.735,0.145188,-0.2829204,9.7971489,-0.01362568105227524,0,-0.0019971202680491,-8.710277382259664e-05,0,-6.48329227443784e-05
0.75,0.1406754,-0.315882,9.7971489,-0.013638558780620258,0,-0.0008585152230011765,0.0,0,-6.548619354804787e-05
0.766,0.1406754,-0.31136939999999996,9.891423,-0.01180661539457617,0,0.11449646162775541,0.0,0,-6.548619354804787e-05
0.782,0.10928340000000002,-0.31136939999999996,9.7971489,-0.011865839347072082,0,-0.003701497030994535,-0.00018452560390406873,0,-6.696239837928042e-05
0.797,0.1032993,-0.2738952,9.7971489,-0.011947110765992974,0,-0.005418094594726118,0.0,0,-6.834634040856094e-05
0.813,0.1032993,-0.3202965,9.818044200000001,-0.011589741822843891,0,0.022335558946817848,-5.141755046274982e-05,0,-6.875768081226294e-05
0.829,0.1511721,-0.3202965,9.752219100000001,-0.012517066477295558,0,-0.05795779090322912,0.0,0,-6.916902121596494e-05
0.844,0.1122264,-0.3143124,9.752219100000001,-0.013440329827332675,0,-0.06155089000247447,0.0,0,-6.916902121596494e-05
0.86,0.1122264,-0.3053853,9.7866522,-0.013676263510754794,0,-0.014745855213882372,-0.00015588523585327585,0,-7.041610310279115e-05
0.875,0.1122264,-0.3173535,9.907903800000001,-0.011524014622759537,0,0.1434832591996836,0.0,0,-7.158524237169072e-05
0.891,0.11978010000000001,-0.3173535,9.7342668,-0.012814851584259657,0,-0.08067731009375738,-3.959825151078622e-05,0,-7.190202838377701e-05
0.907,0.16912439999999998,-0.2994012,9.7342668,-0.014077173583210367,0,-0.07889512493441934,0.0,0,-7.221881439586329e-05
0.922,0.16912439999999998,-0.3083283,9.888480000000001,-0.01228743592073478,0,0.11931584416503908,0.0,0,-7.221881439586329e-05
0.938,0.18413369999999998,-0.3083283,9.860031000000001,-0.011084992686265949,0,0.07515270215430238,-0.00013944845298614027,0,-7.333440201975241e-05
0.954,0.0688662,-0.2514303,9.860031000000001,-0.009966760690662824,0,0.06988949972519526,0.0,0,-7.444998964364154e-05
0.969,0.0688662,-0.3338343,9.842078700000002,-0.009174319153007815,0,0.0528294358436672,0.0,0,-7.444998964364154e-05
1.0,0.10477080000000001,-0.3338343,9.7342668,-0.010503818793992536,0,-0.042887085193055494,-0.00025643171700760574,0,-7.842468125725943e-05
1.016,0.1377324,-0.2065986,9.7342668,-0.011868424018430801,0,-0.08528782652739146,0.0,0,-8.047613499332028e-05
1.032,0.17667810000000003,-0.36973890000000004,9.9064323,-0.009726449088212519,0,0.13387343313864253,-0.00010816864436013866,0,-8.13414841482014e-05
1.047,0.17667810000000003,-0.2769363,9.7956774,-0.009856282373259972,0,-0.008655552336496971,0.0,0,-8.215274898090243e-05
1.063,0.08377740000000002,-0.3487455,9.8584614,-0.008732592333741351,0,0.07023062746991376,0.0,0,-8.215274898090243e-05
1.079,0.08377740000000002,-0.3023442,9.7911648,-0.008979831069238386,0,-0.015452420968564681,-4.544951520103063e-05,0,-8.251634510251068e-05
1.094,0.1497006,-0.3023442,9.8046045,-0.008943451396826063,0,0.0024253114941548675,0.0,0,-8.285721646651841e-05
1.11,0.17510850000000003,-0.37572300000000003,9.8046045,-0.00884982365899134,0,0.0058517336146701685,0.0,0,-8.285721646651841e-05
1.125,0.17510850000000003,-0.2948886,9.831582000000001,-0.008283547558340487,0,0.03775174004339046,0.0,0,-8.285721646651841e-05
1.141,0.1497006,-0.2948886,9.7686999,-0.008968880492078668,0,-0.04283330835863627,-8.874004267639402e-05,0,-8.356713680792956e-05
1.157,0.1107549,-0.3023442,9.7941078,-0.00914855934821368,0,-0.011229928508438281,0.0,0,-8.427705714934071e-05
1.172,0.1377324,-0.2365191,9.7941078,-0.009353497685408385,0,-0.013662555812980386,0.0,0,-8.427705714934071e-05
1.188,0.1377324,-0.3622833,9.7582032,-0.01018253759088239,0,-0.05181499409212526,-2.8733271361224694e-05,0,-8.450692332023051e-05
1.204,0.1646118,-0.3622833,9.8794548,-0.008611631262789743,0,0.09818164550579037,0.0,0,-8.473678949112032e-05
1.235,0.11821050000000001,-0.2843919,9.833053500000002,-0.00804388007378165,0,0.018314554484131926,0.0,0,-8.473678949112032e-05
1.25,0.0733788,-0.2843919,9.771642900000002,-0.008699410334655155,0,-0.04370201739156727,-6.282172597073601e-05,0,-8.520795243590083e-05
1.266,0.17069399999999998,-0.2798793,9.771642900000002,-0.009320822132680817,0,-0.03883823737660382,0.0,0,-8.571052624366672e-05
1.282,0.17069399999999998,-0.3338343,9.752219100000001,-0.010277426849443216,0,-0.059787794797649896,0.0,0,-8.571052624366672e-05
1.297,0.18864630000000002,-0.3338343,9.9303687,-0.00771831362937192,0,0.1706075480047542,0.0,0,-8.571052624366672e-05
1.313,0.16166880000000003,-0.34128990000000003,9.7536906,-0.008675465668551041,0,-0.05982200244869501,-0.00012988786554091192,0,-8.674962916799401e-05
1.329,0.11526750000000001,-0.2499588,9.7536906,-0.009681005364157613,0,-0.0628462309754107,0.0,0,-8.77887320923213e-05
1.344,0.11526750000000001,-0.3262806,9.800091900000002,-0.009713385111211892,0,-0.0021586498036185553,0.0,0,-8.77887320923213e-05
1.36,0.1107549,-0.3262806,9.8689581,-0.008396660065262296,0,0.08229531537184968,-6.707792377964525e-05,0,-8.832535548255846e-05
1.391,0.1002582,-0.3307932,9.8689581,-0.007105008386304235,0,0.04166618319219564,0.0,0,-8.936506330114296e-05
1.407,0.1002582,-0.2709522,9.874942200000001,-0.005757151258077187,0,0.08424107051419043,0.0,0,-8.936506330114296e-05
1.422,0.13469129999999999,-0.2709522,9.7956774,-0.005981171200318158,0,-0.014934662816064875,0.0,0,-8.936506330114296e-05
1.438,0.1526436,-0.2829204,9.7956774,-0.00618900747994644,0,-0.012989767476767599,-9.564990981405716e-05,0,-9.013026257965541e-05
1.454,0.1526436,-0.36071369999999997,9.800091900000002,-0.006256199724939293,0,-0.004199515312053311,0.0,0,-9.089546185816787e-05
1.469,0.1930608,-0.36071369999999997,9.7986204,-0.006336936095628687,0,-0.0053824247126262065,0.0,0,-9.089546185816787e-05
1.485,0.1302768,-0.3278502,9.842078700000002,-0.005607434857820337,0,0.045593827363021824,0.0,0,-9.089546185816787e-05
1.5,0.1302768,-0.3427614,9.842078700000002,-0.004882283359528117,0,0.04834343321948167,0.0,0,-9.089546185816787e-05
1.516,0.1302768,-0.3427614,9.7866522,-0.005257386884434112,0,-0.023443970306624685,-4.5005302316807744e-05,0,-9.125550427670234e-05
1.532,0.15421320000000002,-0.3427614,9.862974000000001,-0.004122906660773751,0,0.07090501397877251,0.0,0,-9.16155466952368e-05
1.547,0.0673947,-0.290376,9.862974000000001,-0.003062733413408125,0,0.07067821649104217,0.0,0,-9.16155466952368e-05
1.563,0.0673947,-0.2664396,9.7866522,-0.003532511355418322,0,-0.02936112137563726,0.0,0,-9.16155466952368e-05
1.579,0.1511721,-0.2664396,9.743193900000001,-0.00482644732474391,0,-0.08087099808284919,0.0,0,-9.16155466952368e-05
1.594,0.13469129999999999,-0.2290635,9.743193900000001,-0.006118377910350858,0,-0.08612870570712919,0.0,0,-9.16155466952368e-05
1.61,0.13469129999999999,-0.344331,9.7672284,-0.006847580523757557,0,-0.045575163337918626,0.0,0,-9.16155466952368e-05
1.625,0.13469129999999999,-0.344331,9.8495343,-0.00594978929731127,0,0.059852748429752876,-7.53677092208381e-05,0,-9.21808045143931e-05
1.641,0.15421320000000002,-0.2709522,9.8225568,-0.005637609027859369,0,0.019511266840743762,0.0,0,-9.27837461881598e-05
1.657,0.0777933,-0.290376,9.8225568,-0.005338360466113912,0,0.018703035109091087,0.0,0,-9.27837461881598e-05
1.672,0.0777933,-0.2843919,9.7956774,-0.005575220025065164,0,-0.015790637263416923,0.0,0,-9.27837461881598e-05
1.688,0.12272310000000002,-0.2843919,9.7851807,-0.006004137549719957,0,-0.02680734529092452,0.0,0,-9.27837461881598e-05
1.704,0.1377324,-0.35178660000000006,9.7851807,-0.006377800191835092,0,-0.02335391513219596,-2.941686798855342e-05,0,-9.301908113206823e-05
1.735,0.113796,-0.290376,9.8225568,-0.006057156776900996,0,0.010343335965615968,0.0,0,-9.347504258589081e-05
1.75,0.1646118,-0.3307932,9.8225568,-0.0057036452360836876,0,0.02356743605448738,0.0,0,-9.347504258589081e-05
1.766,0.1646118,-0.2994012,9.747706500000001,-0.006843556934780892,0,-0.07124448116857522,0.0,0,-9.347504258589081e-05
1.782,0.1437165,-0.2934171,9.871999200000001,-0.005535398095901201,0,0.08175992742998066,-9.773973713721879e-06,0,-9.355323437560058e-05
1.797,0.08377740000000002,-0.2934171,9.7971489,-0.005733371217989003,0,-0.013198208139186905,0.0,0,-9.36265391784535e-05
1.813,0.11526750000000001,-0.258984,9.7971489,-0.005940218506490069,0,-0.012927955531316636,0.0,0,-9.36265391784535e-05
1.844,0.11526750000000001,-0.36071369999999997,9.834525,-0.005347641516157964,0,0.01911538678490654,0.0,0,-9.36265391784535e-05
1.86,0.0718092,-0.36071369999999997,9.8165727,-0.0051265421177468795,0,0.013818712400692755,0.0,0,-9.36265391784535e-05
1.875,0.1392039,-0.3278502,9.8165727,-0.004918168917340537,0,0.01389154669375623,-2.1769093549173224e-05,0,-9.37898073800723e-05
1.891,0.1392039,-0.315882,9.862974000000001,-0.003812300891562259,0,0.06911675161114234,0.0,0,-9.396396012846569e-05
1.907,0.1482291,-0.315882,9.7656588,-0.004632475845241402,0,-0.05126093460494636,0.0,0,-9.396396012846569e-05
1.922,0.16912439999999998,-0.2200383,9.7656588,-0.0054814542126653265,0,-0.05659855782826202,0.0,0,-9.396396012846569e-05
1.938,0.16912439999999998,-0.32932170000000005,9.774684,-0.006076710784597594,0,-0.0372035357457667,0.0,0,-9.396396012846569e-05
1.954,0.17510850000000003,-0.287433,9.856989900000002,-0.00507123300946688,0,0.06284236094566958,0.0,0,-9.396396012846569e-05
1.969,0.0673947,-0.287433,9.8285409,-0.004669010176860056,0,0.02681485550712141,0.0,0,-9.396396012846569e-05
1.985,0.0673947,-0.2724237,9.8285409,-0.004283052478138316,0,0.024122356170108696,-6.134273681718261e-05,0,-9.445470202300315e-05
2.0,0.0673947,-0.2754648,9.7612443,-0.00522198970759824,0,-0.06259581529732867,0.0,0,-9.491477254913201e-05
2.016,0.1526436,-0.2889045,9.8495343,-0.004385855186587406,0,0.052258407563177074,0.0,0,-9.491477254913201e-05
2.032,0.1526436,-0.24397470000000002,9.740250900000001,-0.0057318225096452124,0,-0.08412295769111282,0.0,0,-9.491477254913201e-05
2.047,0.1946304,-0.24397470000000002,9.7656588,-0.006538789810926815,0,-0.05379782008543972,0.0,0,-9.491477254913201e-05
2.079,0.1721655,-0.2425032,9.7656588,-0.00733892082218901,0,-0.025004094101943576,-0.00010450769646769276,0,-9.65868956926151e-05
2.094,0.1721655,-0.3039138,9.7806681,-0.007795582069322293,0,-0.030444083142219525,0.0,0,-9.737070341612278e-05
2.11,0.16019730000000001,-0.30685680000000004,9.8136297,-0.0075995704224780525,0,0.012250727927765038,0.0,0,-9.737070341612278e-05
2.125,0.08083440000000001,-0.30685680000000004,9.7701714,-0.008278177688733734,0,-0.04524048441704508,0.0,0,-9.737070341612278e-05
2.141,0.0868185,-0.36826739999999997,9.7701714,-0.008900896398071012,0,-0.03891991933357982,-9.7693391616957e-05,0,-9.815225054905843e-05
2.157,0.0868185,-0.347274,9.7956774,-0.009026684587873035,0,-0.00786176186262643,0.0,0,-9.893379768199409e-05
2.172,0.08534699999999999,-0.347274,9.8076456,-0.008915745170849476,0,0.007395961134903866,0.0,0,-9.893379768199409e-05
2.188,0.1796211,-0.3532581,9.8076456,-0.008777842001103764,0,0.00861894810910701,-1.723096007055433e-05,0,-9.907164536255852e-05
2.204,0.1796211,-0.3143124,9.833053500000002,-0.008170756552969394,0,0.0379428405083981,0.0,0,-9.920949304312295e-05
2.219,0.1571562,-0.3143124,9.8105886,-0.008023319602740386,0,0.009829130015267367,0.0,0,-9.920949304312295e-05
2.235,0.173637,-0.2889045,9.8105886,-0.007888635528724208,0,0.008417754626011124,0.0,0,-9.920949304312295e-05
2.25,0.173637,-0.344331,9.7866522,-0.008190520136290402,0,-0.020125640504412772,-2.2164628210287474e-05,0,-9.93757277547001e-05
2.266,0.18266220000000002,-0.29783160000000003,9.8105886,-0.008044115008708275,0,0.00915032047388297,0.0,0,-9.95530447803824e-05
2.282,0.08829,-0.29783160000000003,9.7956774,-0.008218348841777967,0,-0.010889614566855766,0.0,0,-9.95530447803824e-05
2.297,0.0478728,-0.3847482,9.7956774,-0.008335331437367088,0,-0.007798839705941353,0.0,0,-9.95530447803824e-05
2.313,0.0478728,-0.3053853,9.855518400000001,-0.007332029558583031,0,0.06270636742400354,-3.1632910235356027e-05,0,-9.980610806226526e-05
2.329,0.1078119,-0.3053853,9.8524773,-0.006398719537550335,0,0.05833187631454346,0.0,0,-0.00010005917134414811
2.344,0.1287072,-0.29783160000000003,9.8524773,-0.00548332620290104,0,0.06102622230995429,0.0,0,-0.00010005917134414811
2.36,0.1287072,-0.287433,9.8016615,-0.005587811467044901,0,-0.006530329008991303,0.0,0,-0.00010005917134414811
2.375,0.10928340000000002,-0.287433,9.806076000000001,-0.005608353143076172,0,-0.0013694450687514253,0.0,0,-0.00010005917134414811
2.391,0.20355750000000003,-0.2784078,9.806076000000001,-0.005604124953011436,0,0.0002642618790460458,0.0,0,-0.00010005917134414811
2.407,0.20355750000000003,-0.2484873,9.842078700000002,-0.00491017383831327,0,0.04337194466863532,-7.694879709257973e-05,0,-0.00010067476172088875
2.438,0.0614106,-0.2679111,9.806076000000001,-0.004963002919984305,0,-0.0017041639248720983,0.0,0,-0.00010186746807582374
2.454,0.1032993,-0.3712104,9.806076000000001,-0.004941934292704175,0,0.0013167892050081054,0.0,0,-0.00010186746807582374
2.469,0.1032993,-0.347274,9.7926363,-0.005201804030713575,0,-0.017324649200627002,0.0,0,-0.00010186746807582374
2.485,0.145188,-0.347274,9.8464932,-0.004390922211481296,0,0.050680113702017374,0.0,0,-0.00010186746807582374
2.5,0.17510850000000003,-0.3262806,9.8464932,-0.0036004738459300967,0,0.05269655770341287,-2.197785234147806e-05,0,-0.00010203230196838483
2.516,0.17510850000000003,-0.31284090000000003,9.8120601,-0.0035087812465040003,0,0.005730787464131021,0.0,0,-0.00010220812478711666
2.547,0.1302768,-0.31284090000000003,9.8285409,-0.0031095967878069786,0,0.012876918022484514,0.0,0,-0.00010220812478711666
2.563,0.17069399999999998,-0.3098979,9.8285409,-0.0027079400737868298,0,0.02510354462625928,0.0,0,-0.00010220812478711666
2.579,0.1466595,-0.3098979,9.800091900000002,-0.002879246001940672,0,-0.01070662050961512,0.0,0,-0.00010220812478711666
2.594,0.1466595,-0.33824879999999996,9.8151012,-0.002734730096431548,0,0.009634393700608462,0.0,0,-0.00010220812478711666
2.61,0.1122264,-0.33824879999999996,9.800091900000002,-0.002896051754019524,0,-0.010082603599248499,0.0,0,-0.00010220812478711666
2.625,0.1362609,-0.287433,9.800091900000002,-0.0030800272553843655,0,-0.01226503342432266,0.0,0,-0.00010220812478711666
2.641,0.1362609,-0.3487455,9.8375661,-0.002487144369359484,0,0.03705518037655505,0.0,0,-0.00010220812478711666
2.657,0.1332198,-0.3487455,9.777627,-0.0030811287046486058,0,-0.03712402095557007,0.0,0,-0.00010220812478711666
2.672,0.1526436,-0.3098979,9.777627,-0.003683540750932579,0,-0.040160803085597885,-4.446478273013865e-05,0,-0.0001025416106575927
2.688,0.1526436,-0.34128990000000003,9.7552602,-0.004691901321956848,0,-0.06302253568901678,0.0,0,-0.0001028973289194338
2.704,0.19610190000000002,-0.34128990000000003,9.821085300000002,-0.004375624527749977,0,0.01976729963792943,0.0,0,-0.0001028973289194338
2.719,0.1032993,-0.3083283,9.821085300000002,-0.004114627776704793,0,0.017399783403012625,0.0,0,-0.0001028973289194338
2.735,0.1122264,-0.2798793,9.776155500000002,-0.00475408470370553,0,-0.039966057937546005,0.0,0,-0.0001028973289194338
2.75,0.1122264,-0.3173535,9.7791966,-0.005298976746622941,0,-0.036326136194493756,0.0,0,-0.0001028973289194338
2.782,0.1302768,-0.3039138,9.866015100000002,-0.004135804936582943,0,0.0363491190637499,-4.498958604635603e-05,0,-0.0001036171622961755
2.797,0.1302768,-0.2724237,9.834525,-0.0036306288417282673,0,0.03367840632364477,0.0,0,-0.00010395458419152317
2.813,0.10182780000000001,-0.2724237,9.776155500000002,-0.004285934656582668,0,-0.040956613428400034,0.0,0,-0.00010395458419152317
2.829,0.13469129999999999,-0.2858634,9.776155500000002,-0.004913079280187915,0,-0.0391965389753279,0.0,0,-0.00010395458419152317
2.844,0.13469129999999999,-0.2649681,9.8016615,-0.005039576502978704,0,-0.00843314818605278,0.0,0,-0.00010395458419152317
2.86,0.17510850000000003,-0.2649681,9.818044200000001,-0.004830014234141089,0,0.013097641802350945,0.0,0,-0.00010395458419152317
2.875,0.1526436,-0.3173535,9.818044200000001,-0.004601465552534378,0,0.01523657877378058,0.0,0,-0.00010395458419152317
2.891,0.16765290000000002,-0.36071369999999997,9.8375661,-0.003960794635286646,0,0.04004193232798322,-3.29982830376864e-05,0,-0.00010421857045582466
2.907,0.16765290000000002,-0.34580249999999996,9.7821396,-0.004429137711525755,0,-0.029271442264944245,0.0,0,-0.00010448255672012616
2.922,0.11526750000000001,-0.34580249999999996,9.848062800000001,-0.003611419317930853,0,0.054514559572993,0.0,0,-0.00010448255672012616
2.938,0.1122264,-0.3053853,9.848062800000001,-0.002836608036455246,0,0.04842570509222539,0.0,0,-0.00010448255672012616
2.954,0.1122264,-0.261927,9.845021700000002,-0.002161125685757881,0,0.04221764691858528,0.0,0,-0.00010448255672012616
2.969,0.1257642,-0.261927,9.8225568,-0.0019359771250382352,0,0.015009904047976702,0.0,0,-0.00010448255672012616
2.985,0.1377324,-0.3023442,9.8225568,-0.00168934571954793,0,0.015414462843144058,0.0,0,-0.00010448255672012616
3.0,0.1377324,-0.2858634,9.747706500000001,-0.002924102533123474,0,-0.08231712090503557,0.0,0,-0.00010448255672012616
3.016,0.11978010000000001,-0.2858634,9.855518400000001,-0.0020263929506825207,0,0.05610684890255952,0.0,0,-0.00010448255672012616
3.032,0.1466595,-0.3427614,9.803133,-0.002130033488374039,0,-0.006477533605719892,0.0,0,-0.00010448255672012616
3.063,0.1482291,-0.33824879999999996,9.803133,-0.0022342504700372245,0,-0.0033618381181672588,0.0,0,-0.00010448255672012616
3.079,0.1482291,-0.32932170000000005,9.7791966,-0.0028114020347160817,0,-0.03607197279242854,-2.7186720654905766e-05,0,-0.0001047000504853654
3.094,0.15568469999999998,-0.3083283,9.8120601,-0.002744396198014698,0,0.0044670557800923424,0.0,0,-0.00010490395089027718
3.11,0.15568469999999998,-0.2769363,9.845021700000002,-0.0020510825955515344,0,0.043332100153947686,0.0,0,-0.00010490395089027718
3.125,0.1466595,-0.2769363,9.806076000000001,-0.00213733238801872,0,-0.005749986164478997,0.0,0,-0.00010490395089027718
3.141,0.11978010000000001,-0.3023442,9.806076000000001,-0.00221434010682664,0,-0.0048129824254949894,0.0,0,-0.00010490395089027718
3.157,0.11978010000000001,-0.2798793,9.856989900000002,-0.0013050743489930738,0,0.056829109864597833,0.0,0,-0.00010490395089027718
3.172,0.1392039,-0.2798793,9.7895952,-0.0017294325776830988,0,-0.02829054857933476,0.0,0,-0.00010490395089027718
3.188,0.142245,-0.2918475,9.7986204,-0.001960896862218675,0,-0.014466517783473508,0.0,0,-0.00010490395089027718
3.204,0.1392039,-0.3039138,9.7986204,-0.0021814900645065194,0,-0.013787075142990256,0.0,0,-0.00010490395089027718
3.219,0.1392039,-0.3143124,9.803133,-0.0023029016146729475,0,-0.008094103344428715,0.0,0,-0.00010490395089027718
3.235,0.08829,-0.3143124,9.7567317,-0.003342832196112866,0,-0.06499566133999485,0.0,0,-0.00010490395089027718
3.25,0.1586277,-0.2918475,9.7567317,-0.004358605686404005,0,-0.06771823268607535,0.0,0,-0.00010490395089027718
3.266,0.1586277,-0.2934171,9.7567317,-0.005353539511743222,0,-0.06218336408370101,-1.278132398283699e-06,0,-0.00010491417594946346
3.282,0.1526436,-0.2934171,9.843550200000001,-0.004629480578634215,0,0.04525368331931286,0.0,0,-0.00010492440100864974
3.297,0.11821050000000001,-0.290376,9.843550200000001,-0.003930669985045654,0,0.0465873729059037,0.0,0,-0.00010492440100864974
3.329,0.11821050000000001,-0.315882,9.7956774,-0.004168298158594652,0,-0.007425880423406188,0.0,0,-0.00010492440100864974
3.344,0.11526750000000001,-0.315882,9.8255979,-0.0038156220801148777,0,0.023511738565318796,0.0,0,-0.00010492440100864974
3.36,0.1272357,-0.2934171,9.7956774,-0.004066981935295644,0,-0.015709990948797867,0.0,0,-0.00010492440100864974
3.375,0.145188,-0.34580249999999996,9.7956774,-0.004275028749086474,0,-0.013869787586055204,0.0,0,-0.00010492440100864974
3.391,0.145188,-0.31284090000000003,9.771642900000002,-0.004971681907028014,0,-0.043540822371346224,-3.4405911942533146e-05,0,-0.00010519964830419
3.407,0.09878670000000002,-0.31284090000000003,9.7986204,-0.005137353067816264,0,-0.010354447549265613,0.0,0,-0.00010547489559973027
3.422,0.15421320000000002,-0.315882,9.7986204,-0.005283841834339498,0,-0.009765917768215516,0.0,0,-0.00010547489559973027
3.438,0.15421320000000002,-0.3023442,9.7986204,-0.005435827021656792,0,-0.009499074207330862,0.0,0,-0.00010547489559973027
3.454,0.11821050000000001,-0.3023442,9.7672284,-0.006209830567852848,0,-0.048375221637253454,0.0,0,-0.00010547489559973027
3.485,0.1497006,-0.3173535,9.8584614,-0.005163124065298064,0,0.03376472588886433,-4.864056188533944e-05,0,-0.00010622882430895302
3.5,0.1466595,-0.3173535,9.8151012,-0.004987500482888763,0,0.011708238827286643,0.0,0,-0.00010659362852309307
3.516,0.1107549,-0.3202965,9.7582032,-0.0059376520640945785,0,-0.05938447382536344,0.0,0,-0.00010659362852309307
3.532,0.1362609,-0.2948886,9.7582032,-0.00687854169263602,0,-0.058805601783840034,0.0,0,-0.00010659362852309307
3.547,0.1362609,-0.2994012,9.8136297,-0.006712109034408442,0,0.011095510548505088,0.0,0,-0.00010659362852309307
3.563,0.1302768,-0.2994012,9.839037600000001,-0.006052612979734917,0,0.041218503417095285,-1.8748672992431603e-05,0,-0.00010674361790703252
3.579,0.15421320000000002,-0.31136939999999996,9.839037600000001,-0.0053919873751819836,0,0.04128910028455831,0.0,0,-0.00010689360729097198
3.594,0.15421320000000002,-0.2889045,9.871999200000001,-0.004111794906913602,0,0.08534616455122727,0.0,0,-0.00010689360729097198
3.61,0.1406754,-0.2889045,9.8240283,-0.003800772286558285,0,0.019438913772207283,0.0,0,-0.00010689360729097198
3.625,0.15568469999999998,-0.318825,9.8240283,-0.0034732761347981977,0,0.02183307678400563,0.0,0,-0.00010689360729097198
3.641,0.15568469999999998,-0.3053853,9.7911648,-0.0038045573772080843,0,-0.02070507765061789,0.0,0,-0.00010689360729097198
3.657,0.1332198,-0.318825,9.7956774,-0.004039015290160819,0,-0.014653619559545902,0.0,0,-0.00010689360729097198
3.672,0.142245,-0.318825,9.7656588,-0.004854614721686801,0,-0.054373295435065,0.0,0,-0.00010689360729097198
3.688,0.08377740000000002,-0.290376,9.7656588,-0.005684870710808809,0,-0.05189099932012548,-7.142910163925736e-05,0,-0.00010746504010408604
3.704,0.08377740000000002,-0.29783160000000003,9.833053500000002,-0.005173640148054659,0,0.03195191017213436,0.0,0,-0.0001080364729172001
3.735,0.1661814,-0.29783160000000003,9.8928945,-0.003479256334477654,0,0.054657542373452314,0.0,0,-0.0001080364729172001
3.75,0.11673900000000001,-0.2679111,9.8928945,-0.0018487174831971487,0,0.10870259008536612,0.0,0,-0.0001080364729172001
3.766,0.11673900000000001,-0.34580249999999996,9.854046900000002,-0.0009640010839575552,0,0.05529477495247454,0.0,0,-0.0001080364729172001
3.782,0.1406754,-0.34580249999999996,9.827069400000001,-0.0006190964770933505,0,0.021556537929012777,0.0,0,-0.0001080364729172001
3.797,0.1406754,-0.29783160000000003,9.7911648,-0.0010153531267338423,0,-0.02641710997603257,0.0,0,-0.0001080364729172001
3.813,0.113796,-0.3307932,9.806076000000001,-0.0010977595492622783,0,-0.0051504014080272454,0.0,0,-0.0001080364729172001
3.829,0.1032993,-0.3307932,9.8120601,-0.0010635648721404323,0,0.0021371673201153723,0.0,0,-0.0001080364729172001
3.86,0.1661814,-0.29783160000000003,9.8120601,-0.001033810201267471,0,0.0009598280926761786,0.0,0,-0.0001080364729172001
3.875,0.1661814,-0.30685680000000004,9.818044200000001,-0.0008819282138077256,0,0.010125465830649613,0.0,0,-0.0001080364729172001
3.891,0.18413369999999998,-0.30685680000000004,9.830012400000001,-0.0004922334098296233,0,0.024355925248631373,0.0,0,-0.0001080364729172001
3.907,0.13469129999999999,-0.2769363,9.830012400000001,-0.00014330323716293947,0,0.021808135791667717,0.0,0,-0.0001080364729172001
3.922,0.13469129999999999,-0.31136939999999996,9.8046045,-0.00027891929575929453,0,-0.009041070573090263,0.0,0,-0.0001080364729172001
3.938,0.1466595,-0.31136939999999996,9.7895952,-0.0007026297902186229,0,-0.026481905903708,0.0,0,-0.0001080364729172001
3.954,0.1257642,-0.30685680000000004,9.7895952,-0.0011265217738554156,0,-0.02649324897729952,-2.6044975687637695e-06,0,-0.00010805730889775022
3.969,0.1257642,-0.3173535,9.800091900000002,-0.0013298515217012863,0,-0.013555316523058332,0.0,0,-0.00010807684262951594
4.0,0.11673900000000001,-0.33226469999999997,9.8524773,-0.0004951925972562776,0,0.026924481433709836,0.0,0,-0.00010807684262951594
4.016,0.1511721,-0.2889045,9.8524773,0.0003054891743996535,0,0.050042610728495654,0.0,0,-0.00010807684262951594
4.032,0.1511721,-0.2963601,9.851005800000001,0.0010659743696415092,0,0.047530324702615936,0.0,0,-0.00010807684262951594
4.047,0.09878670000000002,-0.2963601,9.8405091,0.001592809343447854,0,0.03512233158709041,0.0,0,-0.00010807684262951594
4.063,0.1721655,-0.2499588,9.8405091,0.0021038694552935056,0,0.03194125699035319,0.0,0,-0.00010807684262951594
4.079,0.1721655,-0.2738952,9.8136297,0.0020906333009929057,0,-0.0008272596437874916,0.0,0,-0.00010807684262951594
4.094,0.1332198,-0.2738952,9.7986204,0.0017716229387421123,0,-0.02126735748338542,0.0,0,-0.00010807684262951594
4.11,0.1257642,-0.31284090000000003,9.7986204,0.0014797877238077461,0,-0.018239700933397867,0.0,0,-0.00010807684262951594
4.125,0.1257642,-0.30685680000000004,9.834525,0.001893576963983179,0,0.027585949345029444,0.0,0,-0.00010807684262951594
4.141,0.1571562,-0.3173535,9.8240283,0.002108944700170312,0,0.013460483511695808,0.0,0,-0.00010807684262951594
4.157,0.1272357,-0.3173535,9.830012400000001,0.002428867471422791,0,0.01999517320327991,0.0,0,-0.00010807684262951594
4.172,0.1661814,-0.3487455,9.830012400000001,0.002774746746684542,0,0.023058618350783905,0.0,0,-0.00010807684262951594
4.188,0.1661814,-0.3098979,9.842078700000002,0.0033247863376395514,0,0.034377474434688055,0.0,0,-0.00010807684262951594
4.204,0.1257642,-0.3098979,9.800091900000002,0.0030295004543159365,0,-0.018455367707725916,0.0,0,-0.00010807684262951594
4.219,0.1272357,-0.31136939999999996,9.800091900000002,0.002741290724108225,0,-0.019213982013846696,0.0,0,-0.00010807684262951594
4.235,0.1272357,-0.290376,9.777627,0.002005844165692494,0,-0.04596540990098315,0.0,0,-0.00010807684262951594
4.266,0.173637,-0.290376,9.8285409,0.0022965264264627194,0,0.009376847121620263,0.0,0,-0.00010807684262951594
4.282,0.12272310000000002,-0.3023442,9.8285409,0.0025735385632774666,0,0.01731325855092168,1.737298577035931e-05,0,-0.00010793785874335306
4.297,0.1511721,-0.318825,9.7911648,0.0021307015080065383,0,-0.02952247035139584,0.0,0,-0.00010780756135007537
4.313,0.113796,-0.318825,9.7806681,0.0014809427236066597,0,-0.04060992402499238,0.0,0,-0.00010780756135007537
4.329,0.13469129999999999,-0.3098979,9.7806681,0.0008435031041322816,0,-0.0398399762171486,0.0,0,-0.00010780756135007537
4.344,0.13469129999999999,-0.3143124,9.783611100000002,0.0002789934178615283,0,-0.037633979084715455,0.0,0,-0.00010780756135007537
4.36,0.1406754,-0.3143124,9.821085300000002,0.00046153802072090855,0,0.011409037678711254,0.0,0,-0.00010780756135007537
4.375,0.1272357,-0.34580249999999996,9.821085300000002,0.0006576484220719436,0,0.01307402675673595,0.0,0,-0.00010780756135007537
4.391,0.1272357,-0.2769363,9.8105886,0.0006014096501925081,0,-0.003514923242464715,0.0,0,-0.00010780756135007537
4.407,0.1078119,-0.2769363,9.827069400000001,0.0008647183586063534,0,0.016456794275865314,0.0,0,-0.00010780756135007537
4.422,0.09878670000000002,-0.2724237,9.827069400000001,0.0011185326785447813,0,0.016920954662562226,0.0,0,-0.00010780756135007537
4.438,0.15568469999999998,-0.2889045,9.8046045,0.0009507904176366822,0,-0.01048389130675619,0.0,0,-0.00010780756135007537
4.454,0.15568469999999998,-0.3248091,9.7971489,0.0006622676226673008,0,-0.01803267468558632,0.0,0,-0.00010780756135007537
4.469,0.1526436,-0.3248091,9.8091171,0.0006129779493377896,0,-0.003285978221967287,0.0,0,-0.00010780756135007537
4.485,0.12272310000000002,-0.31284090000000003,9.8091171,0.0005488024675273095,0,-0.004010967613155,0.0,0,-0.00010780756135007537
4.516,0.12272310000000002,-0.2738952,9.8120601,0.0005207375182241236,0,-0.000905320945264071,0.0,0,-0.00010780756135007537
4.532,0.1362609,-0.2738952,9.845021700000002,0.001142717398474602,0,0.03887374251565486,0.0,0,-0.00010780756135007537
4.547,0.1482291,-0.3008727,9.845021700000002,0.0017713232805451895,0,0.04190705880470673,0.0,0,-0.00010780756135007537
4.563,0.1482291,-0.287433,9.7612443,0.000737933380376532,0,-0.06458686876054104,0.0,0,-0.00010780756135007537
4.579,0.15568469999999998,-0.287433,9.8046045,0.0005768063020372693,0,-0.010070442396203907,0.0,0,-0.00010780756135007537
4.594,0.11526750000000001,-0.315882,9.8046045,0.000425047174685389,0,-0.01011727515679164,0.0,0,-0.00010780756135007537
4.61,0.11526750000000001,-0.30685680000000004,9.839037600000001,0.000945430121101154,0,0.032523934150985284,0.0,0,-0.00010780756135007537
4.625,0.11821050000000001,-0.290376,9.821085300000002,0.001094664263616707,0,0.009948942834370412,0.0,0,-0.00010780756135007537
4.641,0.1392039,-0.2948886,9.8255979,0.0013374326401454084,0,0.015173023533043825,0.0,0,-0.00010780756135007537
4.657,0.1392039,-0.3039138,9.8016615,0.0011117610643278653,0,-0.014104473488596435,0.0,0,-0.00010780756135007537
4.688,0.113796,-0.3039138,9.845021700000002,0.0017338248158154101,0,0.020066572628630677,0.0,0,-0.00010780756135007537
4.704,0.113796,-0.3023442,9.845021700000002,0.002342744140939601,0,0.038057457820261896,0.0,0,-0.00010780756135007537
4.719,0.113796,-0.3338343,9.806076000000001,0.0021965121333771265,0,-0.0097488005041646,0.0,0,-0.00010780756135007537
4.735,0.1661814,-0.3338343,9.818044200000001,0.0023023021851056313,0,0.006611878233031548,9.789492714892822e-06,0,-0.00010772924540835623
4.75,0.16912439999999998,-0.3008727,9.818044200000001,0.002386125758514268,0,0.005588238227242571,0.0,0,-0.00010765582421299454
4.766,0.16912439999999998,-0.31284090000000003,9.8046045,0.002212284960275923,0,-0.01086504988989655,0.0,0,-0.00010765582421299454
4.782,0.113796,-0.3039138,9.833053500000002,0.002578226765228564,0,0.02287136280954003,0.0,0,-0.00010765582421299454
4.797,0.142245,-0.3039138,9.7971489,0.002240650981223169,0,-0.022505052267026815,0.0,0,-0.00010765582421299454
4.829,0.1302768,-0.315882,9.8584614,0.003115330882083711,0,0.027333746901891918,0.0,0,-0.00010765582421299454
4.844,0.1466595,-0.315882,9.830012400000001,0.0034198945284860116,0,0.02030424309348593,0.0,0,-0.00010765582421299454
4.86,0.1586277,-0.2829204,9.830012400000001,0.003702454672991351,0,0.017660009031583695,0.0,0,-0.00010765582421299454
4.875,0.1586277,-0.3173535,9.7986204,0.0033849489348636297,0,-0.021167049208515205,0.0,0,-0.00010765582421299454
4.891,0.1526436,-0.3173535,9.830012400000001,0.0036869398696168787,0,0.018874433422078046,0.0,0,-0.00010765582421299454
4.907,0.0973152,-0.347274,9.830012400000001,0.003989045539213976,0,0.018881604349818542,1.903287971418907e-05,0,-0.00010750356117528103
4.922,0.0973152,-0.3262806,9.7986204,0.003655974538050444,0,-0.022204733410902594,0.0,0,-0.00010736081457742461
4.938,0.1212516,-0.290376,9.8091171,0.003518237258052892,0,-0.008608579999846981,0.0,0,-0.00010736081457742461
4.954,0.1062423,-0.290376,9.777627,0.0027626442939236995,0,-0.04722456025807449,0.0,0,-0.00010736081457742461
4.969,0.1212516,-0.2963601,9.777627,0.00202880751934309,0,-0.04892245163870545,0.0,0,-0.00010736081457742461
4.985,0.1212516,-0.2918475,9.7941078,0.0016296841803171702,0,-0.02494520868911996,0.0,0,-0.00010736081457742461
5.0,0.1032993,-0.2918475,9.800091900000002,0.0013516303558027687,0,-0.01853692163429383,0.0,0,-0.00010736081457742461
5.016,0.12272310000000002,-0.290376,9.800091900000002,0.0010825616249192649,0,-0.016816795680218974,0.0,0,-0.00010736081457742461
5.032,0.12272310000000002,-0.3173535,9.8285409,0.0013926495915406178,0,0.019380497913834543,0.0,0,-0.00010736081457742461
5.047,0.1122264,-0.3173535,9.8105886,0.001342399599613131,0,-0.003349999461832525,0.0,0,-0.00010736081457742461
5.063,0.1002582,-0.3039138,9.8105886,0.0012822556940115248,0,-0.0037589941001003845,0.0,0,-0.00010736081457742461
5.079,0.15421320000000002,-0.2843919,9.7791966,0.0006103395623497931,0,-0.041994758228858196,0.0,0,-0.00010736081457742461
5.11,0.15421320000000002,-0.318825,9.8464932,0.0012910914652479732,0,0.02195973880316669,0.0,0,-0.00010736081457742461
5.125,0.15568469999999998,-0.318825,9.834525,0.0017244308409427589,0,0.028889291712986324,0.0,0,-0.00010736081457742461
5.141,0.1317483,-0.3083283,9.834525,0.0021358603697443357,0,0.025714345550098525,0.0,0,-0.00010736081457742461
5.157,0.1317483,-0.3307932,9.8151012,0.002172917979649469,0,0.0023161006190708356,0.0,0,-0.00010736081457742461
5.172,0.145188,-0.3307932,9.7941078,0.0018016080255964795,0,-0.0247539969368665,1.4751156951171157e-05,0,-0.00010725018090029083
5.188,0.1406754,-0.2963601,9.818044200000001,0.0018837638708077975,0,0.005134740325707372,0.0,0,-0.00010713217164468146
5.204,0.1062423,-0.2963601,9.7806681,0.0012233366774498933,0,-0.04127669958486898,0.0,0,-0.00010713217164468146
5.219,0.1122264,-0.2724237,9.7806681,0.000563528468301655,0,-0.04398721394321421,0.0,0,-0.00010713217164468146
5.235,0.17667810000000003,-0.36071369999999997,9.860031000000001,0.0015461418462496823,0,0.06141333612175165,0.0,0,-0.00010713217164468146
5.25,0.17667810000000003,-0.2994012,9.8240283,0.0017637791700622074,0,0.014509154920835316,0.0,0,-0.00010713217164468146
5.266,0.12272310000000002,-0.2994012,9.8136297,0.0017572538854917497,0,-0.0004078302856536094,0.0,0,-0.00010713217164468146
5.282,0.17069399999999998,-0.3098979,9.8136297,0.0017712952163009277,0,0.0008775831755736255,0.0,0,-0.00010713217164468146
5.313,0.17069399999999998,-0.2994012,9.818044200000001,0.0018651814857157945,0,0.003028589335963474,0.0,0,-0.00010713217164468146
5.329,0.1107549,-0.2994012,9.8151012,0.0018827155594802747,0,0.0010958796102800141,0.0,0,-0.00010713217164468146
5.344,0.1377324,-0.3143124,9.8151012,0.001915733521112628,0,0.0022011974421568084,0.0,0,-0.00010713217164468146
5.36,0.1377324,-0.2994012,9.8644455,0.0029059617236448787,0,0.06188926265826561,0.0,0,-0.00010713217164468146
5.375,0.1122264,-0.2994012,9.9258561,0.005073942042665536,0,0.14453202126804687,0.0,0,-0.00010713217164468146
5.391,0.1257642,-0.3307932,9.9258561,0.007222122166135492,0,0.13426125771687214,0.0,0,-0.00010713217164468146
5.407,0.09584369999999999,-0.2709522,10.2132891,0.014919733937436064,0,0.4811007357062853,0.00016935398855076568,0,-0.00010577733973627534
5.422,0.09584369999999999,-0.3023442,10.380942000000001,0.02576943346361027,0,0.7233133017449624,0.0,0,-0.00010450718482214463
5.438,0.1062423,-0.3023442,10.5470253,0.03966338651151524,0,0.86837206549406,0.00049798530385961,0,-0.00010052330239126775
5.454,0.11978010000000001,-0.2948886,10.5470253,0.05328361495517875,1,0.8512642777289684,0.0012415613155931605,0,-8.660692943564557e-05
5.469,0.11978010000000001,-0.3008727,10.5455538,0.06661125312525407,1,0.8885092113383208,0.0021407728261964385,0,-6.123942337222262e-05
5.485,0.1571562,-0.3008727,10.3001076,0.07487706314060105,1,0.5166131259591862,0.003272679356323278,0,-1.7931805912064847e-05
5.5,0.1646118,-0.3098979,10.3001076,0.08298832441388626,1,0.5407507515523587,0.004456669762981907,0,4.00383124827228e-05
5.516,0.1646118,-0.35178660000000006,10.0994931,0.08703613760198792,1,0.2529883242563533,0.005816865459108901,0,0.00012222659425944934
5.532,0.15421320000000002,-0.35178660000000006,9.874942200000001,0.08660166021003768,1,-0.027154836996889895,0.007205967841605106,0,0.0002264092606651615
5.547,0.1406754,-0.3248091,9.874942200000001,0.08615363239656126,1,-0.029868520898428293,0.00850163253615457,0,0.00034421626349835654
5.563,0.0928026,-0.29783160000000003,9.8240283,0.08468882051707993,1,-0.09155074246758313,0.009868372159463703,0,0.0004911763010633028
5.594,0.1257642,-0.2529999,10.0710441,0.08807677817874726,1,0.1092889568279763,0.012546238939249076,0,0.0008386027730933575
5.61,0.052385400000000006,-0.23347800000000002,10.0710441,0.09137634196709143,1,0.20622273677151062,0.013981863900415784,0,0.0010508275958106765
5.625,0.052385400000000006,-0.2814489,10.220744700000001,0.0975693845137382,1,0.41286950310979315,0.015398956849021976,0,0.001271183751431455
5.641,0.10182780000000001,-0.2814489,10.2192732,0.10361946499784125,1,0.3781300302564402,0.017008467645114614,0,0.001530443147384548
5.657,0.11673900000000001,-0.2679111,10.2192732,0.10954690991002103,1,0.3704653070112359,0.018713798644377513,0,0.0018162212777004852
5.672,0.11673900000000001,-0.3248091,10.178856000000001,0.11459842776863027,1,0.33676785724062347,0.020394888676967364,0,0.0021095364326105654
5.688,0.17069399999999998,-0.3248091,10.145894400000001,0.11891993931851275,1,0.27009447186765434,0.02226303561366451,0,0.0024507998269356207
5.704,0.1930608,-0.38621970000000005,10.145894400000001,0.12320673112698977,1,0.2679244880298135,0.024200048977228533,0,0.0028225045036627656
5.719,0.18413369999999998,-0.3907323,10.1683593,0.12784969267917212,1,0.3095307701454787,0.02608297215577482,0,0.003199627162160305
5.735,0.18413369999999998,-0.34580249999999996,10.1997513,0.1329848101168558,1,0.3209448398552303,0.028169648178143047,0,0.0036336481248316487
5.75,0.1796211,-0.34580249999999996,10.238697000000002,0.1387807489745807,1,0.3863959238483343,0.030207889871328775,0,0.004071479660202678
5.766,0.1482291,-0.2664396,10.238697000000002,0.14440669400370254,1,0.3516215643201145,0.03247338941515505,0,0.0045729298944945495
5.782,0.1482291,-0.24397470000000002,10.283626800000002,0.1507919871819876,1,0.3990808236428164,0.03483497886464057,0,0.0051113968407329145
5.797,0.09427410000000001,-0.24397470000000002,10.3210029,0.1577722376734627,1,0.46535003276501685,0.0371492105510564,0,0.00565127826135063
5.813,0.1078119,-0.2529999,10.3210029,0.16462247750936676,1,0.42813998974400264,0.039728368272519035,0,0.006266298891939234
5.829,0.1078119,-0.24544620000000003,10.3898691,0.17268468906259749,1,0.5038882220769199,0.04242682560509475,0,0.006923540442960145
5.86,0.1406754,-0.24544620000000003,10.3659327,0.180127354062515,1,0.2400859677392705,0.047895412273534096,0,0.008323535130078918
5.875,0.1317483,-0.261927,10.3659327,0.18742969074686755,1,0.486822445623513,0.050652090109604406,0,0.009062641397952442
5.891,0.16765290000000002,-0.315882,10.4362704,0.1960068332303866,1,0.5360714052199396,0.053719582301422444,0,0.009897614777240656
5.907,0.1392039,-0.3307932,10.409391,0.2038899186694909,1,0.4926928399440196,0.056918756316621466,0,0.010782721486185008
5.922,0.1466595,-0.31284090000000003,10.409391,0.21160956357456762,1,0.5146429936717913,0.060035002433451834,0,0.011659874676810539
5.938,0.1466595,-0.33981839999999996,10.485712800000002,0.22068998377062599,1,0.5675262622536476,0.06349339881221339,0,0.012648101886775861
5.969,0.1287072,-0.33981839999999996,10.385356500000002,0.22762115861970855,1,0.22358628545427214,0.0704422215192637,0,0.014724104001913796
5.985,0.16166880000000003,-0.2889045,10.385356500000002,0.2343952567546097,1,0.4233811334313216,0.07413835284225825,0,0.015880748596805973
6.0,0.16166880000000003,-0.2769363,10.3764294,0.24085518190689648,1,0.4306616768191273,0.07770273113221947,0,0.01701955672661453
6.016,0.1377324,-0.2769363,10.4108625,0.24785653387834472,1,0.43758449821551487,0.08161242485850141,0,0.018294077974540298
6.032,0.1062423,-0.2889045,10.497681000000002,0.2564213332758065,1,0.5352999623413619,0.08564664779573462,0,0.019632150555774188
6.047,0.0973152,-0.2798793,10.497681000000002,0.26481170689258704,1,0.5593582411187134,0.08955589559699749,0,0.02094616963121965
6.063,0.0973152,-0.23053500000000002,10.5949962,0.2749216541105337,1,0.6318717011216662,0.09387376248502247,0,0.02241360689587581
6.079,0.09584369999999999,-0.23053500000000002,10.632372300000002,0.28556576616400164,1,0.6652570033417454,0.09835766184721875,0,0.02395145829053374
6.094,0.1661814,-0.2889045,10.632372300000002,0.29604610411087506,1,0.6986891964582015,0.1027197508742805,0,0.025459538885945043
6.11,0.1661814,-0.3218661,10.6802451,0.3072776391340568,1,0.7019709389488586,0.10754634082023995,0,0.02714166761950121
6.125,0.11526750000000001,-0.3218661,10.654837200000001,0.317777862769411,1,0.7000149090236275,0.11223425708451586,0,0.028790022103786842
6.141,0.1437165,-0.33530580000000004,10.654837200000001,0.32808709773194167,1,0.6443271851581661,0.11740117676852668,0,0.030627105574611183
6.157,0.1437165,-0.3143124,10.572531300000001,0.33656866300294297,1,0.5300978294375809,0.12271842285440576,0,0.03254806237159465
6.188,0.1332198,-0.3053853,10.4812002,0.3430861920104107,1,0.21024287120863805,0.13325307310711262,0,0.036515620558998145
6.204,0.10182780000000001,-0.3023442,10.4812002,0.3494672999473014,1,0.3988192460556702,0.13879350104277433,0,0.03869199315219724
6.219,0.10182780000000001,-0.290376,10.548594900000001,0.3570375548879987,1,0.5046836627131339,0.1440922874540393,0,0.04081363656592343
6.235,0.10182780000000001,-0.290376,10.5785154,0.3650458011773914,1,0.5005153930870416,0.14986895430256242,0,0.043165326499976245
6.25,0.09427410000000001,-0.290376,10.5785154,0.37289565077601594,1,0.5233233065749817,0.15540351519221285,0,0.04545487002118701
6.266,0.09427410000000001,-0.2724237,10.5919551,0.38084564756691464,1,0.49687479943116797,0.1614334455789563,0,0.047989565707356366
6.282,0.09133110000000001,-0.2724237,10.575474300000002,0.38831622273416144,1,0.46691094795292504,0.1675867405413649,0,0.05062172719631894
6.297,0.1377324,-0.2784078,10.575474300000002,0.39565322001826786,1,0.4891331522737715,0.173466511362008,0,0.05317962658559418
6.313,0.1377324,-0.3262806,10.587442500000002,0.4031077167287016,1,0.46590604440210864,0.17985659885598376,0,0.05600621146733811
6.329,0.1257642,-0.3262806,10.542610800000002,0.4095345564007449,1,0.40167747950270416,0.18635773704101935,0,0.05893592615451414
6.344,0.1721655,-0.3008727,10.635413400000001,0.41765210275368503,1,0.5411697568626563,0.19256163698467782,0,0.06177782145970698
6.36,0.1856052,-0.3367773,10.635413400000001,0.4256360034630138,1,0.49899379433304647,0.19930794183441142,0,0.06491277809025969
6.375,0.1856052,-0.3503151,10.5230889,0.43127102950576734,1,0.3756684028502457,0.20573474458167715,0,0.06795059823838029
6.391,0.11978010000000001,-0.3503151,10.5770439,0.43783413942066574,1,0.41019436968114903,0.21268758593308862,1,0.07129797688249842
6.407,0.1257642,-0.3248091,10.5770439,0.44425397023425006,1,0.40123942584902006,0.21974429081032795,1,0.07475743189644575
6.422,0.1257642,-0.2858634,10.530642600000002,0.44961645680658435,1,0.3574991048222937,0.22644831901313406,1,0.07810387647012164
6.438,0.1257642,-0.2858634,10.4273433,0.45284921906746334,1,0.2020476413049364,0.23366804442012645,1,0.08178480737758773
6.469,0.12272310000000002,-0.287433,10.4273433,0.4560187293239313,1,0.1022422663376737,0.24775549762019333,1,0.08924687227921282
6.485,0.12272310000000002,-0.2934171,10.4902254,0.4603617715246493,1,0.27144013754487584,0.25508654162698197,1,0.09326960859319022
6.5,0.1646118,-0.3053853,10.599410700000002,0.46677732386219795,1,0.4277034891699189,0.26204008484238317,1,0.09714805829171037
6.516,0.1946304,-0.3053853,10.5051366,0.4712296259109099,1,0.2782688780444962,0.26954414044056807,1,0.10140073209397399
6.532,0.12272310000000002,-0.3547296,10.5051366,0.4756037241881419,1,0.2733811423270003,0.2771188072413605,1,0.10577403567542942
6.547,0.12272310000000002,-0.347274,10.5680187,0.481119404105117,1,0.3677119944650147,0.2842942307035598,1,0.10998463346001623
6.563,0.08083440000000001,-0.347274,10.585971,0.4868708338749368,1,0.35946436061373677,0.29203815260740024,1,0.11459529252650391
6.579,0.1062423,-0.2858634,10.585971,0.492477899151158,1,0.35044157976382684,0.299872942471609,1,0.11933058128713599
6.594,0.1062423,-0.2994012,10.5125922,0.4965442086606231,1,0.2710873006309945,0.30729060828019766,1,0.12388430791777472
6.61,0.13469129999999999,-0.2994012,10.5021936,0.5003333811895878,1,0.23682328306029432,0.31526562899899935,1,0.12886475781600829
6.625,0.1257642,-0.29783160000000003,10.5021936,0.5040452120733132,1,0.24745539224836513,0.32279846844847093,1,0.1336502385468642
6.641,0.1257642,-0.29783160000000003,10.557522,0.5087686215725693,1,0.2952130937035055,0.330900979117638,1,0.13887983412739308
6.657,0.1466595,-0.2963601,10.515633300000001,0.5125829442631638,1,0.238395168162153,0.3390717916443239,1,0.14423961629348878
6.672,0.1287072,-0.3008727,10.503665100000001,0.5160858242110802,1,0.23352532986110006,0.34678680740788054,1,0.1493835557863802
6.688,0.1287072,-0.30685680000000004,10.5125922,0.5196983664835653,1,0.2257838920303177,0.3550730809334377,1,0.15499843489311077
6.704,0.1661814,-0.30685680000000004,10.572531300000001,0.5244250080904198,1,0.29541510042840863,0.3634260679300296,1,0.1607464280840185
6.735,0.1062423,-0.3487455,10.572531300000001,0.5290692886796702,1,0.1498155028790414,0.37975522952996627,1,0.17226573819464866
6.75,0.1062423,-0.258984,10.630900800000001,0.5347160451315585,1,0.37645043012589335,0.3877336195335503,1,0.1780219045626249
6.766,0.10182780000000001,-0.258984,10.539569700000001,0.5384610467550317,1,0.2340626014670775,0.396319036268643,1,0.18429432580904245
6.782,0.0703377,-0.290376,10.539569700000001,0.5421436115504772,1,0.23016029971534271,0.4049638735350871,1,0.1907045890874723
6.797,0.0703377,-0.31284090000000003,10.4467671,0.5439477592895727,1,0.12027651593970527,0.41310955881638733,1,0.1968401398301082
6.813,0.1482291,-0.2544714,10.428814800000001,0.5453495730728921,1,0.08761336145746138,0.42182393747528707,1,0.2035196078004416
6.829,0.1511721,-0.2544714,10.5141618,0.5483975307709716,1,0.19049735612997037,0.430573914306038,1,0.2103387906146922
6.844,0.13469129999999999,-0.2814489,10.5141618,0.5513948089396568,1,0.199818544579,0.438822356853868,1,0.21685926264839175
6.86,0.13469129999999999,-0.315882,10.5335856,0.5547331424157314,1,0.208645842254662,0.4476713804647111,1,0.2239512125469404
6.875,0.1466595,-0.315882,10.437840000000001,0.5561328206542697,1,0.09331188256922672,0.45600287518773597,1,0.2307287694643336
6.891,0.15421320000000002,-0.3008727,10.437840000000001,0.5574984975897515,1,0.08535480846760805,0.46491192573368817,1,0.238096087871705
6.907,0.15421320000000002,-0.3248091,10.4572638,0.5592320891641354,1,0.10834947339899416,0.47384577042771925,1,0.24560614944099626
6.922,0.18109260000000002,-0.3248091,10.3988943,0.559796360371541,1,0.03761808049371102,0.4822384837992366,1,0.25277678134769827
6.938,0.1317483,-0.2889045,10.3988943,0.5603142588583534,1,0.03236865542577402,0.4911993687530758,1,0.2605642841681168
6.954,0.15421320000000002,-0.3008727,10.4153751,0.5611576899648139,1,0.052714444153778524,0.5001711443436612,1,0.2684952482728907
6.985,0.11821050000000001,-0.33226469999999997,10.3449393,0.5606137567334191,1,-0.017546233270799304,0.5175586017674821,1,0.2842700593376137
7.0,0.0703377,-0.31284090000000003,10.3449393,0.5600600703309411,1,-0.03691242683186699,0.5259636554704638,1,0.2920964762668981
7.016,0.0703377,-0.2634966,10.2865698,0.5583461997631165,1,-0.10711691048903561,0.534910905631216,1,0.30058347275571157
7.032,0.028449,-0.2634966,10.267146,0.5562812597200004,1,-0.12905875269475497,0.5438279253070809,1,0.30921338340321797
7.047,0.1287072,-0.30685680000000004,10.267146,0.554295452300396,1,-0.13238716130696368,0.5521572506472338,1,0.31743327222287515
7.063,0.1287072,-0.2994012,10.307563200000002,0.5531363651698804,1,-0.07244294565722502,0.561016705186996,1,0.326338663869549
7.079,0.17667810000000003,-0.2994012,10.3434678,0.5527175446888286,1,-0.02617628006573722,0.5698635364658656,1,0.33538570580277194
7.094,0.16765290000000002,-0.32333760000000006,10.3434678,0.5523181127807266,1,-0.026628793873464868,0.5781513038968876,1,0.34399581710549293
7.11,0.1526436,-0.33226469999999997,10.249193700000001,0.5500801557169144,1,-0.13987231648826526,0.5869704900448688,1,0.353316791457027
7.125,0.1526436,-0.3143124,10.2013209,0.5469368488875705,1,-0.20955378862292634,0.5951981175794022,1,0.36218305601420886
7.141,0.1332198,-0.3143124,10.241738100000001,0.5446418948311873,1,-0.1434346285239528,0.6039307475291523,1,0.3717760869350773
7.157,0.049442400000000004,-0.2784078,10.241738100000001,0.5423569358345617,1,-0.14280993728910105,0.6126267381744783,1,0.38150854682070634
7.172,0.049442400000000004,-0.2918475,10.1353977,0.5380398870266454,1,-0.28780325386109146,0.6207297143459372,1,0.3907587202146093
7.188,0.09133110000000001,-0.2918475,10.154919600000001,0.5341957962607911,1,-0.24025567286589644,0.6293075998122366,1,0.40075901872787467
7.219,0.1646118,-0.3622833,10.154919600000001,0.5304896307417835,1,-0.11955372641959769,0.6458102239307768,1,0.4205233449958917
7.235,0.1646118,-0.3053853,10.1683593,0.5270828540306631,1,-0.2129235444450204,0.6542708038089564,1,0.4309239932178096
7.25,0.16019730000000001,-0.3053853,10.145894400000001,0.5233012606091503,1,-0.2521062281008622,0.6621486846687549,1,0.44079713938139226
7.266,0.1631403,-0.2889045,10.145894400000001,0.519585276088737,1,-0.23224903252583287,0.670491776962338,1,0.45145826307444104
7.282,0.0823059,-0.2994012,10.121958000000001,0.5154598349795219,1,-0.25784006932594283,0.6787721378508841,1,0.4622523743929468
7.297,0.0823059,-0.2948886,10.0157157,0.5093304685708429,1,-0.4086244272452757,0.6864580651275116,1,0.4724916009152846
7.313,0.1362609,-0.2948886,10.1189169,0.5053553237645882,1,-0.24844655039091257,0.6945755514661951,1,0.48353986984803426
7.329,0.1302768,-0.31136939999999996,10.1189169,0.5014662538657291,1,-0.2430668686786983,0.7026301240872377,1,0.4947175152524617
7.344,0.1302768,-0.33530580000000004,10.056132900000001,0.49643815174403016,1,-0.33520680811324777,0.7101144071293112,1,0.5053130992365862
7.36,0.11673900000000001,-0.33530580000000004,9.975298500000001,0.489921388449142,1,-0.407297705930509,0.7180052834508566,1,0.5167380567612275
7.375,0.15421320000000002,-0.33530580000000004,9.975298500000001,0.4835423775323502,1,-0.42526739445279754,0.7253062616957177,1,0.5275628933498266
7.391,0.15421320000000002,-0.2843919,10.0141461,0.4780187737661894,1,-0.345225235385049,0.732998750906106,1,0.5392293334506413
7.407,0.1661814,-0.35178660000000006,9.9707859,0.47179961955550276,1,-0.3886971381679146,0.7405972980526796,1,0.5510181018423116
7.438,0.1377324,-0.318825,9.97677,0.4657894585696223,1,-0.19387616083485595,0.7551299287636188,1,0.574201873857964
7.454,0.1377324,-0.258984,9.9392958,0.45912871422110335,1,-0.41629652178243287,0.7625292741459446,1,0.5863431474812405
7.469,0.1392039,-0.258984,9.934881299999999,0.4525124535311136,1,-0.44108404599930146,0.7693665829040865,1,0.5978323664091162
7.485,0.145188,-0.2843919,9.934881299999999,0.44604121959334186,1,-0.4044521211107318,0.7765550122890822,1,0.6101997391706615
7.5,0.145188,-0.258984,9.943808400000002,0.43985821823201654,1,-0.4122000907550304,0.7831992580727722,1,0.6218978961983752
7.516,0.142245,-0.258984,9.886910400000001,0.4326804665270867,1,-0.44860948155811503,0.7901795675508451,1,0.6344849268033642
7.532,0.1062423,-0.287433,9.886910400000001,0.4256499954356414,1,-0.4394044432153295,0.7970462112465468,1,0.6471827330337434
7.547,0.1062423,-0.344331,9.8405091,0.4178837778555504,1,-0.517747838672744,0.8033727145462306,1,0.659185874977189
7.563,0.12272310000000002,-0.344331,9.900448200000001,0.41144806731761463,1,-0.40223190862098657,0.810007369307616,1,0.6720929156480198
7.579,0.16765290000000002,-0.34580249999999996,9.900448200000001,0.4051524621678446,1,-0.3934753218606254,0.8165401735434996,1,0.6851052959908287
7.594,0.10477080000000001,-0.3173535,9.907903800000001,0.39909078315261937,1,-0.4041119343483348,0.8225719978834033,1,0.697398637276531
7.61,0.10477080000000001,-0.3262806,9.874942200000001,0.3925077244034334,1,-0.4114411718241225,0.8289047859438518,1,0.710610451547149
7.625,0.1078119,-0.3262806,9.788123700000002,0.38435310203741224,1,-0.5436414910680888,0.834731242142158,1,0.7230877217577938
7.641,0.142245,-0.3039138,9.788123700000002,0.37635288348078966,1,-0.5000136597889111,0.8408168900263037,1,0.7364921068151415
7.657,0.142245,-0.3053853,9.7941078,0.3686276953562899,1,-0.48282425778123317,0.8467767346570003,1,0.749992855812608
7.688,0.1497006,-0.29783160000000003,9.687865500000001,0.35896963695987516,1,-0.3115502708520921,0.8580544933079007,1,0.7764177398460637
7.704,0.1497006,-0.3098979,9.6594165,0.34895089778283506,1,-0.6261711985650059,0.8637178575858424,1,0.7901919186532136
7.719,0.1586277,-0.3098979,9.834525,0.3425627081292504,1,-0.4258793102389622,0.8689042096301832,1,0.8031865841573342
7.735,0.1497006,-0.318825,9.717786,0.3340151108208982,1,-0.5342248317720117,0.8743168321817845,1,0.81713235249183
7.75,0.16912439999999998,-0.344331,9.717786,0.3256584088050225,1,-0.5571134677250574,0.8792643835789787,1,0.8302842116100355
7.766,0.16912439999999998,-0.2934171,9.7417224,0.3179018854424207,1,-0.4847827101626119,0.8844128659329583,1,0.8443936296061311
7.782,0.0973152,-0.2934171,9.7986204,0.31139329547616157,1,-0.4067868728911957,0.889447227380307,1,0.8585845103526372
7.797,0.1212516,-0.2738952,9.7986204,0.305006481266636,1,-0.4257876139683812,0.8940702257058779,1,0.8719608912507832
7.813,0.1212516,-0.3503151,9.7222986,0.29729717072890693,1,-0.48183190860806535,0.8988886549218422,1,0.886304562295805
7.829,0.1406754,-0.3503151,9.6549039,0.2884236869567314,1,-0.5545927357609721,0.9035744217833274,1,0.9007242669094464
7.844,0.16166880000000003,-0.3083283,9.6549039,0.27970257239007523,1,-0.5814076377770541,0.9078353687284286,1,0.9143098403382851
7.875,0.16166880000000003,-0.2814489,9.5905503,0.2698752542212155,1,-0.31701026351160744,0.9163538250409036,1,0.9425847728417095
7.891,0.1317483,-0.2814489,9.60399,0.2604950444715257,1,-0.5862631093556109,0.9205967874304455,1,0.9572803777414803
7.907,0.0763218,-0.3023442,9.601047000000001,0.25124176436414736,1,-0.5783300067111469,0.9246906819011309,1,0.9720426774961329
7.922,0.113796,-0.3218661,9.601047000000001,0.2421896280176341,1,-0.6034757564342296,0.9283914173439942,1,0.9859407932404711
7.938,0.113796,-0.2858634,9.5307093,0.23191419737031715,1,-0.642214415457309,0.9321842479470979,1,1.0008253985628
7.954,0.11821050000000001,-0.2858634,9.551604600000001,0.2222507953527959,1,-0.6039626260950776,0.9358175678888828,1,1.0157694130894879
7.969,0.1915893,-0.315882,9.551604600000001,0.21281871916505324,1,-0.6288050791828206,0.9390805892477668,1,1.0298311492680132
7.985,0.1915893,-0.3262806,9.5247252,0.20305180153742342,1,-0.6104323517268634,0.9424075534133867,1,1.0448830544093024
8.0,0.1646118,-0.3262806,9.4812669,0.1926150144225236,1,-0.6957858076600025,0.9453750545330862,1,1.0590414239689006
8.016,0.1781496,-0.3173535,9.437906700000001,0.18153215638621845,1,-0.6926786272690715,0.9483682318995562,1,1.0741913702603616
8.047,0.10477080000000001,-0.3173535,9.455859,0.1709968443966563,1,-0.33984877385683704,0.9538324314116908,1,1.1036754805416864
8.063,0.0868185,-0.287433,9.458802,0.16070346889469356,1,-0.6433359688726709,0.9564860339180217,1,1.1189580282643241
8.079,0.1317483,-0.31284090000000003,9.458802,0.15063789603321354,1,-0.6290983038425008,0.958976764837445,1,1.1342817306543678
8.094,0.1317483,-0.2694807,9.3974895,0.13954193360597422,1,-0.7397308284826806,0.9611531135597388,1,1.1486827047423456
8.11,0.16765290000000002,-0.2694807,9.358543800000001,0.12791154357734769,1,-0.7268993767891578,0.9632927413772053,1,1.1640782715818412
8.125,0.1586277,-0.3098979,9.358543800000001,0.11653063323024782,1,-0.7587273564732959,0.9651260577032623,1,1.1785414125749452
8.141,0.1586277,-0.3307932,9.4109292,0.10641327308741388,1,-0.6323350089271201,0.9669096089538036,1,1.1939976979082016
8.157,0.11978010000000001,-0.3307932,9.3480471,0.09525091772511374,1,-0.6976472101437585,0.9685229224803038,1,1.2094811581596745
8.172,0.10928340000000002,-0.318825,9.3480471,0.08429676374071526,1,-0.7302769322932039,0.9698695300912976,1,1.224019101553962
8.188,0.10928340000000002,-0.344331,9.3630564,0.07386920487143733,1,-0.6517224293298701,0.9711348578401948,1,1.239547136657414
8.204,0.1377324,-0.344331,9.3241107,0.06289042018846303,1,-0.6861740426858937,0.9722289348406741,1,1.255094046998861
8.219,0.1362609,-0.3039138,9.285165000000001,0.051335800931841646,2,-0.7703079504414873,0.9730856314990763,1,1.2696839062464078
8.235,0.173637,-0.31136939999999996,9.285165000000001,0.0400248045576177,2,-0.706937273388996,0.973816516342992,1,1.2852591234291444
8.25,0.173637,-0.2934171,9.2148273,0.027545901935368988,2,-0.8319268414832158,0.9743232966416895,1,1.29987017202653
8.266,0.1796211,-0.2934171,9.256716,0.016134709017613602,2,-0.713199557359711,0.9746727415293134,1,1.315462140331898
8.282,0.11526750000000001,-0.2769363,9.256716,0.004917228717262745,2,-0.7010925187719279,0.9748411570311923,1,1.3310582515203822
8.297,0.11526750000000001,-0.318825,9.2672127,-0.005848205965202524,2,-0.7176956454976574,0.9748341747018328,1,1.3456808165083805
8.313,0.11821050000000001,-0.318825,9.2043306,-0.0176339748005212,2,-0.7366105522074167,0.9746463172557069,1,1.3612766604440407
8.329,0.1212516,-0.30685680000000004,9.2043306,-0.029195845786320618,2,-0.7226169366124628,0.9742716786910122,1,1.3768680044116144
8.344,0.1212516,-0.3143124,9.1534167,-0.04152372381046021,2,-0.8218585349427058,0.9737412819190363,1,1.3914781016161886
8.375,0.1377324,-0.3083283,9.1026009,-0.0546050053462146,3,-0.4219768237340045,0.9722512866171078,1,1.4216409864284993
8.391,0.15568469999999998,-0.2858634,9.1026009,-0.06743848894551441,3,-0.8020927249562375,0.9712749386627739,1,1.4371891962307384
8.407,0.15568469999999998,-0.3503151,9.1430181,-0.07918441202517634,3,-0.7341201924788703,0.9701019554550084,1,1.4527202113836806
8.422,0.1392039,-0.3503151,9.1265373,-0.09102810783455517,3,-0.7895797206252253,0.9688253615560604,1,1.4672621662612642
8.438,0.11673900000000001,-0.2994012,9.1265373,-0.10268125491871238,3,-0.7283216927598251,0.9672756866540342,1,1.482750974646945
8.454,0.11673900000000001,-0.2829204,9.051687,-0.11558303383585056,3,-0.8063611823211352,0.9655295723439977,1,1.4982134167189292
8.469,0.09878670000000002,-0.2829204,9.0576711,-0.1281187539929185,3,-0.8357146771379301,0.9637018089352821,1,1.5126826520785226
8.485,0.1571562,-0.3278502,9.0576711,-0.14036283393037863,3,-0.7652549960912574,0.9615539562318958,1,1.52808469819986
8.5,0.1571562,-0.3262806,9.018725400000001,-0.1531309731653785,3,-0.8512092823332921,0.9593527526786775,1,1.5424914985166898
8.516,0.11673900000000001,-0.35178660000000006,9.0531585,-0.16496740413741762,3,-0.7397769357524446,0.956807965660255,1,1.5578207842634013
8.532,0.113796,-0.35178660000000006,8.9783082,-0.17803890266017852,3,-0.8169686576725558,0.9540639152058743,1,1.5731077593103304
8.563,0.1392039,-0.3218661,8.9783082,-0.19086907542442333,3,-0.41387654078208275,0.9483458415455629,1,1.6025951105399783
8.579,0.1392039,-0.30685680000000004,8.9469162,-0.2040730679450391,3,-0.8252495325384849,0.9451863043986072,1,1.6177433677075317
8.594,0.1661814,-0.30685680000000004,8.9783082,-0.21639407422530255,3,-0.8214004186842959,0.9420328008323299,1,1.6318975109967626
8.61,0.1466595,-0.33226469999999997,8.9783082,-0.2284624376990756,3,-0.7542727171108148,0.9384739487369348,1,1.6469415649933168
8.625,0.1466595,-0.3202965,8.948387700000001,-0.24088891188476325,3,-0.8284316123791454,0.9349538136150559,1,1.6609922732109572
8.641,0.11978010000000001,-0.3202965,8.9693811,-0.25266823451371145,3,-0.7362076643092623,0.9310053564438682,1,1.6759199465714287
8.657,0.1122264,-0.33530580000000004,8.9693811,-0.2642077565486911,3,-0.7212201271862277,0.926870348515369,1,1.6907829522111026
8.672,0.1122264,-0.29783160000000003,8.9858619,-0.27522397906068363,3,-0.7344148341328071,0.9228246104982986,1,1.7046556644037056
8.688,0.1078119,-0.30685680000000004,9.014212800000001,-0.2854637685047763,3,-0.6399868402557901,0.9183391085177749,1,1.7193849741558342
8.704,0.1377324,-0.30685680000000004,8.924451300000001,-0.2972535858632117,3,-0.7368635849022136,0.913677369682831,1,1.7340411059814391
8.719,0.10182780000000001,-0.2994012,8.924451300000001,-0.3088266350851274,3,-0.7715366147944428,0.9091317680257188,1,1.747712174514252
8.735,0.10182780000000001,-0.3023442,8.991846,-0.31885019008024074,3,-0.6264721871945816,0.9041103534243958,1,1.762218111485853
8.75,0.15568469999999998,-0.3023442,9.030693600000001,-0.3279009177827614,3,-0.6033818468346898,0.8992597201154231,1,1.7757433870374022
8.766,0.1377324,-0.2994012,9.030693600000001,-0.33678181608467916,3,-0.5550561438698582,0.8939422582444836,1,1.7900890028642815
8.782,0.1377324,-0.2889045,9.027750600000001,-0.34555294846497375,3,-0.5481957737684113,0.8884835801280864,1,1.804348409571262
8.797,0.1437165,-0.2889045,9.0157824,-0.3543847906263089,3,-0.5887894774223208,0.8832340470849015,1,1.81763629177536
8.829,0.1586277,-0.3338343,8.9797797,-0.36371349814506004,3,-0.291522109960973,0.8717444744645596,1,1.8457159481201513
8.844,0.1406754,-0.3262806,9.027750600000001,-0.3719307165625718,3,-0.5478145611674957,0.8662271428542528,1,1.8587507352500414
8.86,0.1062423,-0.3262806,9.095047200000002,-0.37867744321962604,3,-0.4216704160658887,0.8602222775759952,1,1.8725623306134833
8.875,0.1571562,-0.2634966,9.095047200000002,-0.3853173235568441,3,-0.4426586891478548,0.8544923168251715,1,1.8854226900714925
8.891,0.1571562,-0.318825,8.9514288,-0.39460616765269485,3,-0.5805527559906704,0.8482529288954952,1,1.899044652037258
8.907,0.1571562,-0.318825,8.9902764,-0.4029517571506762,3,-0.5215993436238349,0.8418724654970682,1,1.9125656551923984
8.938,0.13469129999999999,-0.3218661,9.0935757,-0.4091147586519792,3,-0.19880650004202854,0.8292854345021268,1,1.9384686026423865
8.954,0.1526436,-0.3218661,9.0352062,-0.41629497709221575,3,-0.44876365251478273,0.8226821566161732,1,1.951684343371333
8.969,0.1526436,-0.3202965,9.0352062,-0.42333549978371643,3,-0.4693681794334167,0.8163849280396042,1,1.9639773465062502
8.985,0.1526436,-0.3039138,9.0292221,-0.43036631331560216,3,-0.43942584574285753,0.8095553135348096,1,1.9769848684388456
9.0,0.09878670000000002,-0.2889045,9.000773100000002,-0.4378411203272794,3,-0.4983204674451306,0.8030437577824877,1,1.9890793614737257
9.016,0.1317483,-0.2889045,9.032263200000001,-0.4445440201755435,3,-0.4189312405165065,0.7959846766584652,1,2.0018715889492533
9.032,0.1062423,-0.318825,9.032263200000001,-0.4511023509477283,3,-0.4098956732615507,0.788819505689479,1,2.014550022408037
9.047,0.1062423,-0.2514303,9.030693600000001,-0.4576045410660381,3,-0.43347934122063486,0.7820042039993755,1,2.026331200230704
9.063,0.0793629,-0.2514303,9.0201969,-0.4641903808750456,3,-0.411614988062969,0.7746298446238469,1,2.0387842726196896
9.079,0.1122264,-0.3098979,9.0201969,-0.4706045954165248,3,-0.4008884088424477,0.7671514848135143,1,2.0511185232551887
9.094,0.1122264,-0.3023442,9.0337347,-0.47663278646083107,3,-0.4018794029537855,0.7600472044494346,1,2.06257251342466
9.11,0.11673900000000001,-0.3023442,9.162441900000001,-0.48001958629095576,3,-0.21167498938279275,0.7523939854674203,1,2.0746720429439947
9.125,0.1002582,-0.315882,9.162441900000001,-0.483334852848353,3,-0.2210177704931398,0.7451688271738752,1,2.0859037640388047
9.141,0.1002582,-0.2679111,9.2342511,-0.485207719714138,3,-0.11705417911156414,0.7374204865933753,1,2.097764478548943
9.172,0.1631403,-0.3218661,9.2222829,-0.48722701762225107,3,-0.06513864219719427,0.7223477481646611,1,2.120390886187693
9.188,0.1466595,-0.3218661,9.1490022,-0.49064795753454504,3,-0.2138087445183732,0.7145247483634067,1,2.1318858661599176
9.204,0.142245,-0.290376,9.1490022,-0.49402383143280915,3,-0.21099211864150627,0.7066473740516679,1,2.143255243139238
9.219,0.142245,-0.347274,9.0696393,-0.4988494784630788,3,-0.32170980201800353,0.6992008242274493,1,2.1537991046263305
9.235,0.12272310000000002,-0.347274,9.0082287,-0.5047892226971786,3,-0.3712340146312384,0.6911717146181673,1,2.1649220849370954
9.25,0.1437165,-0.315882,9.0082287,-0.5106290573784467,3,-0.3893223120845206,0.6835560775175998,1,2.175232543378114
9.266,0.1437165,-0.318825,9.0756234,-0.5150318767037412,3,-0.275176207830907,0.6753507900449424,1,2.1861037983186145
9.282,0.145188,-0.318825,9.1923624,-0.5170605891643927,3,-0.12679452879071895,0.6670940503179973,1,2.196843357041518
9.297,0.0898596,-0.2963601,9.1923624,-0.5190781139746168,3,-0.13450165401493508,0.6593230100444544,1,2.2067914849942367
9.313,0.0898596,-0.2889045,9.2911491,-0.519124773785812,3,-0.002916238199701657,0.651017386942371,1,2.2172742081701315
9.329,0.1002582,-0.2709522,9.2222829,-0.520528694177445,3,-0.08774502447705937,0.642700159198665,1,2.22762394853926
9.344,0.16765290000000002,-0.2843919,9.211884300000001,-0.5220817365818107,3,-0.1035361602910558,0.6348805809679712,1,2.2372058040905087
9.36,0.16765290000000002,-0.315882,9.2746683,-0.5223540851747135,3,-0.01702178705642597,0.626525094393919,1,2.2472970494934037
9.391,0.1317483,-0.315882,9.2777094,-0.5225728599656989,3,-0.007057251322110221,0.6103287267442423,1,2.2664682837210455
9.407,0.1437165,-0.3532581,9.2777094,-0.5227574556817505,3,-0.011537232253222552,0.6019660842190627,1,2.276166642208752
9.422,0.1437165,-0.315882,9.297133200000001,-0.5225842466292772,3,0.01154727016488696,0.5941260214517298,1,2.285137333001283
9.438,0.16019730000000001,-0.315882,9.354031200000001,-0.5212943125254359,3,0.08062088149007877,0.585774992978492,1,2.294576541116725
9.454,0.0898596,-0.2754648,9.354031200000001,-0.5200731297135412,3,0.07632392574341555,0.5774440534405801,1,2.3038822934880776
9.469,0.1377324,-0.24544620000000003,9.394448400000002,-0.518088721779332,3,0.13229386228062978,0.5696578395543842,1,2.312485557685539
9.5,0.1302768,-0.2738952,9.4319226,-0.5153954896918584,3,0.086878454434628,0.5536388342765804,1,2.3298966561299195
9.516,0.10928340000000002,-0.2814489,9.4319226,-0.5127559328154483,3,0.1649723047756345,0.545413622896522,1,2.3386890757873044
9.532,0.10928340000000002,-0.2829204,9.3884643,-0.5110189504588192,3,0.10856139728931948,0.5372234238303278,1,2.347350172161119
9.547,0.1377324,-0.2829204,9.3855213,-0.5093663657139089,3,0.1101723163273463,0.5295705339590321,1,2.3553511268445395
9.563,0.1392039,-0.3248091,9.3855213,-0.5077191842095434,3,0.10294884402284311,0.5214338495596451,1,2.363759161912689
9.579,0.1392039,-0.3173535,9.4139703,-0.5055518532263896,3,0.1354581864471126,0.5133276812601585,1,2.3720372541592476
9.594,0.09878670000000002,-0.3173535,9.4633146,-0.5024700938150843,3,0.20545062742036888,0.5057675166573489,1,2.3796804681436283
9.61,0.11821050000000001,-0.29783160000000003,9.4633146,-0.49945683147858233,3,0.18832889603137543,0.4977521012550002,1,2.387708625086927
9.625,0.15421320000000002,-0.2754648,9.5142285,-0.4955080145834643,3,0.26325445967452715,0.4902898649095346,1,2.395118939833161
9.641,0.15421320000000002,-0.2934171,9.5187411,-0.49153767912876134,3,0.24814596591893312,0.4823934993598368,1,2.402900406747316
9.657,0.1317483,-0.2934171,9.568085400000001,-0.48668481979785305,3,0.3033037081817677,0.47456771936842385,1,2.410556096497142
9.672,0.08083440000000001,-0.258984,9.568085400000001,-0.48195767970169534,3,0.3151426730771688,0.46730290062217694,1,2.417620126147072
9.688,0.08083440000000001,-0.3278502,9.593591400000001,-0.4767820333517161,3,0.3234778968737026,0.4596329829177496,1,2.425035613215391
9.704,0.16166880000000003,-0.3278502,9.6204708,-0.4711611854076416,3,0.351302996504654,0.45204943716767476,1,2.4323290725760747
9.735,0.0793629,-0.3218661,9.6204708,-0.4656747130100065,3,0.17698298056888137,0.4375284807422018,1,2.446117530303677
9.75,0.1122264,-0.3098979,9.6773688,-0.4591821098922839,3,0.43284020784815663,0.43059205457043437,1,2.4526284343185223
9.766,0.0868185,-0.3202965,9.6773688,-0.45281529821443556,3,0.3979257298655222,0.4232960753055806,1,2.4594595393575305
9.782,0.1122264,-0.2889045,9.690808500000001,-0.4463241801528426,3,0.40569487884956035,0.4161029594786424,1,2.4661747316358045
9.797,0.1122264,-0.2889045,9.6758973,-0.44025256573792326,3,0.4047742943279396,0.4094536338844614,1,2.472366406086028
9.813,0.1287072,-0.2889045,9.653432400000002,-0.43473623393165006,3,0.3447707378920747,0.4024537234871048,1,2.4788616649450006
9.829,0.11673900000000001,-0.3039138,9.653432400000002,-0.4293220156831765,3,0.33838864052959633,0.39554125749018615,1,2.4852456247928187
9.844,0.11673900000000001,-0.29783160000000003,9.746235,-0.4221990034434455,3,0.4748674826487714,0.389154849846737,1,2.491130845597845
9.875,0.15568469999999998,-0.29783160000000003,9.708858900000001,-0.41593741935702155,3,0.20198658343302736,0.37616373529332947,1,2.5029932836675166
9.891,0.11821050000000001,-0.318825,9.708858900000001,-0.40979590509649455,3,0.3838446412829374,0.36955786869770135,1,2.508959056499445
9.907,0.11821050000000001,-0.2918475,9.743193900000001,-0.40311855618991643,3,0.41733430666113197,0.3630545530074101,1,2.514819955873086
9.922,0.1257642,-0.2918475,9.731225700000001,-0.3968048279783556,3,0.42091521410404026,0.35705512762614783,1,2.520220778477838
9.938,0.1272357,-0.3202965,9.731225700000001,-0.39059698869644244,3,0.3879899551195717,0.35075591309274945,1,2.525883266803589
9.954,0.11978010000000001,-0.31136939999999996,9.717786,-0.38478177224923193,3,0.3634510279506561,0.34455288300518405,1,2.531445737172372
9.969,0.11978010000000001,-0.3053853,9.7926363,-0.3776174770801344,3,0.4776196779398756,0.33883488863521427,1,2.536571145459675
9.985,0.17667810000000003,-0.3053853,9.8151012,-0.37013657789415433,3,0.46755619912375274,0.33285285619541993,1,2.54194464741832
10.0,0.1511721,-0.315882,9.8151012,-0.3628042006218255,3,0.48882515148857,0.3273558003565499,1,2.54689621234246
10.016,0.1511721,-0.2425032,9.8809263,-0.3543663555513472,3,0.5273653169048926,0.3216184359071645,1,2.5520880062325695
10.032,0.1586277,-0.2425032,9.9048627,-0.34562252769029556,3,0.5464892413157281,0.31601852484123133,1,2.557189101918557
10.047,0.113796,-0.2889045,9.9048627,-0.3370378351278376,3,0.5723128374971765,0.31089857212009514,1,2.5618909801457668
10.063,0.113796,-0.32333760000000006,9.8704296,-0.3292753681615288,3,0.4851541853942982,0.3055680664937802,1,2.5668227132546777
10.079,0.10477080000000001,-0.32333760000000006,9.8794548,-0.3214902046017336,3,0.4865727224871992,0.3003619419116741,1,2.5716701533219215
10.094,0.13469129999999999,-0.3218661,9.895935600000001,-0.31352857523144806,3,0.5307752913524127,0.2955993010629256,1,2.5761398626442307
10.11,0.11978010000000001,-0.3503151,9.895935600000001,-0.3057078803813553,3,0.4887934281307955,0.29064540941802314,1,2.5808298203280784
10.141,0.1646118,-0.2948886,9.877983300000002,-0.29841511623546957,3,0.2352504563188909,0.28128150297046217,1,2.5896946874701
10.157,0.1497006,-0.2829204,9.877983300000002,-0.2912768562026127,3,0.4461412520535553,0.2765639671909575,1,2.5941574512313914
10.172,0.1497006,-0.2948886,9.7956774,-0.2858846321765025,3,0.3594816017406644,0.272235256028114,1,2.5982734454055345
10.188,0.1107549,-0.2948886,9.8046045,-0.28043333385397773,3,0.34070614515779835,0.26770471229987014,1,2.602592965152158
10.204,0.145188,-0.2829204,9.8046045,-0.2750870272800956,3,0.33414416086763293,0.2632605494107975,1,2.6068406872458434
10.235,0.145188,-0.2798793,9.7806681,-0.27031635885572314,3,0.15389252981847237,0.2548067969256927,1,2.614870731114059
10.25,0.12272310000000002,-0.3008727,9.910846800000002,-0.2630819137155651,3,0.48229634267718374,0.25080630988140784,1,2.618662829415112
10.266,0.0614106,-0.315882,9.910846800000002,-0.25599133008305586,3,0.4431614770318278,0.2466537239310189,1,2.6226425096856114
10.282,0.0614106,-0.3262806,9.7732125,-0.25173035301377666,3,0.2663110668299493,0.24259195046624424,1,2.6265564750807897
10.297,0.1406754,-0.3262806,9.8136297,-0.24674489276601186,3,0.33236401651764114,0.2388533861228957,1,2.6301673151052083
10.313,0.17667810000000003,-0.318825,9.8136297,-0.24185058169314821,3,0.3058944420539775,0.2349446223272224,1,2.633957699172809
10.329,0.17667810000000003,-0.31136939999999996,9.8105886,-0.23711651791772326,3,0.29587898596405954,0.23111288553033543,1,2.6376861592356695
10.344,0.1631403,-0.31136939999999996,9.8120601,-0.232451038745765,3,0.31103194479724194,0.22759112885535956,1,2.641126439343562
10.36,0.09133110000000001,-0.3023442,9.8120601,-0.22790081829731257,3,0.28438877802827695,0.22390831399901495,1,2.644738434886397
10.375,0.09133110000000001,-0.2829204,9.803133,-0.22362613175762291,3,0.2849791026459661,0.22052186187360281,1,2.648071661205442
10.391,0.1287072,-0.2829204,9.871999200000001,-0.21807739756364697,3,0.3467958871234963,0.21698823363903266,1,2.651571741969543
10.407,0.0928026,-0.2649681,9.8016615,-0.21403372974845425,3,0.25272923844954476,0.21353134462053586,2,2.6550158985956194
10.438,0.056898,-0.2754648,9.8016615,-0.21006905176930246,3,0.127892838037152,0.2069577515070105,2,2.6615334795855965
10.454,0.056898,-0.2529999,9.7895952,-0.20643049395471103,3,0.2274098634119646,0.2036257551412184,2,2.6648181476387824
10.469,0.04041720000000001,-0.2529999,9.752219100000001,-0.20359749892176815,3,0.18886633552954024,0.20055054519464505,2,2.6678494698913013
10.485,0.0703377,-0.2889045,9.848062800000001,-0.1989187468394764,3,0.2924220051432333,0.1973304152285551,2,2.671032517574687
10.5,0.19757340000000004,-0.2889045,9.8016615,-0.19520707099897194,3,0.2474450560336219,0.19437447159476662,2,2.673970304225862
10.516,0.16765290000000002,-0.290376,9.8016615,-0.19157824462645578,3,0.2268016482822597,0.19128018906976318,2,2.6770555415111783
10.532,0.16765290000000002,-0.2679111,9.8076456,-0.18791583515937127,3,0.228900591692782,0.18824423643147656,2,2.6800917369151884
10.547,0.18266220000000002,-0.2679111,9.821085300000002,-0.18405660463323414,3,0.2572820350757986,0.18545444313303192,2,2.6828944770119225
10.563,0.1302768,-0.35178660000000006,9.836094600000001,-0.1799434602075518,3,0.25707152660514576,0.18254244261430563,2,2.6858384520979013
10.579,0.16019730000000001,-0.3307932,9.836094600000001,-0.17591658176865366,3,0.25167990243113425,0.17969556227849598,2,2.688736356137044
10.594,0.16019730000000001,-0.3278502,9.860031000000001,-0.17150157310976688,3,0.2943339105924755,0.17708992611690805,2,2.691412247300009
10.61,0.1332198,-0.3278502,9.8046045,-0.1682670895110796,3,0.20215522491795462,0.17437177681594127,2,2.694223940923472
10.625,0.0733788,-0.3083283,9.8046045,-0.1651207933815666,3,0.20975307530085902,0.17187136769424632,2,2.6968207645072986
10.657,0.0733788,-0.32333760000000006,9.7627158,-0.1628475901289388,3,0.07103760164461896,0.16662387355807823,2,2.7022366883673357
10.672,0.0628821,-0.32333760000000006,9.7612443,-0.16064923152318045,3,0.14655724038388404,0.16419764739568724,2,2.704717849774489
10.688,0.0868185,-0.2274939,9.7612443,-0.15854338183237005,3,0.13161560567565,0.16164410648884284,2,2.707324583805565
10.704,0.0868185,-0.287433,9.707289300000001,-0.1575052745074661,3,0.06488170780649666,0.15911571723812415,2,2.709890662395381
10.719,0.1466595,-0.3053853,9.871999200000001,-0.1532350030171017,3,0.2846847660243168,0.15678516515669008,2,2.712259919013342
10.735,0.11526750000000001,-0.3053853,9.7941078,-0.15058306495571117,3,0.16574612883690762,0.15435462061290758,2,2.7147490372994985
10.75,0.18266220000000002,-0.318825,9.7941078,-0.14795464699605354,3,0.17522786397716836,0.15211558777326925,2,2.717047563862395
10.766,0.18266220000000002,-0.3098979,9.856989900000002,-0.14415122423010374,3,0.23771392287186255,0.14977874080346,2,2.719462718491009
10.782,0.1856052,-0.3098979,9.8584614,-0.14039246753651824,3,0.23492229334909331,0.14750239126932702,2,2.721840967547591
10.797,0.173637,-0.3427614,9.8584614,-0.13669036983012894,3,0.24680651375927704,0.14542426998907707,2,2.7240379175070295
10.813,0.173637,-0.3039138,9.831582000000001,-0.13361254200843042,3,0.19236423885615733,0.1432618466943686,2,2.726347406440497
10.829,0.15421320000000002,-0.3039138,9.856989900000002,-0.1301035141705924,3,0.219314239864876,0.1411521182449364,2,2.728622718160011
10.844,0.0673947,-0.2769363,9.856989900000002,-0.12669799478154253,3,0.22703462593667637,0.13922610692779555,2,2.7307255548488065
10.86,0.0673947,-0.2889045,9.7866522,-0.12473105947973373,3,0.12293345636305009,0.13721467449370534,2,2.7329370811001787
10.875,0.09133110000000001,-0.2918475,9.7268112,-0.12396995297381785,3,0.050740433727723154,0.1353494169003036,2,2.734981311785634
10.891,0.0763218,-0.2918475,9.7327953,-0.12310902624963305,3,0.05380792026155041,0.133372785066516,2,2.7371310894013687
10.907,0.10182780000000001,-0.2754648,9.7327953,-0.1222697631424996,3,0.052453944195840436,0.13140975475137895,2,2.7392493497199117
10.922,0.10182780000000001,-0.2843919,9.764187300000001,-0.12082668999250323,3,0.09620487666642073,0.12958653135286635,2,2.7412068218656938
10.938,0.08377740000000002,-0.2843919,9.854046900000002,-0.11765412600784941,3,0.1982852490408636,0.12767868482486353,2,2.7432649435951157
10.954,0.16912439999999998,-0.32333760000000006,9.854046900000002,-0.11449877209133597,3,0.19720961978209034,0.12582146164007002,2,2.745292944766835
10.969,0.16912439999999998,-0.33530580000000004,9.856989900000002,-0.1113397866779362,3,0.2105990275600011,0.12412767244930062,2,2.747167563272505
10.985,0.19610190000000002,-0.33530580000000004,9.821085300000002,-0.1089364134172719,3,0.15021082879151923,0.12236546284853897,2,2.749139508354888
11.0,0.1392039,-0.36826739999999997,9.821085300000002,-0.10657606289206356,3,0.15735670168054952,0.1207491192762189,2,2.7509628677208235
11.016,0.1392039,-0.347274,9.8944641,-0.1028392128497213,3,0.23355312764639072,0.11907379707028462,2,2.7528814510515955
11.032,0.18413369999999998,-0.37866600000000006,9.8644455,-0.09972675571020773,3,0.1945285712195986,0.11745326932180519,2,2.7547736675827323
11.047,0.09133110000000001,-0.37866600000000006,9.8928945,-0.0961433223098016,3,0.23889556002706575,0.11598424373665507,2,2.756524448930671
11.063,0.0868185,-0.1930608,9.8928945,-0.09273605695045894,3,0.21295408495891602,0.11447320870257298,2,2.7583681085501848
11.079,0.0868185,-0.2709522,9.803133,-0.09111908995039997,3,0.10106043750368601,0.1130023675273661,2,2.760187913160024
11.11,0.0928026,-0.2709522,9.788123700000002,-0.08982692797204983,3,0.04168264446290925,0.11019770424956823,2,2.7636475142725665
11.125,0.058369500000000005,-0.2918475,9.788123700000002,-0.08855354030038498,3,0.08489251144432008,0.10885985073752492,2,2.7652904459349696
11.141,0.052385400000000006,-0.2948886,9.7971489,-0.08712711617671332,3,0.08915150772947902,0.10745440548570814,2,2.7670209599847557
11.157,0.1526436,-0.2994012,9.7971489,-0.08570541972265922,3,0.08885602837838116,0.10607174519851316,2,2.7687291691902294
11.172,0.1526436,-0.3367773,9.7686999,-0.08484524633763257,3,0.05734489233510725,0.10479261520306092,2,2.7703106518932414
11.188,0.17510850000000003,-0.2918475,9.855518400000001,-0.08232158125952793,3,0.15772906738154,0.10345528058228363,2,2.771976635059524
11.204,0.2499588,-0.2918475,9.8794548,-0.07934678569750275,3,0.1859247226265735,0.10216193364662739,2,2.7736215727733553
11.235,0.16912439999999998,-0.33226469999999997,9.8794548,-0.07643889849019558,3,0.09380281313894456,0.09974725554171815,2,2.7767511652057744
11.25,0.16912439999999998,-0.33981839999999996,9.8016615,-0.07510721973567769,3,0.088778583634523,0.09861065965502405,2,2.77823884956975
11.266,0.1302768,-0.33981839999999996,9.803133,-0.07378444459093814,3,0.08267344654622193,0.09741952634041112,2,2.7798070910577137
11.282,0.0868185,-0.3053853,9.803133,-0.07251924052710379,3,0.07907525398964659,0.09624909685946678,2,2.7813564400433126
11.297,0.0868185,-0.23799060000000002,9.8464932,-0.0704655347730423,3,0.13691371693742793,0.09517671104471565,2,2.782792133602594
11.313,0.0434583,-0.23799060000000002,9.7971489,-0.06942496230509221,3,0.06503577924688025,0.09405758706809057,2,2.7843060079874964
11.329,0.0823059,-0.3173535,9.7971489,-0.06835582118888084,3,0.06682131976321054,0.09295534080013879,2,2.785802111410442
11.344,0.0823059,-0.2843919,9.851005800000001,-0.06627194331589514,3,0.13892519153239088,0.09194563256635305,2,2.7871888687106905
11.36,0.0373761,-0.2814489,9.731225700000001,-0.06658357420943695,3,-0.019476930846362688,0.09088278842615038,2,2.7886514960786304
11.375,0.1212516,-0.2814489,9.7627158,-0.06625854851869306,3,0.021668379382924867,0.08988647250568937,2,2.7900072655356194
11.391,0.23053500000000002,-0.344331,9.7627158,-0.06586182711290789,3,0.02479508786157323,0.08882950950063656,2,2.79143699339167
11.407,0.23053500000000002,-0.2798793,9.831582000000001,-0.06416385993397,3,0.10612294868361784,0.08778930400426153,2,2.792849943899709
11.422,0.2575125,-0.2798793,9.874942200000001,-0.0616364989696514,3,0.16849073095456718,0.08684580131248434,2,2.7941597071895847
11.438,0.1631403,-0.36669779999999996,9.874942200000001,-0.059142388168883286,3,0.15588192504800688,0.08587957021537607,2,2.7955415101618075
11.454,0.1631403,-0.24397470000000002,9.8105886,-0.05803281371461111,3,0.06934840339201104,0.08494216860030811,2,2.796908084072333
11.469,0.059841000000000005,-0.24397470000000002,9.855518400000001,-0.056087315740809274,0,0.1296998649201328,0.08358626762939252,2,2.7981720473440554
11.485,0.0793629,-0.315882,9.855518400000001,-0.05413723307082208,0,0.12188016687419967,0.08220447123889947,2,2.799498373255002
11.5,0.0793629,-0.24103170000000002,9.934881299999999,-0.05071121222143127,0,0.22840138995937864,0.08091810789920753,2,2.8007217925985377
11.516,0.0748503,-0.2858634,9.777627,-0.05041178615354269,0,0.01871412924303593,0.07960912391220774,2,2.802006010453029
11.532,0.10477080000000001,-0.2858634,9.759674700000001,-0.050464679955901204,0,-0.003305862647406951,0.07830211218333219,2,2.8032693003417934
11.563,0.050913900000000005,-0.23799060000000002,9.704346300000001,-0.05163466950374129,0,-0.037741598317421514,0.0762195722667077,2,2.8056643864507693
11.579,0.19011780000000003,-0.23799060000000002,9.752219100000001,-0.05180961237148729,0,-0.010933929234124829,0.07489201801170588,2,2.8068732791729967
11.594,0.1586277,-0.2948886,9.752219100000001,-0.05196169519833127,0,-0.010138855122932817,0.0736137332049323,2,2.8079870723071214
11.61,0.1586277,-0.30685680000000004,9.6115437,-0.05486014757708624,0,-0.1811532736721853,0.07225915846272896,2,2.809154055440463
11.625,0.1511721,-0.30685680000000004,9.5307093,-0.05928809891312348,0,-0.29519675573580473,0.07090304661405235,2,2.8102277719785387
11.641,0.1377324,-0.3592422,9.5307093,-0.06359735086583562,0,-0.26932824704450886,0.06941996301582067,2,2.8113503560555775
11.657,0.1377324,-0.2679111,9.577110600000001,-0.06697161210370339,0,-0.21089132736673546,0.06787541131206436,2,2.8124487190502006
11.672,0.13469129999999999,-0.30685680000000004,9.634008600000001,-0.06914268806471568,0,-0.14473839740081398,0.06635455406080117,2,2.813455443790497
11.688,0.1586277,-0.30685680000000004,9.6384231,-0.07117755027190498,0,-0.12717888794933063,0.0647319921541082,2,2.8145041361602163
11.704,0.059841000000000005,-0.2798793,9.6384231,-0.07321054546873462,0,-0.12706219980185274,0.06307688738818308,2,2.8155266071965546
11.719,0.059841000000000005,-0.2738952,9.5785821,-0.07637990109015647,0,-0.21129037476147322,0.061454959038991494,2,2.816460596044758
11.735,0.1122264,-0.2738952,9.6070311,-0.0789203326177983,0,-0.15877697047761416,0.05971255716932786,2,2.817429936174425
11.75,0.11821050000000001,-0.2994012,9.6070311,-0.08139463081839438,0,-0.16495321337306582,0.05801019494355636,2,2.8183128568152713
11.766,0.11821050000000001,-0.3218661,9.5950629,-0.08404070022662857,0,-0.1653793380146372,0.05618671229519617,2,2.8192264320731812
11.782,0.1990449,-0.3218661,9.743193900000001,-0.08370639391256418,0,0.020894144629024485,0.054344735542082634,2,2.8201106836558796
11.797,0.1107549,-0.287433,9.743193900000001,-0.08342724568596971,0,0.01860988177296411,0.05259123324509357,2,2.8209127034217834
11.829,0.113796,-0.315882,9.855518400000001,-0.08093447344197635,0,0.07789913262479235,0.04946144573904644,2,2.8225455462855296
11.844,0.113796,-0.287433,9.8615025,-0.07839036614096351,0,0.16960715340086988,0.04776650944217449,2,2.8232747559493885
11.86,0.16912439999999998,-0.287433,9.9392958,-0.07435609529564147,0,0.25214192783262734,0.046044537750681645,2,2.8240252443269314
11.875,0.1377324,-0.3367773,9.9392958,-0.07038006060434476,0,0.2650689794197702,0.044459016581431705,2,2.8247040209844223
11.891,0.142245,-0.2963601,9.8854389,-0.06756140508564457,0,0.17616596991876216,0.04285548485591179,2,2.825402536995921
11.907,0.0748503,-0.3053853,9.8854389,-0.06480713682918093,0,0.17214176602897685,0.04129653652059319,2,2.826075753166933
11.922,0.0748503,-0.2529999,9.788123700000002,-0.06404332652195066,0,0.05092068714868291,0.03983015804545966,2,2.8266842033761788
11.938,0.1526436,-0.2529999,9.803133,-0.06298260787734478,0,0.06629491528786774,0.0383139505702653,2,2.8273093562451046
11.969,0.1646118,-0.3487455,9.803133,-0.06188130892201116,0,0.035525772752698734,0.035878559859875356,2,2.8284593401567717
11.985,0.1646118,-0.2784078,9.8824959,-0.05929039525273083,0,0.16193210433002023,0.034409186226477415,2,2.8290216421254626
12.0,0.0389457,-0.2963601,9.774684,-0.0588783987026531,0,0.027466436671847703,0.033022920271812,2,2.8295273829241996
12.016,0.1437165,-0.2963601,9.806076000000001,-0.057840114154606326,0,0.06489278425292339,0.031589172168953926,2,2.8300442796637255
12.032,0.1511721,-0.34580249999999996,9.806076000000001,-0.056788269073786424,0,0.06574031755124382,0.030172145103126782,2,2.8305383702019022
12.047,0.1511721,-0.3008727,9.806076000000001,-0.055786077710241244,0,0.06681275756967611,0.028827837502246538,2,2.8309808700714427
12.063,0.1796211,-0.3008727,9.821085300000002,-0.054500021694483536,0,0.0803785009848567,0.027445548707008743,2,2.831431057161117
12.079,0.052385400000000006,-0.3202965,9.821085300000002,-0.053256595710134746,0,0.07771412402179927,0.026083495767771796,2,2.831859289516915
12.094,0.052385400000000006,-0.2918475,9.776155500000002,-0.05293549976550693,0,0.02140639630852265,0.024787055051704546,2,2.832240818648061
12.11,0.1571562,-0.2918475,9.8854389,-0.05045710030014661,0,0.15489996658502023,0.023459914251179312,2,2.832626794402484
12.125,0.08083440000000001,-0.3248091,9.8854389,-0.04802515383106254,0,0.16212976460559836,0.022221297345195214,2,2.832969403489457
12.141,0.1796211,-0.2365191,9.7941078,-0.047454504809509856,0,0.035665563847042635,0.020957460076070633,2,2.833314833548827
12.157,0.1796211,-0.2994012,9.8689581,-0.045394601567817716,0,0.12874395260575866,0.019714667225052017,2,2.833640210567236
12.172,0.11978010000000001,-0.2994012,9.803133,-0.044682871817071756,0,0.04744865004972885,0.01853908617466532,2,2.833927113717734
12.188,0.1497006,-0.2918475,9.803133,-0.04398150235853926,0,0.04383559115828102,0.01732977118126043,2,2.834214064576581
12.204,0.1497006,-0.290376,9.8120601,-0.04311979742897698,0,0.0538565580976424,0.016132960782960296,2,2.8344817664322948
12.235,0.1078119,-0.2724237,9.8016615,-0.04249965451889004,0,0.0200046100028053,0.01430585927776841,2,2.834953568143236
12.25,0.1078119,-0.2994012,9.783611100000002,-0.042229991504797226,0,0.017977534272853556,0.013170386932590733,2,2.8351596399898136
12.266,0.21258269999999999,-0.2994012,9.7956774,-0.04169557117735856,0,0.03340127046491667,0.011998982431133488,2,2.835360994944723
12.282,0.0344331,-0.36071369999999997,9.7956774,-0.04117516267515242,0,0.03252553138788358,0.010836016560313397,2,2.835543674936655
12.297,0.1497006,-0.34580249999999996,9.8136297,-0.04030252104089094,0,0.058176108950763396,0.009724933932443051,2,2.8356978820653507
12.313,0.1497006,-0.3083283,9.821085300000002,-0.03932536310498769,0,0.06107237099395307,0.008587910859276016,2,2.8358443848236843
12.329,0.0823059,-0.3083283,9.806076000000001,-0.03867710946298253,0,0.04051585262532239,0.007463891078732257,2,2.8359727992391885
12.344,0.1272357,-0.2798793,9.806076000000001,-0.03804888059157285,0,0.04188192476064838,0.006388446153323138,2,2.836076691768429
12.36,0.1272357,-0.2724237,9.830012400000001,-0.03696796355719911,0,0.06755731464835874,0.005288311400132958,2,2.836170105828857
12.375,0.15568469999999998,-0.2724237,9.8151012,-0.03619244486635331,0,0.05170124605638471,0.004239608336956295,2,2.836241565226885
12.391,0.1466595,-0.3173535,9.8151012,-0.03540840322902028,0,0.04900260233331451,0.0031668015521933096,2,2.8363008165059984
12.407,0.1466595,-0.290376,9.764187300000001,-0.035653862651370716,0,-0.015341213896902225,0.0020983034251501765,2,2.836342937345817
12.422,0.173637,-0.290376,9.803133,-0.035122653211088206,0,0.035413962685499296,0.0010674795561817175,2,2.836366680718177
12.438,0.1257642,-0.33824879999999996,9.803133,-0.03458610754275426,0,0.03353410427087142,9.80947015097669e-06,2,2.8363752990303874
12.454,0.17069399999999998,-0.2604555,9.843550200000001,-0.033301224572426236,0,0.08030518564550164,-3.3289186770469464e-05,2,2.8363751111926545
12.469,0.17069399999999998,-0.2769363,9.8689581,-0.03153479603310139,0,0.1177619026216661,-1.955934131188733e-05,2,2.8363747148286937
12.485,0.0434583,-0.2769363,9.7821396,-0.03153168991194022,0,0.00019413257257294686,-2.4091228872216708e-05,2,2.8363743656241325
12.516,0.1406754,-0.3008727,9.7821396,-0.031496858109418824,0,0.0011236065329482245,-0.0005010337232033003,2,2.8363662261873754
12.532,0.1406754,-0.3008727,9.8524773,-0.030084327312842163,0,0.08828317478604122,-0.0004936832065813887,2,2.8363582684519373
12.547,0.0658251,-0.3008727,9.8046045,-0.029653087343950446,0,0.028749331259446696,-0.0004417138165073507,2,2.8363512529742643
12.563,0.1631403,-0.3173535,9.8046045,-0.029197853391041306,0,0.028452122056821214,-0.00041252134238728725,2,2.836344419092993
12.579,0.11978010000000001,-0.32932170000000005,9.821085300000002,-0.02843312320218594,0,0.0477956368034604,-0.00037356915513310496,2,2.836338130369013
12.594,0.1781496,-0.315882,9.8285409,-0.027528601282314824,0,0.06030146132474587,-0.0002932820887668261,2,2.8363331289846836
12.61,0.1257642,-0.290376,9.8285409,-0.026673101584988146,0,0.05346873108291734,-0.00022689571170525155,2,2.83632896756228
12.625,0.1257642,-0.318825,9.7866522,-0.02663794437271605,0,0.0023438141514730225,-0.0001267285563880463,2,2.836326315380269
12.641,0.1302768,-0.318825,9.8704296,-0.024960633336638338,0,0.10483193975485684,-3.951717806288321e-05,2,2.8363249854143935
12.672,0.11978010000000001,-0.2858634,9.8704296,-0.023338602702777322,0,0.05232356883422533,-0.00028815533667383986,2,2.836319906490415
12.688,0.11978010000000001,-0.2829204,9.8405091,-0.022336430042132704,0,0.06263579129028857,-0.00015355559863311843,2,2.8363163728029326
12.704,0.0614106,-0.2829204,9.8165727,-0.021833577366443535,0,0.03142829223057306,-6.915657901729322e-06,2,2.83631508903288
12.719,0.1032993,-0.30685680000000004,9.8165727,-0.02131960527067278,0,0.03426480638471968,0.0,2,2.8363150371654458
12.735,0.1032993,-0.2724237,9.7627158,-0.021891172262089142,0,-0.03572293696352254,-0.0001762507479421728,2,2.8363136271594622
12.75,0.1437165,-0.2724237,9.833053500000002,-0.021063021344030375,0,0.05521006120391575,0.0,2,2.836312305278853
12.766,0.15568469999999998,-0.33226469999999997,9.833053500000002,-0.020211481555572064,0,0.05322123677864438,-0.00032860322318490134,2,2.8363096764530673
12.782,0.1661814,-0.3008727,9.831582000000001,-0.019421911256269908,0,0.0493481437063847,-0.0001456703656796364,2,2.8363058822643565
12.797,0.1661814,-0.2814489,9.8016615,-0.019245446796633203,0,0.011764297309113212,0.0,2,2.836304789736614
12.813,0.1571562,-0.2814489,9.749178,-0.02010388885162584,0,-0.053652628437039725,-0.0002504702362624914,2,2.836302785974724
12.829,0.142245,-0.2679111,9.749178,-0.02095746093313622,0,-0.05334825509439862,-7.896103454058806e-05,2,2.8363001505245573
12.844,0.142245,-0.3173535,9.7895952,-0.020973220769549883,0,-0.00105065576091106,0.0,2,2.836299558316798
12.86,0.0733788,-0.3173535,9.8854389,-0.019125274800003922,0,0.11549662309662247,-0.00021422911186714036,2,2.836297844483903
12.875,0.1107549,-0.2843919,9.8854389,-0.017326402006940356,0,0.11992485287089986,0.0,2,2.836296237765564
12.891,0.1107549,-0.3053853,9.7806681,-0.017603737380614604,0,-0.01733346085464048,-0.0002670578030196727,2,2.8362941013031397
12.907,0.1437165,-0.3053853,9.8120601,-0.017252067476983157,0,0.021979368976965376,-4.5904241880452556e-05,2,2.8362915976067806
12.922,0.1586277,-0.2679111,9.8225568,-0.016718530992726244,0,0.03556909895045955,0.0,2,2.8362912533249665
12.938,0.1332198,-0.2918475,9.8225568,-0.016189487076410103,0,0.03306524476975878,-6.394787495637294e-05,2,2.836290741741967
12.954,0.1332198,-0.3173535,9.830012400000001,-0.015509218015980153,0,0.04251681627687184,0.0,2,2.8362902301589674
12.969,0.1302768,-0.3173535,9.8151012,-0.015135258824146902,0,0.024930612788885392,-4.737109199642875e-05,2,2.8362898748757774
13.0,0.1122264,-0.315882,9.8151012,-0.014773932040885285,0,0.011655702685858405,-1.0963550404436556e-05,2,2.83628897068882
13.016,0.1122264,-0.2514303,9.8225568,-0.0143100640768008,0,0.028991747755280326,0.0,2,2.836288882980417
13.032,0.11673900000000001,-0.2514303,9.830012400000001,-0.013708130604518587,0,0.03762084201763823,0.0,2,2.836288882980417
13.047,0.1406754,-0.2724237,9.827069400000001,-0.013158571627114313,0,0.03663726516028356,-0.000169281343533733,2,2.8362876133703403
13.063,0.11978010000000001,-0.2724237,9.843550200000001,-0.012302210113075418,0,0.05352259462743087,0.0,2,2.836286259119592
13.079,0.1302768,-0.2889045,9.8046045,-0.012214061800200682,0,0.0055092695546710094,-6.909777276145959e-05,2,2.8362857063374096
13.094,0.11526750000000001,-0.2963601,9.8046045,-0.01212696423726456,0,0.0058065041957419735,0.0,2,2.836285188104114
