timestamps,acc_x,acc_y,acc_z,aAcc,aStages,aJerk,aVelocity,avStages,aHeight
0.016,0.09584369999999999,-0.38023560000000006,9.8405091,0.00698034419862914,0,0.0,0.0,0,0.0
0.032,0.08829,-0.34580249999999996,9.8405091,0.006954070749893404,0,-0.0016420905459835211,0.0,0,0.0
0.047,0.08829,-0.37425150000000007,9.818044200000001,0.006508555073956757,0,-0.029701045062443164,0.0,0,0.0
0.063,0.10928340000000002,-0.37425150000000007,9.845021700000002,0.00660446869829201,0,0.005994601520953324,0.0,0,0.0
0.079,0.1332198,-0.34128990000000003,9.845021700000002,0.006680808215021372,0,0.0047712197955851465,0.0,0,0.0
0.094,0.1332198,-0.34580249999999996,9.8046045,0.005966805363632588,0,-0.04760019009258561,1.8488520591458495e-05,0,1.3866390443593871e-07
0.11,0.11978010000000001,-0.3487455,9.7971489,0.005119362558502871,0,-0.052965175320607294,0.0,0,2.865720691676067e-07
0.125,0.1212516,-0.3487455,9.855518400000001,0.005432583857563955,0,0.020881419937405592,0.0,0,2.865720691676067e-07
0.141,0.0973152,-0.3712104,9.855518400000001,0.005750540376052271,0,0.019872282405519765,0.0,0,2.865720691676067e-07
0.157,0.0973152,-0.3547296,9.855518400000001,0.006050369663212152,0,0.018739330447492524,0.0,0,2.865720691676067e-07
0.172,0.1302768,-0.3547296,9.871999200000001,0.0066746931750483185,0,0.04162156745574449,0.0,0,2.865720691676067e-07
0.188,0.1511721,-0.3218661,9.871999200000001,0.007270544692472569,0,0.03724071983901563,7.718961049920899e-05,0,9.040889531612791e-07
0.204,0.16019730000000001,-0.33824879999999996,9.8375661,0.00719356184121267,0,-0.004811428203743699,0.0,0,1.5216058371549506e-06
0.219,0.1406754,-0.3562992,9.8375661,0.007124724017158357,0,-0.004589188270287532,0.0,0,1.5216058371549506e-06
0.235,0.1406754,-0.3562992,9.8375661,0.007057235954359697,0,-0.004218003924916228,0.0,0,1.5216058371549506e-06
0.25,0.1406754,-0.37572300000000003,9.783611100000002,0.005948172295099141,0,-0.07393757728403702,1.1285848349559206e-05,0,1.6062496997766447e-06
0.266,0.18109260000000002,-0.3622833,9.851005800000001,0.00618428666621007,0,0.014757148194433065,0.0,0,1.6965364865731184e-06
0.282,0.1437165,-0.3622833,9.860031000000001,0.006580525584070074,0,0.024764932366250277,0.0,0,1.6965364865731184e-06
0.297,0.12272310000000002,-0.3831786,9.860031000000001,0.006978913478157267,0,0.02655919293914619,0.0,0,1.6965364865731184e-06
0.313,0.12272310000000002,-0.4027005000000001,9.8120601,0.006444985580047913,0,-0.033370493631834613,0.0,0,1.6965364865731184e-06
0.329,0.1406754,-0.4027005000000001,9.821085300000002,0.006103045011743191,0,-0.021371285519045085,1.993524820894906e-05,0,1.856018472244711e-06
0.344,0.1362609,-0.3712104,9.821085300000002,0.005742283194912545,0,-0.024050787788709792,0.0,0,2.0055328338118287e-06
0.36,0.1362609,-0.39220380000000005,9.889951500000002,0.006753701112058863,0,0.0632136198216448,0.0,0,2.0055328338118287e-06
0.375,0.13469129999999999,-0.39220380000000005,9.8854389,0.007656461450979535,0,0.060184022594711395,0.0,0,2.0055328338118287e-06
0.391,0.1212516,-0.3532581,9.8854389,0.008509341678710314,0,0.05330501423317364,0.0,0,2.0055328338118287e-06
0.407,0.1212516,-0.3248091,9.8495343,0.008622802597427537,0,0.007091307419826461,8.320288268404792e-05,0,2.67115589528421e-06
0.422,0.11526750000000001,-0.3367773,9.833053500000002,0.008417565443275876,0,-0.013682476943444032,0.0,0,3.29517751541457e-06
0.438,0.11673900000000001,-0.32333760000000006,9.800091900000002,0.007561942896948892,0,-0.05347640914543645,0.0,0,3.29517751541457e-06
0.454,0.11673900000000001,-0.32333760000000006,9.800091900000002,0.00672309726329523,0,-0.05242785210335383,0.0,0,3.29517751541457e-06
0.469,0.11673900000000001,-0.34580249999999996,9.866015100000002,0.007207450057059361,0,0.03229018625094217,5.760113589573391e-05,0,3.727186034632573e-06
0.485,0.1062423,-0.34580249999999996,9.8285409,0.0069456885672192215,0,-0.01636009311500873,0.0,1,4.1879951217984445e-06
0.5,0.1257642,-0.33824879999999996,9.8285409,0.006688423772418517,0,-0.017150986320046954,0.0,1,4.1879951217984445e-06
0.516,0.1257642,-0.36826739999999997,9.8120601,0.006134443967912517,0,-0.03462373778162495,0.0,1,4.1879951217984445e-06
0.532,0.1122264,-0.36826739999999997,9.8076456,0.005501617574964257,0,-0.03955164955926623,0.0,1,4.1879951217984445e-06
0.547,0.1646118,-0.37425150000000007,9.8076456,0.004900122431884313,0,-0.04009967620532958,4.676657175427257e-05,1,4.5387444099554895e-06
0.563,0.1646118,-0.37425150000000007,9.8076456,0.004310421311219059,0,-0.03685632004157857,0.0,1,4.912876983989667e-06
0.579,0.1646118,-0.36669779999999996,9.7627158,0.0028464588042247385,0,-0.09149765668714496,0.0,1,4.912876983989667e-06
0.594,0.16765290000000002,-0.3592422,9.9184005,0.004456951555564359,0,0.10736618342264127,0.0,1,4.912876983989667e-06
0.61,0.16019730000000001,-0.34580249999999996,9.9184005,0.006024092733280639,0,0.09794632360726743,0.0,1,4.912876983989667e-06
0.625,0.16019730000000001,-0.34580249999999996,9.9184005,0.007560505652611127,0,0.10242752795536575,0.0,1,4.912876983989667e-06
0.641,0.16019730000000001,-0.37425150000000007,9.8689581,0.00811838605329207,0,0.03486752504255894,4.364551617324231e-05,1,5.262041113375606e-06
0.657,0.1646118,-0.37425150000000007,9.8674866,0.008637922618394356,0,0.03247103531889281,0.0,1,5.611205242761544e-06
0.672,0.12272310000000002,-0.36826739999999997,9.8674866,0.009130912303030314,0,0.03286597897573052,0.0,1,5.611205242761544e-06
0.688,0.12272310000000002,-0.36071369999999997,9.8136297,0.008553541691620481,0,-0.03608566321311479,0.0,1,5.611205242761544e-06
0.704,0.11821050000000001,-0.36071369999999997,9.8405091,0.008513061036101277,0,-0.0025300409699502402,8.897070123639779e-05,1,6.322970852652727e-06
0.719,0.16166880000000003,-0.3427614,9.8405091,0.00847291027818109,0,-0.002676717194679173,0.0,1,6.990251111925711e-06
0.735,0.16166880000000003,-0.3307932,9.7701714,0.0070473219987921,0,-0.08909926746181177,0.0,1,6.990251111925711e-06
0.75,0.1526436,-0.34128990000000003,9.7926363,0.006094082693349989,0,-0.06354928702947399,0.0,1,6.990251111925711e-06
0.766,0.1497006,-0.34128990000000003,9.8151012,0.005598814499537141,0,-0.03095426211330296,3.263105704346542e-05,1,7.2512995682734346e-06
0.782,0.13469129999999999,-0.33226469999999997,9.8151012,0.005102928910041271,0,-0.030992849343491863,0.0,1,7.512348024621158e-06
0.797,0.13469129999999999,-0.3278502,9.8689581,0.005669191246040484,0,0.03775082239994747,0.0,1,7.512348024621158e-06
0.813,0.20355750000000003,-0.3278502,9.848062800000001,0.005838076280483051,0,0.010555314652660528,0.0,1,7.512348024621158e-06
0.829,0.1302768,-0.33981839999999996,9.900448200000001,0.00701373048303644,0,0.07347838765958674,0.0,1,7.512348024621158e-06
0.86,0.10182780000000001,-0.33981839999999996,9.888480000000001,0.00792527827530165,0,0.029404767492426116,0.00012546313556528917,1,9.457026625883142e-06
0.875,0.10477080000000001,-0.37268190000000007,9.818044200000001,0.007462724286341427,0,-0.03083693259734822,0.0,1,1.039800014262281e-05
0.891,0.10477080000000001,-0.37268190000000007,9.818044200000001,0.007009239983439386,0,-0.028342768931377525,0.0,1,1.039800014262281e-05
0.907,0.11978010000000001,-0.3652263,9.843550200000001,0.007062256866399608,0,0.003313555185013858,0.0,1,1.039800014262281e-05
0.922,0.09584369999999999,-0.3652263,9.783611100000002,0.005934690108389873,0,-0.07517111720064892,6.669794604549292e-05,1,1.0898234737964008e-05
0.938,0.10477080000000001,-0.3503151,9.783611100000002,0.004820341808414952,0,-0.06964676874843298,0.0,1,1.1431818306327948e-05
0.954,0.10477080000000001,-0.3652263,9.7656588,0.003386787208381037,0,-0.0895971625021196,0.0,1,1.1431818306327948e-05
0.969,0.16912439999999998,-0.3652263,9.8165727,0.0029964918890978964,0,-0.02601968795220934,0.0,1,1.1431818306327948e-05
0.985,0.1287072,-0.33981839999999996,9.8165727,0.002583959586013762,0,-0.025783268942758373,0.0,1,1.1431818306327948e-05
1.0,0.1287072,-0.36669779999999996,9.8016615,0.0019063212243928263,0,-0.04517589077472901,0.0,1,1.1431818306327948e-05
1.016,0.145188,-0.36669779999999996,9.830012400000001,0.0018019331685685813,0,-0.006524253489015302,0.0,1,1.1431818306327948e-05
1.032,0.10477080000000001,-0.315882,9.830012400000001,0.001654953086314137,0,-0.009186255140902757,0.0,1,1.1431818306327948e-05
1.047,0.10477080000000001,-0.344331,9.8240283,0.0014123192029735776,0,-0.01617559222270407,0.0,1,1.1431818306327948e-05
1.063,0.1482291,-0.3547296,9.8854389,0.0023958707198161733,0,0.061471969802662174,0.0,1,1.1431818306327948e-05
1.079,0.11673900000000001,-0.3547296,9.8165727,0.0020025195226800463,0,-0.024584449821007916,0.0,1,1.1431818306327948e-05
1.094,0.0748503,-0.3847482,9.8165727,0.001631024740245124,0,-0.024766318828994622,1.7820435270970297e-05,1,1.1565471570860227e-05
1.11,0.0748503,-0.3532581,9.8674866,0.0022412618188365485,0,0.038139817411964004,0.0,1,1.1708035053027989e-05
1.125,0.1466595,-0.3532581,9.834525,0.0022095069749568097,0,-0.0021169895919826015,0.0,1,1.1708035053027989e-05
1.141,0.1482291,-0.35178660000000006,9.834525,0.0021778023789611467,0,-0.0019815372497289357,0.0,1,1.1708035053027989e-05
1.157,0.1482291,-0.3547296,9.8285409,0.0020315449916363804,0,-0.009141086707797888,0.0,1,1.1708035053027989e-05
1.172,0.1377324,-0.3547296,9.862974000000001,0.002559818652036583,0,0.0352182440266804,0.0,1,1.1708035053027989e-05
1.188,0.1377324,-0.3547296,9.862974000000001,0.0030777340053695923,0,0.03236970958331306,0.0,1,1.1708035053027989e-05
1.204,0.1377324,-0.3562992,9.862974000000001,0.0035866026765933867,0,0.031804291951487124,0.0,1,1.1708035053027989e-05
1.219,0.1392039,-0.3248091,9.818044200000001,0.0031841844252227247,0,-0.02682788342471058,0.0,1,1.1708035053027989e-05
1.235,0.1661814,-0.3248091,9.827069400000001,0.0029747206628361056,0,-0.013091485149163683,0.0,1,1.1708035053027989e-05
1.25,0.15421320000000002,-0.3278502,9.827069400000001,0.002767519907436622,0,-0.013813383693299002,0.0,1,1.1708035053027989e-05
1.266,0.15421320000000002,-0.39220380000000005,9.888480000000001,0.003813604438203555,0,0.06538028317293326,0.0,1,1.1708035053027989e-05
1.282,0.15421320000000002,-0.39220380000000005,9.888480000000001,0.004839177507582448,0,0.06409831683618078,4.879328811224423e-05,1,1.2098381357925943e-05
1.297,0.145188,-0.39220380000000005,9.886910400000001,0.005811215685275428,0,0.0648025451795324,0.0,1,1.2464331018767772e-05
1.313,0.1406754,-0.36071369999999997,9.886910400000001,0.00673942526383442,0,0.05801309865993693,0.0,1,1.2464331018767772e-05
1.329,0.1406754,-0.30685680000000004,9.8809263,0.007496540273224994,0,0.04731968808691085,0.0,1,1.2464331018767772e-05
1.344,0.12272310000000002,-0.30685680000000004,9.8734707,0.008088014340021488,0,0.03943160445309924,0.0,1,1.2464331018767772e-05
1.36,0.1466595,-0.347274,9.8734707,0.008700524383018049,0,0.03828187768728505,9.415655833169834e-05,1,1.3217583485421359e-05
1.375,0.1497006,-0.37866600000000006,9.8854389,0.009559000494466119,0,0.05723174076320503,0.0,1,1.3923757672909092e-05
1.391,0.1497006,-0.3592422,9.7821396,0.008362548425809635,0,-0.07477825429103017,0.0,1,1.3923757672909092e-05
1.407,0.1437165,-0.3592422,9.8105886,0.007745186777595947,0,-0.03858510301335546,3.337267902277577e-06,1,1.3950455816127312e-05
1.422,0.1212516,-0.36071369999999997,9.8105886,0.007135044254647838,0,-0.04067616819654089,0.0,1,1.3975485325394394e-05
1.438,0.1212516,-0.34580249999999996,9.8464932,0.007229868048250765,0,0.005926487100182948,0.0,1,1.3975485325394394e-05
1.454,0.11821050000000001,-0.34580249999999996,9.743193900000001,0.00529803986622035,0,-0.12073926137690083,0.0,1,1.3975485325394394e-05
1.469,0.1002582,-0.34128990000000003,9.743193900000001,0.0033970291437821487,0,-0.1267340481625457,0.0,1,1.3975485325394394e-05
1.485,0.1002582,-0.31136939999999996,9.8674866,0.0039494122786454255,0,0.034523945928954775,0.0,1,1.3975485325394394e-05
1.5,0.1586277,-0.31136939999999996,9.8105886,0.0033910251750501885,0,-0.03722580690634938,9.119392240219612e-06,1,1.4043880767196041e-05
1.516,0.1392039,-0.3652263,9.8105886,0.0028741984831128775,0,-0.03230166824608191,0.0,1,1.4116835905117799e-05
1.532,0.1497006,-0.37866600000000006,9.8524773,0.003201159801385245,0,0.020435082392022946,0.0,1,1.4116835905117799e-05
1.547,0.1497006,-0.3891627,9.831582000000001,0.0031203784787674493,0,-0.0053854215078530734,0.0,1,1.4116835905117799e-05
1.563,0.1122264,-0.3891627,9.8405091,0.0032062947247535334,0,0.005369765374130249,0.0,1,1.4116835905117799e-05
1.579,0.1272357,-0.37572300000000003,9.8405091,0.0032838710402884885,0,0.004848519720934692,0.0,1,1.4116835905117799e-05
1.594,0.1272357,-0.3338343,9.8615025,0.003741700951700011,0,0.030521994094101248,0.0,1,1.4116835905117799e-05
1.61,0.1317483,-0.3338343,9.877983300000002,0.004514654415997299,0,0.048309591518580455,0.0,1,1.4116835905117799e-05
1.625,0.1466595,-0.3712104,9.877983300000002,0.005302704119824142,0,0.05253664692178988,0.0,1,1.4116835905117799e-05
1.641,0.1466595,-0.37572300000000003,9.8495343,0.00552128668503471,0,0.013661410325660471,3.675504497018152e-05,1,1.4410876264879251e-05
1.657,0.15421320000000002,-0.37572300000000003,9.8584614,0.005912736278601116,0,0.02446559959790038,0.0,1,1.4704916624640704e-05
1.672,0.1661814,-0.3622833,9.845021700000002,0.006027156923144261,0,0.007628042969543052,0.0,1,1.4704916624640704e-05
1.688,0.1437165,-0.3367773,9.845021700000002,0.006114664093530564,0,0.005469198149143923,0.0,1,1.4704916624640704e-05
1.704,0.1437165,-0.33981839999999996,9.888480000000001,0.007054031392900839,0,0.05871045621064214,0.0,1,1.4704916624640704e-05
1.719,0.142245,-0.33981839999999996,10.023171300000001,0.01061376248047985,0,0.2373154058385987,5.27690137675646e-05,1,1.5100684227897442e-05
1.735,0.12272310000000002,-0.3562992,10.023171300000001,0.014109852753604102,0,0.2185056420702656,0.0,1,1.552283633803796e-05
1.75,0.12272310000000002,-0.3262806,10.0216998,0.01748852797902245,0,0.22524501502789135,0.0,1,1.552283633803796e-05
1.766,0.11978010000000001,-0.3262806,9.8824959,0.01807243184435592,0,0.03649399158334173,0.0002720334697219589,1,1.7699104095813632e-05
1.782,0.09878670000000002,-0.3503151,9.8824959,0.018656459480611787,0,0.03650172726599173,6.586460032170088e-05,1,2.0402288656162912e-05
1.797,0.09878670000000002,-0.36669779999999996,9.731225700000001,0.016276819852873103,0,-0.1586426418492466,0.0,1,2.0896273158575665e-05
1.813,0.1062423,-0.36669779999999996,9.678840300000001,0.01291900782505806,0,-0.20986325173844003,6.143081674628639e-05,1,2.1387719692545956e-05
1.829,0.11978010000000001,-0.36669779999999996,9.695321100000001,0.009953029214948117,0,-0.18537366313187126,0.0,1,2.1879166226516247e-05
1.844,0.11978010000000001,-0.3817071,9.695321100000001,0.00705655658750004,0,-0.19309817516320352,0.0,1,2.1879166226516247e-05
1.86,0.11978010000000001,-0.34128990000000003,9.8689581,0.007589673411926512,0,0.03331980152665445,0.0,1,2.1879166226516247e-05
1.875,0.1212516,-0.34128990000000003,9.955776600000002,0.009813877323642473,0,0.14828026078106502,0.00011967547709687554,1,2.2776732304742806e-05
1.891,0.1317483,-0.2934171,9.955776600000002,0.011967178959876534,0,0.13458135226462875,0.0,1,2.3734136121517812e-05
1.907,0.1317483,-0.35777070000000005,9.987266700000001,0.014736502317262534,0,0.17308270983662483,7.553377582141321e-06,1,2.3794563142174944e-05
1.922,0.1317483,-0.35777070000000005,9.987266700000001,0.017451525216660713,0,0.1810015266265464,0.0,1,2.3851213474041005e-05
1.938,0.1497006,-0.35777070000000005,9.7672284,0.015807114554375445,0,-0.1027756663928291,1.503270225485312e-05,1,2.397147509207983e-05
1.954,0.1526436,-0.3907323,9.7672284,0.014220583005876364,0,-0.09915822178119252,0.0,1,2.4091736710118657e-05
1.969,0.1526436,-0.36375480000000004,9.7507476,0.01232185775787542,0,-0.12658168320006183,0.0,1,2.4091736710118657e-05
1.985,0.1482291,-0.3307932,9.7866522,0.011139554650291927,0,-0.07389394422396826,0.00014201388773034743,1,2.5227847811961437e-05
2.0,0.1526436,-0.3307932,9.8615025,0.011448408392867648,0,0.0205902495050482,0.0,1,2.6292951969939037e-05
2.016,0.1661814,-0.3173535,9.8615025,0.011746840061213959,0,0.018651979271644397,0.0,1,2.6292951969939037e-05
2.032,0.1661814,-0.3367773,9.9258561,0.013312970130606061,0,0.0978831293370063,0.000197464079721257,1,2.7872664607709094e-05
2.047,0.16166880000000003,-0.3367773,9.854046900000002,0.013439911409843575,0,0.008462751949167499,0.0,1,2.9353645205618535e-05
2.063,0.1646118,-0.38023560000000006,9.854046900000002,0.013596295084298049,0,0.009773979653404643,0.00011440034322776453,1,3.0268847951440653e-05
2.079,0.1646118,-0.34580249999999996,9.7686999,0.012052563116853321,0,-0.09648324796529542,0.0,1,3.118405069726277e-05
2.094,0.1721655,-0.34580249999999996,9.735738300000001,0.00989585206182042,0,-0.14378073700219643,0.0,1,3.118405069726277e-05
2.11,0.1497006,-0.36826739999999997,9.735738300000001,0.007790294802173747,0,-0.13159732872791696,0.00012569349758897834,1,3.21895986779746e-05
2.125,0.1497006,-0.38023560000000006,9.711801900000001,0.005266108959006033,0,-0.16827905621117956,0.0,1,3.3132299909891945e-05
2.141,0.113796,-0.344331,9.8255979,0.004985390865936523,0,-0.01754488081684434,0.0,1,3.3132299909891945e-05
2.157,0.1317483,-0.344331,9.9033912,0.006238866967674284,0,0.07834225635860996,0.0,1,3.3132299909891945e-05
2.172,0.10477080000000001,-0.36375480000000004,9.9033912,0.007475058885635377,0,0.0824127945307389,0.0,1,3.3132299909891945e-05
2.188,0.10477080000000001,-0.36375480000000004,9.9064323,0.008746597658738864,0,0.07947117331896784,0.0001280502833210708,1,3.4156702176460514e-05
2.204,0.1062423,-0.36375480000000004,9.8016615,0.007940699394479722,0,-0.050368641516196314,0.0,1,3.518110444302908e-05
2.219,0.10477080000000001,-0.3592422,9.8016615,0.007147031765970979,0,-0.05291117523391733,0.0,1,3.518110444302908e-05
2.235,0.10477080000000001,-0.34580249999999996,9.7791966,0.005919266583575222,0,-0.07673532389973474,0.0,1,3.518110444302908e-05
2.25,0.11526750000000001,-0.34580249999999996,9.7417224,0.003983612777899381,0,-0.129043587045055,5.3508625457627385e-05,1,3.558241913396129e-05
2.266,0.11673900000000001,-0.34580249999999996,9.7417224,0.0020862563051728955,0,-0.11858477954540525,0.0,1,3.6010488137622306e-05
2.282,0.11673900000000001,-0.34128990000000003,9.8240283,0.0018357299898088542,0,-0.01565789471025257,0.0,1,3.6010488137622306e-05
2.297,0.1482291,-0.37866600000000006,9.8615025,0.002359431871161277,0,0.034913458756827914,0.0,1,3.6010488137622306e-05
2.313,0.2006145,-0.37866600000000006,9.910846800000002,0.003857644049922726,0,0.09363826117259047,0.0,1,3.6010488137622306e-05
2.329,0.1781496,-0.3278502,9.910846800000002,0.005282583629421467,0,0.08905872371867121,0.0,1,3.6010488137622306e-05
2.344,0.1781496,-0.33824879999999996,9.7701714,0.003930168109876675,0,-0.09016103463632137,0.0,1,3.6010488137622306e-05
2.36,0.1482291,-0.33824879999999996,9.743193900000001,0.002065886574486697,0,-0.11651759596187351,0.0,1,3.6010488137622306e-05
2.375,0.1526436,-0.37425150000000007,9.743193900000001,0.00026528647337897837,0,-0.1200400067405136,0.0,1,3.6010488137622306e-05
2.391,0.1526436,-0.3427614,9.698362200000002,-0.0024011079252179712,0,-0.1666496499123092,0.0,1,3.6010488137622306e-05
2.407,0.16765290000000002,-0.3427614,9.8120601,-0.0027826969109163713,0,-0.023849311606149982,0.0,1,3.6010488137622306e-05
2.422,0.1511721,-0.3338343,9.8120601,-0.003168080727018463,0,-0.025692254406805903,0.0,1,3.6010488137622306e-05
2.438,0.1511721,-0.3367773,9.957248100000001,-0.0006990971567244486,0,0.15431147314337576,0.0,1,3.6010488137622306e-05
2.454,0.15421320000000002,-0.35178660000000006,9.922913099999999,0.0010598239519072905,0,0.1099325692894836,0.0,1,3.6010488137622306e-05
2.469,0.1032993,-0.35178660000000006,9.8495343,0.0013335003618042407,0,0.0182450939931304,0.0,1,3.6010488137622306e-05
2.485,0.1362609,-0.3652263,9.8495343,0.0016192492352082866,0,0.01785930458775285,0.0,1,3.6010488137622306e-05
2.5,0.1362609,-0.3831786,9.8016615,0.0009748783142349282,0,-0.042958061398223536,0.0,1,3.6010488137622306e-05
2.516,0.0973152,-0.3831786,9.746235,-0.0007518553096836911,0,-0.10792085149491361,0.0,1,3.6010488137622306e-05
2.532,0.1287072,-0.3817071,9.746235,-0.002438731339957201,0,-0.10542975189209426,0.0,1,3.6010488137622306e-05
2.547,0.1287072,-0.37572300000000003,9.771642900000002,-0.0035993048305016373,0,-0.07737156603629512,0.0,1,3.6010488137622306e-05
2.563,0.09427410000000001,-0.37572300000000003,9.8524773,-0.003161064592749341,0,0.027390014859518506,0.0,1,3.6010488137622306e-05
2.579,0.09584369999999999,-0.33226469999999997,9.8524773,-0.002761715638502693,0,0.024959309640415463,0.0,1,3.6010488137622306e-05
2.594,0.16912439999999998,-0.3083283,9.851005800000001,-0.002394970743113234,0,0.024449659692631135,0.0,1,3.6010488137622306e-05
2.61,0.16912439999999998,-0.3083283,9.851005800000001,-0.002035416924105249,0,0.02247211368799904,0.0,1,3.6010488137622306e-05
2.625,0.16912439999999998,-0.3592422,9.874942200000001,-0.0011801501954593618,0,0.05701778190972533,0.0,1,3.6010488137622306e-05
2.641,0.1466595,-0.3592422,9.8105886,-0.0016095467754766446,0,-0.026837286251080148,0.0,1,3.6010488137622306e-05
2.657,0.1661814,-0.37572300000000003,9.8105886,-0.0020123312177808828,0,-0.025174027644014864,0.0,1,3.6010488137622306e-05
2.672,0.1661814,-0.3248091,9.7956774,-0.002735006776193316,0,-0.04817837056082849,0.0,1,3.6010488137622306e-05
2.688,0.17069399999999998,-0.3248091,9.7567317,-0.004205095685653859,0,-0.09188055684128385,0.0,1,3.6010488137622306e-05
2.704,0.12272310000000002,-0.32932170000000005,9.7567317,-0.005657529205087997,0,-0.09077709496463351,0.0,1,3.6010488137622306e-05
2.719,0.12272310000000002,-0.3562992,9.8644455,-0.004952431932695234,0,0.04700648482618519,0.0,1,3.6010488137622306e-05
2.735,0.1332198,-0.3562992,9.9153594,-0.0032609178433631314,0,0.1057196305832563,0.0,1,3.6010488137622306e-05
2.75,0.11673900000000001,-0.35178660000000006,9.9153594,-0.0016097981329412647,0,0.11007464736145686,0.0,1,3.6010488137622306e-05
2.766,0.1302768,-0.33824879999999996,9.8794548,-0.0007005194949574189,0,0.05682991487399031,0.0,1,3.6010488137622306e-05
2.782,0.1302768,-0.3592422,9.855518400000001,-0.0002635390299836615,0,0.027311279060859815,0.0,1,3.6010488137622306e-05
2.797,0.11821050000000001,-0.3592422,9.8285409,-0.0003666877066219598,0,-0.006876578442553163,0.0,1,3.6010488137622306e-05
2.813,0.1646118,-0.36071369999999997,9.8285409,-0.00045367762858994354,0,-0.005436870122998977,0.0,1,3.6010488137622306e-05
2.829,0.1646118,-0.34128990000000003,9.8255979,-0.0006102157458620638,0,-0.00978363232950751,0.0,1,3.6010488137622306e-05
2.844,0.16166880000000003,-0.34128990000000003,9.8091171,-0.0010875560234424597,0,-0.03182268517202707,0.0,1,3.6010488137622306e-05
2.86,0.1646118,-0.3712104,9.8091171,-0.0015332876484084323,0,-0.027858226560373265,0.0,1,3.6010488137622306e-05
2.875,0.1646118,-0.32932170000000005,9.851005800000001,-0.0011788138248469693,0,0.023631588237430674,0.0,1,3.6010488137622306e-05
2.891,0.142245,-0.3622833,9.749178,-0.002810496082792824,0,-0.10198014112161581,0.0,1,3.6010488137622306e-05
2.907,0.08377740000000002,-0.347274,9.8255979,-0.0029367336550194523,0,-0.007889848264164272,0.0,1,3.6010488137622306e-05
2.922,0.08377740000000002,-0.347274,9.8255979,-0.003060495980731659,0,-0.008250821714147044,-4.266350880093896e-05,1,3.569051182161526e-05
2.938,0.08377740000000002,-0.3622833,9.845021700000002,-0.0027906255193830276,0,0.016866903834289446,0.0,1,3.534920375120775e-05
2.954,0.16166880000000003,-0.3622833,9.827069400000001,-0.002858742717553042,0,-0.004257324885625909,0.0,1,3.534920375120775e-05
2.969,0.1482291,-0.3592422,9.827069400000001,-0.0029318634120798492,0,-0.004874712968453905,0.0,1,3.534920375120775e-05
2.985,0.1482291,-0.35178660000000006,9.843550200000001,-0.002685925162847269,0,0.015371140577036244,0.0,1,3.534920375120775e-05
3.0,0.0898596,-0.35178660000000006,9.848062800000001,-0.002370218250996814,0,0.02104712745669684,0.0,1,3.534920375120775e-05
3.016,0.1466595,-0.3622833,9.848062800000001,-0.0020398811114628046,0,0.020646071220875566,0.0,1,3.534920375120775e-05
3.032,0.1466595,-0.3248091,9.8120601,-0.002447107344940136,0,-0.025451639592333184,0.0,1,3.534920375120775e-05
3.047,0.1437165,-0.3248091,9.827069400000001,-0.002553094391226196,0,-0.007065803085737284,0.0,1,3.534920375120775e-05
3.063,0.18413369999999998,-0.34128990000000003,9.830012400000001,-0.0025751879678441725,0,-0.0013808485386235234,0.0,1,3.534920375120775e-05
3.079,0.12272310000000002,-0.3173535,9.830012400000001,-0.0026313425430917192,0,-0.0035096609529716685,0.0,1,3.534920375120775e-05
3.094,0.1497006,-0.33981839999999996,9.8689581,-0.0019012575291412759,0,0.048672334263363926,0.0,1,3.534920375120775e-05
3.11,0.1497006,-0.33981839999999996,9.8689581,-0.0011854879076214075,0,0.04473560134499173,-1.1005539440887488e-05,1,3.526115943568065e-05
3.125,0.0898596,-0.3367773,9.8689581,-0.0005000272393171912,0,0.04569737788694738,0.0,1,3.517861788987399e-05
3.141,0.0898596,-0.3503151,9.851005800000001,-0.00017054186587195375,0,0.020592835840327322,0.0,1,3.517861788987399e-05
3.157,0.16765290000000002,-0.3503151,9.855518400000001,0.00026081926156074076,0,0.026960070464543382,0.0,1,3.517861788987399e-05
3.172,0.11978010000000001,-0.37425150000000007,9.855518400000001,0.0006872840642770939,0,0.028430986847756638,0.0,1,3.517861788987399e-05
3.188,0.11978010000000001,-0.37425150000000007,9.855518400000001,0.0011053868120374233,0,0.026131421735020564,0.0,1,3.517861788987399e-05
3.219,0.11821050000000001,-0.3562992,9.833053500000002,0.0010617153435603655,0,-0.0014087570476470407,0.0,1,3.517861788987399e-05
3.235,0.09133110000000001,-0.3592422,9.7866522,0.00010620603823419117,0,-0.05971933158288584,0.0,1,3.517861788987399e-05
3.25,0.09133110000000001,-0.3592422,9.7866522,-0.0008305677905173781,0,-0.06245158858343743,0.0,1,3.517861788987399e-05
3.266,0.09133110000000001,-0.37425150000000007,9.7327953,-0.0027931490180357343,0,-0.12266132671989716,0.0,1,3.517861788987399e-05
3.282,0.1437165,-0.37425150000000007,9.723770100000001,-0.004881669956425583,0,-0.13053255864936542,0.0,1,3.517861788987399e-05
3.297,0.1332198,-0.3487455,9.7208271,-0.0070084094771054595,0,-0.1417826347119906,0.0,1,3.517861788987399e-05
3.313,0.1332198,-0.3487455,9.7208271,-0.009093448222870393,0,-0.13031492161030822,0.0,1,3.517861788987399e-05
3.329,0.11978010000000001,-0.3487455,9.716314500000001,-0.011229449401128022,0,-0.13350007364110172,0.0,1,3.517861788987399e-05
3.344,0.1631403,-0.36973890000000004,9.716314500000001,-0.013295992525176104,0,-0.13776954160320837,-0.0001242390924953026,1,3.424682469615924e-05
3.36,0.1631403,-0.33981839999999996,9.686394000000002,-0.015929653728994353,0,-0.16460382523864045,0.0,1,3.325291195619682e-05
3.375,0.1437165,-0.33981839999999996,9.6654006,-0.01892903904712462,0,-0.1999590212086827,-0.00011948445834956056,1,3.235677851857511e-05
3.391,0.1571562,-0.3367773,9.5426775,-0.024272135470413403,0,-0.33394352645554876,0.0,1,3.140090285177862e-05
3.407,0.1571562,-0.32932170000000005,9.4932351,-0.03048431077581526,0,-0.3882609565876157,-0.000403145424459695,1,2.8175739456101057e-05
3.422,0.1571562,-0.32932170000000005,9.4932351,-0.03657467872228892,0,-0.4060245297649075,-0.00040608784569547965,1,2.2106489929937197e-05
3.438,0.11978010000000001,-0.32932170000000005,9.4857795,-0.04270239831907219,0,-0.38298247479895375,-0.0005403044620263683,1,1.4535351468162407e-05
3.454,0.15568469999999998,-0.33530580000000004,9.4857795,-0.04869564411673721,0,-0.37457786235406376,-0.0007714888015128442,1,4.041005359848698e-06
3.469,0.15568469999999998,-0.3876912,9.4319226,-0.05558725341835924,0,-0.45944062010814485,-0.0010536105330260495,1,-9.647239649192713e-06
3.485,0.09427410000000001,-0.3876912,9.377967600000002,-0.06341666416188474,0,-0.4893381714703433,-0.0015056418736680015,1,-3.012125890274514e-05
3.5,0.1511721,-0.42065280000000005,9.4154418,-0.0703161877770615,1,-0.4599682410117803,-0.002508638263210105,1,-6.022835992933119e-05
3.516,0.1511721,-0.42065280000000005,9.4154418,-0.07708042661546699,1,-0.4227649274003427,-0.0036878111783503324,1,-0.00010979995546181473
3.532,0.1257642,-0.42065280000000005,9.337550400000001,-0.08524496266850079,1,-0.510283503314612,-0.004986414292622076,1,-0.00017919375922959403
3.547,0.1482291,-0.3367773,9.2627001,-0.09477609896712202,1,-0.6354090865747437,-0.006336572254889258,1,-0.00026411615833592977
3.563,0.1571562,-0.35777070000000005,9.2627001,-0.10410204720995964,1,-0.5828717651773502,-0.007927597424305915,2,-0.00037822951576949124
3.594,0.18266220000000002,-0.347274,9.2387637,-0.11371271367170621,1,-0.31002149876602164,-0.011303726217971703,2,-0.0006763150322247914
3.61,0.12272310000000002,-0.3562992,9.2387637,-0.12314761063527868,1,-0.5896810602232788,-0.013198608812427588,3,-0.000872333712467986
3.625,0.12272310000000002,-0.36973890000000004,9.252301500000002,-0.13212195215458955,1,-0.5982894346207196,-0.015113130533351615,3,-0.0010846717575613318
3.641,0.1302768,-0.36973890000000004,9.145961100000001,-0.1430015180705695,1,-0.6799728697487456,-0.017314118295152888,3,-0.001344089748189368
3.657,0.16019730000000001,-0.3532581,9.1040724,-0.15449181843885285,1,-0.7181437730177092,-0.01969406498722827,3,-0.0016401552144484175
3.672,0.16019730000000001,-0.3532581,9.1040724,-0.165756818799915,1,-0.7510000240708038,-0.02209592976651905,3,-0.001953580175101525
3.688,0.1257642,-0.3532581,8.9873334,-0.17909856670618396,1,-0.8338592441418095,-0.024854772850567843,3,-0.0023291857960382207
3.704,0.20355750000000003,-0.347274,8.9873334,-0.1921553597565353,1,-0.8160495656469583,-0.027824804262269597,3,-0.0027506224129409205
3.719,0.142245,-0.3487455,8.9873334,-0.20497812776070035,1,-0.8548512002776877,-0.0308033054186488,3,-0.003190333235547799
3.735,0.142245,-0.3143124,8.896002300000001,-0.21936382878517513,1,-0.8991063140296732,-0.03419804107101581,3,-0.0037103440074651166
3.75,0.1437165,-0.3143124,8.9708526,-0.2320004380243077,1,-0.8424406159421642,-0.037583273072086955,3,-0.004248703863538391
3.766,0.1437165,-0.36071369999999997,8.9708526,-0.2443550685276339,1,-0.7721644064578863,-0.04139411712450249,3,-0.004880522985111107
3.782,0.1437165,-0.32932170000000005,8.960355900000001,-0.25669675654797786,1,-0.7713555012714972,-0.04540253172510739,3,-0.005574896175907987
3.797,0.1302768,-0.32932170000000005,8.870594400000002,-0.2705591189539778,1,-0.9241574937333201,-0.04935695079137209,3,-0.006285592294781589
3.813,0.13469129999999999,-0.3532581,8.870594400000002,-0.2841303364640204,1,-0.8482010943776644,-0.05379446643471608,3,-0.007110803632590295
3.829,0.13469129999999999,-0.3712104,8.858626200000002,-0.29765552909024784,1,-0.8453245391392131,-0.05844875335915023,3,-0.008008749390941226
3.844,0.1272357,-0.35178660000000006,8.777791800000001,-0.31251677221631446,1,-0.9907495417377962,-0.06302504561894935,3,-0.008919802883276954
3.86,0.1631403,-0.35178660000000006,8.7957441,-0.3267233211511371,1,-0.8879093084264148,-0.06813896636588897,3,-0.009969114979155662
3.875,0.1631403,-0.35178660000000006,8.7957441,-0.34065131030292406,1,-0.928532610119122,-0.07314427610179447,3,-0.011028739297663296
3.891,0.1482291,-0.36826739999999997,8.725308300000002,-0.355677835710523,1,-0.9391578379749346,-0.07871490926990204,3,-0.012243612780636869
3.907,0.16765290000000002,-0.36826739999999997,8.8286076,-0.36837950914803486,1,-0.7938545898444886,-0.08450736802877051,3,-0.01354939099902625
3.922,0.1466595,-0.33981839999999996,8.8286076,-0.3808617987149674,1,-0.8321526377954955,-0.09012667783774307,3,-0.014859146343025114
3.938,0.1466595,-0.33981839999999996,8.8286076,-0.3930993375060776,1,-0.7648461744443884,-0.09631836692751143,3,-0.01635070670114715
3.954,0.1571562,-0.3622833,8.7747507,-0.4061308442178877,1,-0.8144691694881293,-0.10271220838130316,3,-0.017942951303617668
3.969,0.1272357,-0.3532581,8.7747507,-0.41892353759555334,1,-0.8528462251777277,-0.10890011624490382,3,-0.019530043738314188
3.985,0.1272357,-0.3547296,8.780734800000001,-0.43134700361871126,1,-0.776466626447369,-0.11570228057461794,3,-0.021326862912870365
4.0,0.1272357,-0.3547296,8.780734800000001,-0.4435268722688672,1,-0.8119912433437244,-0.12226383464377483,3,-0.023111608777008325
4.016,0.1721655,-0.36375480000000004,8.7193242,-0.45664854007245204,1,-0.8201042377240501,-0.1294652379425054,3,-0.025125441357698567
4.032,0.09427410000000001,-0.36375480000000004,8.6460435,-0.4709717645932816,1,-0.8952015325518473,-0.13688620037983126,3,-0.027256252864277263
4.047,0.11526750000000001,-0.37866600000000006,8.6460435,-0.48499661798844684,1,-0.9349902263443691,-0.14405596324919406,3,-0.029363319091494908
4.063,0.11526750000000001,-0.3262806,8.7013719,-0.4977043017943217,1,-0.7942302378671766,-0.15191757060745623,3,-0.03173110736234811
4.079,0.17069399999999998,-0.3262806,8.7013719,-0.510144972190071,1,-0.7775418997343346,-0.15998036479933136,3,-0.034226290845602414
4.094,0.1032993,-0.34580249999999996,8.7013719,-0.5223477252591309,1,-0.8135168712706241,-0.16772406003020068,3,-0.036684074031824
4.11,0.1032993,-0.31284090000000003,8.7747507,-0.5328978717882702,1,-0.6593841580712073,-0.1761660248065799,3,-0.03943519471051825
4.125,0.16166880000000003,-0.31284090000000003,8.707356,-0.5445442793285675,1,-0.776427169353172,-0.184246840939956,3,-0.04213829120361721
4.141,0.0868185,-0.3831786,8.707356,-0.5559281771720865,1,-0.7114936152199374,-0.19305062059196124,3,-0.045156670895872546
4.157,0.0868185,-0.36669779999999996,8.6864607,-0.5675120903935014,1,-0.7239945763384263,-0.20203814273248594,3,-0.04831738100246813
4.172,0.1392039,-0.3427614,8.6774355,-0.5790514700356493,1,-0.7692919761432102,-0.21063736943570438,3,-0.05141244734372949
4.188,0.1287072,-0.3427614,8.650556100000001,-0.5908943388179839,1,-0.7401792988959148,-0.21999693590653346,3,-0.0548575217864674
4.204,0.15421320000000002,-0.318825,8.650556100000001,-0.6025147551269487,1,-0.7262760193103006,-0.22954420865809294,3,-0.058453850942984414
4.219,0.15421320000000002,-0.36071369999999997,8.7373746,-0.6121744969040055,1,-0.6439827851370924,-0.23865437804832546,3,-0.06196534034328269
4.235,0.13469129999999999,-0.36071369999999997,8.7058845,-0.6222680062484045,1,-0.6308443340249376,-0.24852991807354474,3,-0.06586281471225765
4.25,0.15568469999999998,-0.3367773,8.7058845,-0.6321755287118336,1,-0.6605014975619524,-0.2579382445857463,3,-0.06966132593220226
4.266,0.15568469999999998,-0.3831786,8.707356,-0.6418223834762795,1,-0.6029284227778703,-0.26813022788325125,3,-0.07386987371195423
4.282,0.1482291,-0.3831786,8.6894037,-0.6516342464675002,1,-0.6132414369512945,-0.2784778809228015,3,-0.07824273858240266
4.297,0.16019730000000001,-0.36669779999999996,8.6894037,-0.6612634882866626,1,-0.6419494546108376,-0.28832461393345754,3,-0.08249375729382451
4.313,0.16019730000000001,-0.3562992,8.6864607,-0.6707700427544214,1,-0.5941596542349264,-0.2989808821817862,3,-0.08719220126274646
4.329,0.1571562,-0.37268190000000007,8.7283494,-0.679257354979848,1,-0.530457014089158,-0.3097811013636604,3,-0.09206229713111004
4.344,0.1482291,-0.37268190000000007,8.644572,-0.6892222540322184,1,-0.6643266034913357,-0.3200446984312513,3,-0.09678599062957206
4.36,0.1272357,-0.38023560000000006,8.644572,-0.698991871245596,1,-0.610601075836103,-0.3311504114334738,3,-0.10199555150848987
4.375,0.1272357,-0.33981839999999996,8.6984289,-0.7075478063809655,1,-0.570395675691309,-0.3416994590156728,3,-0.10704192553685836
4.391,0.1482291,-0.33981839999999996,8.7118686,-0.7156661811015734,1,-0.5073984200379962,-0.3530851709155331,3,-0.11260020257630801
4.407,0.15421320000000002,-0.3278502,8.7118686,-0.7236323215978633,1,-0.49788378101811537,-0.3645995589371286,3,-0.11834168041512931
4.422,0.15421320000000002,-0.3712104,8.6984289,-0.7316714281372043,1,-0.5359404359560804,-0.37551433706014137,3,-0.12389253463510871
4.438,0.1032993,-0.3712104,8.7103971,-0.7393332262712367,1,-0.4788623833770207,-0.3872823742954089,3,-0.12999490832595312
4.454,0.15421320000000002,-0.37572300000000003,8.7103971,-0.7468262614828518,1,-0.46831470072594655,-0.3991716501974416,3,-0.13628654052189593
4.469,0.11978010000000001,-0.3532581,8.6819481,-0.754758707731753,1,-0.5288297499267276,-0.4104335374665516,3,-0.1423585794293761
4.485,0.11978010000000001,-0.4281084,8.6534991,-0.7630267371336963,1,-0.5167518376214537,-0.4225758210254752,3,-0.14902265429731232
4.5,0.13469129999999999,-0.4281084,8.735805,-0.7695166596271896,1,-0.4326614995662318,-0.4340698965011816,3,-0.1554474971787621
4.516,0.12272310000000002,-0.3936753,8.735805,-0.7759144997844665,1,-0.39986500982980255,-0.44643334577647487,3,-0.16249152311698337
4.532,0.12272310000000002,-0.37268190000000007,8.6834196,-0.7832310524835275,1,-0.45728454369131605,-0.4589065101946188,3,-0.16973424196475212
4.547,0.1661814,-0.37268190000000007,8.6879322,-0.7903015981095542,1,-0.471369708401791,-0.4707080050740667,3,-0.1767063508292671
4.563,0.16912439999999998,-0.3876912,8.6879322,-0.797219529346398,1,-0.43237070230273084,-0.48340817409371434,3,-0.18433928026260937
4.579,0.16912439999999998,-0.3876912,8.6879322,-0.8040018148727146,1,-0.4238928453947906,-0.4962179448474672,3,-0.19217628921413882
4.594,0.16912439999999998,-0.3532581,8.6894037,-0.8106510495219226,1,-0.44328230994718115,-0.5083278413304265,3,-0.1997103826104733
4.61,0.1661814,-0.3652263,8.6639958,-0.8176589896836273,1,-0.4379962601065431,-0.5213543216440707,3,-0.2079478399142693
4.625,0.1661814,-0.3652263,8.6639958,-0.8245295192539253,1,-0.4580353046865424,-0.5336707354611021,3,-0.2158605278425579
4.641,0.1437165,-0.3547296,8.6939163,-0.830695638187116,1,-0.38538243332442124,-0.5469125367206304,3,-0.2245051940200118
4.657,0.1437165,-0.31284090000000003,8.707356,-0.8365090417002587,1,-0.36333771957142125,-0.5602501741597294,3,-0.23336249570705467
4.672,0.1362609,-0.31284090000000003,8.7223653,-0.8419167307032751,1,-0.3605126002010982,-0.5728383674527556,3,-0.2418606597691481
4.688,0.1062423,-0.3367773,8.6774355,-0.848089350176803,1,-0.3857887170954918,-0.5863584160997962,3,-0.2511342340375685
4.719,0.12272310000000002,-0.3367773,8.713340100000002,-0.8534332636930468,1,-0.1723843069756051,-0.6127320166147794,3,-0.2697201357446448
4.735,0.145188,-0.34580249999999996,8.713340100000002,-0.858658703351006,1,-0.3265899786224488,-0.6264287523511318,3,-0.27963342189637214
4.75,0.145188,-0.42506730000000004,8.6879322,-0.8642105417195189,1,-0.37012255790086906,-0.6393502716891605,3,-0.28912676457667413
4.766,0.1497006,-0.42506730000000004,8.735805,-0.8687145919288906,1,-0.2815031380857255,-0.6532136727583477,3,-0.2994672761322542
4.782,0.1332198,-0.3712104,8.6984289,-0.873915742042831,1,-0.32507188212127475,-0.6671547154301215,3,-0.31003022323776197
4.797,0.1332198,-0.3712104,8.6984289,-0.8790149088212029,1,-0.33994445189147166,-0.6803016953116015,3,-0.32013614631832465
4.813,0.1332198,-0.3367773,8.7118686,-0.883778246649916,1,-0.297708614294567,-0.6944040405553704,3,-0.33113379220526046
4.829,0.1212516,-0.3367773,8.773279200000001,-0.8872484886579564,1,-0.2168901255025222,-0.7085722544378334,3,-0.3423576025652061
4.844,0.1317483,-0.347274,8.7537573,-0.8910221437803845,1,-0.25157700816186446,-0.7219092841811215,3,-0.35308621410484864
4.86,0.1317483,-0.347274,8.7537573,-0.8947218056651192,1,-0.23122886779591825,-0.7361952357766856,3,-0.3647510502645111
4.875,0.145188,-0.347274,8.785247400000001,-0.8977278755415323,1,-0.20040465842754857,-0.7496386083857352,3,-0.375894804095729
4.891,0.1646118,-0.2948886,8.785247400000001,-0.9007058027252395,1,-0.18612044898169683,-0.7640260778118694,3,-0.38800412158530984
4.907,0.1646118,-0.40113090000000007,8.8630407,-0.9020193780989754,1,-0.08209846085849286,-0.7784478792584631,3,-0.4003439132418725
4.922,0.16019730000000001,-0.40113090000000007,8.8660818,-0.9032492225415041,1,-0.08198962950191614,-0.7919873937632664,3,-0.41212217778953525
4.938,0.1571562,-0.3532581,8.8555851,-0.9047015326860652,1,-0.09076938403507198,-0.806450999805087,3,-0.42490968493808207
4.954,0.1511721,-0.36071369999999997,8.8555851,-0.906121519389588,1,-0.08874916897017018,-0.8209375842216923,3,-0.4379287936102963
4.969,0.1511721,-0.34580249999999996,8.9574129,-0.9055304820626517,1,0.03940248846241296,-0.8345249742325845,3,-0.45034476279870383
4.985,0.15421320000000002,-0.34580249999999996,8.940932100000001,-0.9052728822318166,1,0.016099989427198466,-0.8490114011469403,3,-0.46381305380174004
5.0,0.1781496,-0.3262806,8.940932100000001,-0.9050259916779204,1,0.016459370259743734,-0.862588642701263,3,-0.4766500541306013
5.016,0.1781496,-0.344331,8.988804900000002,-0.9038328750546594,1,0.07456978895381543,-0.8770595136351237,3,-0.49056723938129243
5.032,0.1406754,-0.344331,9.000773100000002,-0.9024417022018056,1,0.08694830330335793,-0.8915097102531754,3,-0.5047157931723988
5.047,0.16019730000000001,-0.3771945,9.000773100000002,-0.9010456122619086,1,0.09307266265980454,-0.9050358651116529,3,-0.5181898849876347
5.063,0.16019730000000001,-0.35178660000000006,9.030693600000001,-0.8991109135210245,1,0.1209186713052589,-0.9194371173179163,3,-0.5327856688470713
5.079,0.08377740000000002,-0.35178660000000006,9.0816075,-0.896236856797529,1,0.17962854521846855,-0.9337998994804648,3,-0.5476115649814584
5.094,0.15421320000000002,-0.3547296,9.150473700000001,-0.892049726683144,1,0.27914200762565505,-0.9472120488565704,3,-0.5617191545939867
5.11,0.1856052,-0.3202965,9.150473700000001,-0.8879581593494628,1,0.2557229583550755,-0.9614521119448313,3,-0.5769884678803979
5.125,0.1856052,-0.34580249999999996,9.183435300000001,-0.8832829174894901,1,0.3116827906648534,-0.9747364200211232,3,-0.5915098818701423
5.141,0.1482291,-0.34580249999999996,9.2162988,-0.878068811673165,1,0.3258816135203177,-0.9888272338544244,3,-0.6072183911011467
5.157,0.1497006,-0.32932170000000005,9.2162988,-0.8729683037728897,1,0.3187817437672044,-1.0028355307779928,3,-0.6231516932182061
5.172,0.1497006,-0.34128990000000003,9.199916100000001,-0.8682802414961976,1,0.31253748511281004,-1.0158948948675106,3,-0.6382921714105471
5.188,0.1631403,-0.34128990000000003,9.3166551,-0.8613925335183268,1,0.4304817486169284,-1.0297322770676267,3,-0.6546571887860282
5.204,0.17510850000000003,-0.36375480000000004,9.3166551,-0.8546189699729432,1,0.4233477215864752,-1.0434603690955568,3,-0.6712427299553336
5.219,0.17510850000000003,-0.3592422,9.322639200000001,-0.8478644238849089,1,0.45030307253560126,-1.0562289945494912,3,-0.6869904001826721
5.235,0.13469129999999999,-0.3592422,9.4139703,-0.8394661699248083,1,0.5248908725062891,-1.0697276392999688,3,-0.7039980532534678
5.25,0.145188,-0.3592422,9.4827384,-0.8298822689908469,1,0.6389267289307691,-1.082247752591836,3,-0.720137868692656
5.266,0.1511721,-0.3876912,9.4827384,-0.820462506297158,1,0.5887351683555581,-1.09545051079414,3,-0.7375594547997437
5.282,0.1511721,-0.3876912,9.4827384,-0.8112274448327579,1,0.5771913415250068,-1.1085040304031792,3,-0.7551910911293223
5.297,0.1511721,-0.37866600000000006,9.4738113,-0.8023554865064995,1,0.5914638884172407,-1.1206059023882233,3,-0.7719094156252574
5.313,0.15568469999999998,-0.37866600000000006,9.5111874,-0.7929238725217882,1,0.5894758740444533,-1.1333681372604496,3,-0.7899412079424468
5.329,0.11821050000000001,-0.32932170000000005,9.5111874,-0.7837237451392429,1,0.5750079614090792,-1.1459813182017378,3,-0.8081760035861444
5.344,0.11821050000000001,-0.3367773,9.5336523,-0.7742587177894862,1,0.631001823317092,-1.1576661866737037,3,-0.8254533598727108
5.36,0.1497006,-0.3367773,9.6219423,-0.7632407135672477,1,0.6886252638899075,-1.1699661821245575,3,-0.844074418823097
5.375,0.11526750000000001,-0.36973890000000004,9.6219423,-0.7524243276508429,1,0.721092394427,-1.181333669933693,3,-0.8617091677135335
5.391,0.11526750000000001,-0.347274,9.6503913,-0.7412790056234009,1,0.6965826267151247,-1.193283296599887,3,-0.8807061034458021
5.407,0.1332198,-0.347274,9.6639291,-0.7300824403518025,1,0.6997853294748995,-1.2050541881676886,3,-0.8998928033239427
5.422,0.1332198,-0.344331,9.6923781,-0.7185500608617321,1,0.76882529933804,-1.2159189319267898,3,-0.918050101724651
5.438,0.16912439999999998,-0.3218661,9.6923781,-0.7072479613007125,1,0.7063812225637227,-1.2273253161040893,3,-0.937596055708898
5.454,0.16912439999999998,-0.3338343,9.687865500000001,-0.6962479558552594,1,0.687500340340818,-1.238553283441337,3,-0.9573230845052615
5.469,0.15568469999999998,-0.3338343,9.771642900000002,-0.6838265330173687,1,0.8280948558593497,-1.2489038421078822,3,-0.9759790129468814
5.485,0.1392039,-0.3307932,9.771642900000002,-0.6716555666435635,1,0.7606853983628252,-1.2597476989051697,3,-0.9960482252749858
5.5,0.1392039,-0.3218661,9.747706500000001,-0.6601981269148212,1,0.7638293152495068,-1.2697366016068574,3,-1.0150193575288255
5.516,0.1287072,-0.3218661,9.843550200000001,-0.6470900568619875,1,0.8192543783021026,-1.280194907077072,3,-1.035418809598297
5.532,0.1721655,-0.3592422,9.843550200000001,-0.634200657910954,1,0.8055874344395912,-1.2904452327952556,3,-1.0559839307172756
5.547,0.1721655,-0.3532581,9.851005800000001,-0.6214221633894752,1,0.8518996347652737,-1.2998624039550086,3,-1.0754112379929022
5.563,0.1332198,-0.3532581,9.979713000000002,-0.606384212081295,1,0.9398719567612615,-1.3096848549587747,3,-1.0962876160642125
5.579,0.142245,-0.3876912,9.9258561,-0.5926687478450425,1,0.8572165147657788,-1.3192772786381854,3,-1.1173193131329882
5.594,0.11673900000000001,-0.3712104,9.9258561,-0.5792410770336094,1,0.8951780540955091,-1.3280666023247756,3,-1.137174392240211
5.61,0.11673900000000001,-0.3936753,10.012674599999999,-0.5643588543108642,1,0.9301389201715741,-1.3372154017755313,3,-1.1584966482730137
5.625,0.1466595,-0.3936753,10.0097316,-0.549818384945354,1,0.9693646243673696,-1.3455717310699529,3,-1.1786175517693545
5.641,0.1302768,-0.34580249999999996,10.0965501,-0.533900934326752,1,0.9948406636626208,-1.3542414856241298,3,-1.200216057502907
5.657,0.1482291,-0.34580249999999996,10.1189169,-0.5178524777738147,1,1.00302853455858,-1.3626555129209343,3,-1.2219512334912677
5.672,0.1482291,-0.34580249999999996,10.1189169,-0.5021186968395632,1,1.0489187289501214,-1.3703052967305345,3,-1.2424484395636533
5.688,0.11526750000000001,-0.3173535,10.1189169,-0.4867200985114071,1,0.9624123955097588,-1.3782160070933422,3,-1.2644366099942443
5.704,0.11526750000000001,-0.3712104,10.1473659,-0.4710301136055044,1,0.9806240566189164,-1.3858780087902776,3,-1.2865493621213133
5.719,0.1317483,-0.318825,10.237225500000001,-0.4539178017111869,1,1.1408207929544567,-1.392815118155153,3,-1.307389560573405
5.735,0.10182780000000001,-0.318825,10.249193700000001,-0.4369131691471484,1,1.0627895352524055,-1.3999417659220197,3,-1.3297316156460224
5.75,0.1466595,-0.3202965,10.249193700000001,-0.42023041149956875,1,1.1121838431720004,-1.40637034277687,3,-1.3507789564612636
5.766,0.1437165,-0.34580249999999996,10.373388300000002,-0.40142575865422714,1,1.1752908028338493,-1.4129435921381002,3,-1.3733334679405833
5.797,0.1497006,-0.2948886,10.373388300000002,-0.3830189774857544,1,0.5937671344668678,-1.4251024855482697,3,-1.4173231821447216
5.813,0.1497006,-0.37268190000000007,10.4797287,-0.3628405021678702,1,1.261154707367761,-1.4310693613854988,3,-1.4401725569201917
5.829,0.16912439999999998,-0.37268190000000007,10.4812002,-0.3430230631547495,1,1.2385899383200438,-1.4367162699080798,3,-1.4631148419705404
5.844,0.1032993,-0.4116276,10.4812002,-0.3235824125766147,1,1.2960433718756057,-1.4417158109760653,3,-1.4847030825771723
5.86,0.1032993,-0.4116276,10.4812002,-0.3045229512255023,1,1.1912163344445215,-1.4467406538864822,3,-1.5078107342960727
5.875,0.1212516,-0.36375480000000004,10.6459101,-0.28264065185062925,1,1.4588199583249024,-1.451144380909553,3,-1.5295448720570426
5.891,0.1272357,-0.36375480000000004,10.6818147,-0.26048249617160657,1,1.3848847299389164,-1.455489366093731,3,-1.5527979420330689
5.907,0.09584369999999999,-0.34580249999999996,10.6818147,-0.23877692179315524,1,1.356598398653207,-1.4594834414374491,3,-1.5761177244933184
5.922,0.09584369999999999,-0.3503151,10.7401842,-0.2163502228151053,1,1.4951132652033614,-1.462896895022011,3,-1.598035577016764
5.938,0.142245,-0.3503151,10.801496700000001,-0.19315171862055713,1,1.449906512159259,-1.4661729105534962,3,-1.621468135461368
5.954,0.16912439999999998,-0.3338343,10.801496700000001,-0.1704107229902938,1,1.4213122268914566,-1.469081410086383,3,-1.644950170026487
5.969,0.16912439999999998,-0.3338343,10.801496700000001,-0.148115629235134,1,1.4863395836772644,-1.4714703577280737,3,-1.6670043082850963
5.985,0.16912439999999998,-0.3278502,10.767063600000002,-0.12693605010562692,1,1.3237236955941911,-1.4736707711627997,3,-1.6905654373162233
6.0,0.17069399999999998,-0.3278502,10.8150345,-0.1052312168824514,1,1.446988881545065,-1.4754120256652101,3,-1.712683558292433
6.016,0.16765290000000002,-0.318825,10.823961599999999,-0.08378324431054196,1,1.3404982857443393,-1.476924141354754,3,-1.7363022476285925
6.032,0.1497006,-0.31284090000000003,10.8270027,-0.06270480086613439,2,1.317402715275472,-1.4780960457161674,3,-1.7599424091251599
6.047,0.1497006,-0.31284090000000003,10.8270027,-0.04203966023436223,2,1.3776760421181735,-1.4788816291744211,3,-1.7821197416868388
6.063,0.1511721,-0.31284090000000003,10.8898848,-0.02054696613217466,2,1.343293381386722,-1.4793823221853535,3,-1.8057858532977171
6.079,0.17667810000000003,-0.3098979,10.8898848,0.0005301778230659693,2,1.3173214972025382,-1.4795424564918263,3,-1.8294572515271346
6.094,0.1406754,-0.3487455,10.9946556,0.023259903492064637,2,1.5153150445998538,-1.4793640308819627,3,-1.8516490501824387
6.11,0.1406754,-0.3487455,10.9946556,0.045543948265592604,2,1.3927527983454966,-1.4788136000679013,3,-1.8753144712300376
6.125,0.1302768,-0.37268190000000007,10.9946556,0.0674039288769901,3,1.4573320407598638,-1.477966490989332,3,-1.8974903219129664
6.141,0.1302768,-0.38621970000000005,10.9437417,0.08784681425100338,3,1.2776803358758293,-1.476724485044308,3,-1.9211278497212356
6.157,0.1332198,-0.38621970000000005,11.0155509,0.10929660273477637,3,1.3406117802358108,-1.4751473377084217,3,-1.9447428243032574
6.172,0.0673947,-0.344331,11.0155509,0.1302868415962255,3,1.3993492574299717,-1.4733504618759392,3,-1.9668565578001396
6.188,0.0673947,-0.3427614,10.958751000000001,0.1497513867458551,3,1.216534071851848,-1.4711101560492026,3,-1.9904122427435407
6.204,0.11978010000000001,-0.37572300000000003,10.9916145,0.1695081823454352,3,1.2347997249737552,-1.4685560794964723,3,-2.013929572627906
6.219,0.09584369999999999,-0.3202965,11.0290887,0.18957304810666464,3,1.3376577174152464,-1.4658629702680814,3,-2.035937715501141
6.235,0.09584369999999999,-0.3202965,11.0290887,0.2092444851274795,3,1.2294648138009279,-1.4626724300022083,3,-2.0593659987033033
6.25,0.09584369999999999,-0.3218661,11.0155509,0.22826577932144687,3,1.2680862795978514,-1.4593911030188413,3,-2.0812814752009605
6.266,0.1482291,-0.3218661,10.966206600000001,0.24595844806825617,3,1.1057917966755806,-1.4555973091997236,3,-2.104601382498709
6.282,0.1332198,-0.3218661,10.966206600000001,0.2633004270577075,3,1.0838736868407075,-1.451523238198716,3,-2.1278583468778964
6.297,0.1332198,-0.3173535,10.9437417,0.2798595187146731,3,1.1039394437977277,-1.4474495386054231,3,-2.149600642703927
6.313,0.1497006,-0.3173535,10.9511973,0.296244210511869,3,1.0240432373247446,-1.4428407087716109,3,-2.172722964682943
6.329,0.1661814,-0.37866600000000006,10.9511973,0.31235047216473966,3,1.0066413533044152,-1.437971951310198,3,-2.195769465963598
6.344,0.1661814,-0.3427614,10.9138212,0.32738533084174115,3,1.0023239118000618,-1.4331739327876494,3,-2.2173030600943324
6.36,0.1302768,-0.36973890000000004,10.9826874,0.34348254136897083,3,1.006075657951854,-1.4278069898099637,3,-2.2401909074751134
6.375,0.1302768,-0.36973890000000004,10.930302000000001,0.35823761246226304,3,0.983671406219502,-1.4225440886562295,3,-2.2615685405636095
6.391,0.1466595,-0.33226469999999997,10.930302000000001,0.372683853465956,3,0.9028900627308093,-1.4166967169288038,3,-2.28428246700829
6.407,0.1466595,-0.33981839999999996,10.918333800000001,0.38661684981447664,3,0.8708122717825387,-1.4106223113025604,3,-2.306901019234141
6.422,0.1302768,-0.33981839999999996,10.9078371,0.4000668752752805,3,0.8966683640536105,-1.4047221833643875,3,-2.3280161029441424
6.438,0.10477080000000001,-0.37268190000000007,10.9078371,0.41326882261179776,3,0.8251217085323274,-1.3982154977812908,3,-2.350439604393308
6.454,0.10477080000000001,-0.34580249999999996,10.8569232,0.42519679858474113,3,0.7454984983089601,-1.3915077728117184,3,-2.372757390558052
6.469,0.12272310000000002,-0.34580249999999996,10.873404,0.43721754735285323,3,0.8013832512074429,-1.3850396652171861,3,-2.3935814963432698
6.485,0.1078119,-0.34128990000000003,10.873404,0.448996703385216,3,0.7361972520226738,-1.3779499512112816,3,-2.4156854132746974
6.5,0.1078119,-0.32333760000000006,10.9347165,0.4617357620933422,3,0.8492705805417644,-1.3711194577201926,3,-2.436303433841683
6.516,0.1362609,-0.3202965,10.8853722,0.47326246049305354,3,0.7204186499819569,-1.3636394719395015,3,-2.4581815052789606
6.532,0.1586277,-0.3202965,10.8569232,0.48401156024406156,3,0.6718187344380006,-1.3559812797736046,3,-2.4799384712926655
6.547,0.173637,-0.32333760000000006,10.8569232,0.4945561607301414,3,0.7029733657386722,-1.3486420218662982,3,-2.500223146054964
6.563,0.173637,-0.3143124,10.8000252,0.5037737763507515,3,0.5761009762881292,-1.340655382369651,3,-2.521737525288852
6.579,0.173637,-0.3143124,10.8000252,0.512810654410174,3,0.5648048787139087,-1.3325227069235637,3,-2.5431229500031978
6.594,0.1466595,-0.36669779999999996,10.8150345,0.5219889682903602,3,0.6118875920123898,-1.3247617097533093,3,-2.563052583128275
6.61,0.1466595,-0.3338343,10.8719325,0.5320814753572414,3,0.6307816916800707,-1.3163291462041284,3,-2.5841813099759343
6.625,0.1526436,-0.3338343,10.8643788,0.541829676973455,3,0.6498801077475866,-1.3082748125616483,3,-2.6038658396666774
6.641,0.1526436,-0.3338343,10.8643788,0.5513867373815078,3,0.5973162755033007,-1.2995290812468085,3,-2.624728270817145
6.657,0.17069399999999998,-0.347274,10.8643788,0.5607699233899659,3,0.5864491255286314,-1.2906318279606368,3,-2.6454495580908044
6.672,0.1272357,-0.3532581,10.788057,0.568465622703771,3,0.5130466209203505,-1.282162561364934,3,-2.6647455160107456
6.688,0.1212516,-0.34580249999999996,10.819547100000001,0.5766214398396059,3,0.5097385709896813,-1.2730018648645869,3,-2.685186831420582
6.704,0.16166880000000003,-0.3592422,10.819547100000001,0.5846362748768552,3,0.5009271898280816,-1.2637118031468553,3,-2.7054805407646736
6.719,0.16166880000000003,-0.34580249999999996,10.7401842,0.5909302151400961,3,0.41959601754937925,-1.2548950544717279,3,-2.7243700921968137
6.735,0.16166880000000003,-0.34580249999999996,10.7401842,0.5971007448099392,3,0.38565810436519377,-1.2453908067921275,3,-2.7443723790869248
6.75,0.12272310000000002,-0.34580249999999996,10.8000252,0.6043128520698335,3,0.48080715065963,-1.2363802048155295,3,-2.762985661673982
6.766,0.1482291,-0.36375480000000004,10.8000252,0.6114013712513309,3,0.4430324488435829,-1.22665449102896,3,-2.7826899392407376
6.782,0.1482291,-0.33530580000000004,10.759608,0.6175408214942895,3,0.38371564018491144,-1.2168229534869952,3,-2.802237758796865
6.797,0.1406754,-0.33530580000000004,10.8074808,0.6244960521904055,3,0.4636820464077454,-1.2075076769343602,3,-2.820420238525025
6.813,0.2006145,-0.35178660000000006,10.8074808,0.6313437169319549,3,0.42797904634683764,-1.1974609587813814,3,-2.839659987610751
6.829,0.13469129999999999,-0.3262806,10.7731458,0.6373485197625168,3,0.3753001769101202,-1.1873114208878255,3,-2.858738166648105
6.844,0.13469129999999999,-0.33530580000000004,10.7506809,0.6428007719938584,3,0.36348348208942644,-1.1777103011996524,3,-2.876475829563762
6.86,0.1332198,-0.33530580000000004,10.749111300000001,0.6481149988575865,3,0.3321391789830039,-1.1673829750328408,3,-2.895236575773622
6.875,0.1212516,-0.3098979,10.749111300000001,0.6533073048871465,3,0.34615373530400745,-1.1576223077547556,3,-2.9126741153945286
6.891,0.1212516,-0.3202965,10.6937829,0.657319457438259,3,0.25075953444453325,-1.1471372936561524,3,-2.931112192205816
6.907,0.1661814,-0.3202965,10.671318000000001,0.6608245364464072,3,0.21906743800925702,-1.136592141705075,3,-2.9493820276887055
6.922,0.15421320000000002,-0.33530580000000004,10.671318000000001,0.6642664026241327,3,0.2294577451817097,-1.1266539596620462,3,-2.9663563734489586
6.938,0.15421320000000002,-0.3562992,10.7206623,0.668621010358553,3,0.2721629834012693,-1.1159908603581847,3,-2.9842975320091205
6.954,0.1466595,-0.3562992,10.755095400000002,0.6735628812075216,3,0.3088669280605358,-1.1052533892256562,3,-3.0020674860057914
6.969,0.1287072,-0.38621970000000005,10.755095400000002,0.6784235873986493,3,0.3240470794084985,-1.0951134907111095,3,-3.0185702376053176
6.985,0.1302768,-0.3771945,10.744696800000002,0.6829793259263077,3,0.28473365797865274,-1.0842222674045099,3,-3.0360049236702427
7.0,0.1257642,-0.3547296,10.662292800000001,0.6858149227817307,3,0.18903979036153776,-1.0739563105391998,3,-3.0521912630048202
7.016,0.1257642,-0.3547296,10.662292800000001,0.6885949196988115,3,0.1737498073175468,-1.0629610317993554,3,-3.0692866017435287
7.032,0.11673900000000001,-0.3876912,10.662292800000001,0.6913408819766449,3,0.1716226423645882,-1.0519215453859518,3,-3.086205662361011
7.047,0.11673900000000001,-0.36669779999999996,10.7626491,0.6959849516994847,3,0.3096046481893277,-1.041516601633381,3,-3.1019064484636556
7.063,0.1302768,-0.36669779999999996,10.786585500000001,0.7010100407836077,3,0.31406806775768875,-1.0303406416935164,3,-3.118481306410271
7.079,0.13469129999999999,-0.3338343,10.786585500000001,0.7059167492071854,3,0.30666927647360315,-1.01908522737359,3,-3.1348767133628077
7.094,0.13469129999999999,-0.315882,10.7686332,0.7103648246423262,3,0.2965383623427093,-1.0084631155697183,3,-3.150083325934883
7.11,0.1212516,-0.315882,10.767063600000002,0.7146917915516386,3,0.2704354318320277,-0.9970626626401666,3,-3.166127532160562
7.125,0.145188,-0.315882,10.767063600000002,0.7189397201389678,3,0.28319523915528216,-0.9863104263024872,3,-3.181002830327632
7.141,0.15421320000000002,-0.3053853,10.7162478,0.72210499705883,3,0.19782980749138962,-0.9747820685649048,3,-3.196691570286571
7.157,0.15421320000000002,-0.3547296,10.7146782,0.7252072358203918,3,0.1938899225976119,-0.963203570701871,3,-3.212195455400705
7.172,0.1212516,-0.3547296,10.6668054,0.7273022378688925,3,0.13966680323338035,-0.9523097496492016,3,-3.2265618053033376
7.188,0.16912439999999998,-0.32333760000000006,10.6668054,0.7293493781364813,3,0.1279462667242991,-0.9406565367211586,3,-3.2417055355943005
7.204,0.16912439999999998,-0.3712104,10.7146782,0.7323249183004403,3,0.18597126024744154,-0.9289631423496632,3,-3.2566624930268673
7.219,0.1466595,-0.3712104,10.765592100000001,0.736233251194335,3,0.26055552625963646,-0.917948956078452,3,-3.2705143337650786
7.235,0.1466595,-0.3712104,10.765592100000001,0.7400649501099181,3,0.23948118222394377,-0.9061385704680179,3,-3.28510703397745
7.25,0.1272357,-0.3771945,10.7102637,0.74273662595259,3,0.17811172284479823,-0.8950175586475494,3,-3.2986157049458167
7.266,0.1377324,-0.3771945,10.650324600000001,0.7441840134834052,3,0.0904617206759494,-0.8831221935320615,3,-3.3128408229632536
7.297,0.1497006,-0.3817071,10.654837200000001,0.7456977522945394,3,0.04883028423013424,-0.8600290261625035,3,-3.339859666868519
7.297,0.1377324,-0.3652263,10.654837200000001,0.7471673278879276,3,0.0,-0.8600290261625035,3,-3.339859666868519
7.313,0.1377324,-0.3652263,10.654837200000001,0.7486080882736026,3,0.090047524104686,-0.8480628228332113,3,-3.353524401660485
7.329,0.1377324,-0.33981839999999996,10.6218756,0.7493582034429505,3,0.0468821980842415,-0.8360790924994789,3,-3.3669975369831464
7.344,0.1661814,-0.3278502,10.617461100000002,0.7500077078811032,3,0.04330029587684528,-0.8248338481645481,3,-3.379454384038127
7.36,0.1661814,-0.3278502,10.617461100000002,0.7506444769381169,3,0.03979806606335675,-0.8128286306859943,3,-3.3925556838689315
7.375,0.1511721,-0.290376,10.5650757,0.7502163091407645,3,-0.028544519823489285,-0.801572174790403,3,-3.404663689910004
7.391,0.1377324,-0.318825,10.5650757,0.7498090099186481,3,-0.025456201382278974,-0.7895719722379276,3,-3.4173928430862306
7.407,0.1377324,-0.33530580000000004,10.554579000000002,0.7492139987421034,3,-0.037188198534043836,-0.7775797881686416,3,-3.429930057169483
7.422,0.1377324,-0.33530580000000004,10.554579000000002,0.7486306544513734,3,-0.03888961938199588,-0.7663459532696908,3,-3.4415095002302705
7.438,0.11526750000000001,-0.33530580000000004,10.4677605,0.7463521161054132,3,-0.14240864662251593,-0.7543860911052365,3,-3.45367535658527
7.454,0.113796,-0.2918475,10.472175,0.7441789460153938,3,-0.13582313062621132,-0.74246184260827,3,-3.465650140054978
7.469,0.1332198,-0.32333760000000006,10.472175,0.7420710036106772,3,-0.14052949364776582,-0.731314967986074,3,-3.476703466134436
7.485,0.1332198,-0.31284090000000003,10.4034069,0.7386504659377309,3,-0.21378360455914772,-0.7194691962296867,3,-3.488309739448162
7.5,0.13469129999999999,-0.31284090000000003,10.383885000000001,0.7349147919632326,3,-0.2490449316332223,-0.7084174567954298,3,-3.4990188893458503
7.516,0.1078119,-0.37866600000000006,10.383885000000001,0.731289165304366,3,-0.22660166617916014,-0.696687825137289,3,-3.510259731601312
7.532,0.1078119,-0.3503151,10.3225725,0.7265136762853199,3,-0.2984680636903822,-0.6850254024045715,3,-3.521313437421647
7.547,0.142245,-0.3503151,10.3120758,0.72163431702573,3,-0.32529061730600245,-0.6741642924547389,3,-3.5315073601330917
7.563,0.1078119,-0.3817071,10.3120758,0.7168642831601151,3,-0.2981271166009322,-0.6626563036532521,3,-3.542201924901956
7.579,0.1078119,-0.3996594,10.283626800000002,0.7116437317681719,3,-0.32628446199645084,-0.6512282395338258,3,-3.5527130012474526
7.594,0.1302768,-0.3278502,10.256649300000001,0.7059522107863749,3,-0.37943473211978074,-0.6405962699646663,3,-3.5624016850686915
7.61,0.1302768,-0.3278502,10.256649300000001,0.7003722882552008,3,-0.34874515819838214,-0.6293456739723338,3,-3.5725612206201873
7.625,0.1392039,-0.31284090000000003,10.256649300000001,0.6948948875588083,3,-0.3651600464261721,-0.6188811701537289,3,-3.581922921951133
7.641,0.1392039,-0.34128990000000003,10.244681100000001,0.6893081451092087,3,-0.34917140309997896,-0.6078075458923847,3,-3.591736431679502
7.657,0.16912439999999998,-0.34128990000000003,10.148935500000002,0.6819637129085816,3,-0.45902701253919226,-0.5968373710282424,3,-3.601373591014867
7.672,0.09427410000000001,-0.31284090000000003,10.148935500000002,0.6747262898232176,3,-0.48249487235761124,-0.5866621960077542,3,-3.6102498377676366
7.688,0.09427410000000001,-0.3053853,10.0710441,0.6660998069439099,3,-0.5391551799567291,-0.5759355872336172,3,-3.6195506200335674
7.704,0.1437165,-0.3053853,10.080069300000002,0.6578307849185983,3,-0.5168138765819781,-0.5653441424987171,3,-3.628680857871426
7.719,0.1437165,-0.344331,10.0965501,0.6500714278628763,3,-0.5172904703814437,-0.5555348759028557,3,-3.637087450509438
7.735,0.1437165,-0.344331,10.0965501,0.6424642150631481,3,-0.4754507999830122,-0.5451945907594474,3,-3.6458932862427362
7.75,0.1032993,-0.3367773,10.0830123,0.6347261972443263,3,-0.5158678545881292,-0.5356156626671416,3,-3.6539993631434355
7.766,0.11673900000000001,-0.3367773,10.092037500000002,0.6273196332225481,3,-0.4629102513611368,-0.5255192960234065,3,-3.66248844281296
7.782,0.1362609,-0.3487455,10.092037500000002,0.620071055859734,3,-0.45303608517588373,-0.5155401705107483,3,-3.670816918545233
7.797,0.1362609,-0.36973890000000004,9.990209700000001,0.6109841618482914,3,-0.605792934096185,-0.5063072563779387,3,-3.678480774246898
7.813,0.1466595,-0.36973890000000004,9.987266700000001,0.6020206668978272,3,-0.5602184344040135,-0.4966032177479705,3,-3.6865040580399056
7.829,0.11526750000000001,-0.3831786,9.987266700000001,0.5932347870225492,3,-0.5491174922048754,-0.48704117411660747,3,-3.6943732131748224
7.844,0.11526750000000001,-0.38023560000000006,9.967744800000002,0.5842364963662732,3,-0.5998860437517105,-0.47821013949119096,3,-3.7016125980268813
7.86,0.1511721,-0.38023560000000006,9.833053500000002,0.57278529126088,3,-0.7157003190870752,-0.46895396519017374,3,-3.7091899108643323
7.875,0.15568469999999998,-0.3847482,9.833053500000002,0.5615634378169307,3,-0.7481235629299636,-0.46044634972209036,3,-3.716160413226174
7.891,0.15568469999999998,-0.3427614,9.9184005,0.5522034461163674,3,-0.5849994812852083,-0.451536214650624,3,-3.7234562737411556
7.907,0.1571562,-0.36375480000000004,9.922913099999999,0.5431305000732838,3,-0.5670591276927256,-0.4427735430811068,3,-3.7306107518030096
7.922,0.15421320000000002,-0.36375480000000004,9.948321,0.5347323509695592,3,-0.5598766069149856,-0.43468957169828565,3,-3.737191725163855
7.938,0.15421320000000002,-0.36375480000000004,9.948321,0.5264988714561021,3,-0.5145924695910682,-0.42619972191888034,3,-3.744078839512792
7.954,0.22455090000000003,-0.2843919,9.948321,0.5184024129664966,3,-0.506028655600343,-0.41784051164349956,3,-3.7508311613812912
7.969,0.22455090000000003,-0.3248091,9.827069400000001,0.5081133671183746,3,-0.6859363898747712,-0.41014164329286273,3,-3.7570410275433144
7.985,0.13469129999999999,-0.3248091,9.848062800000001,0.4984052578227516,3,-0.6067568309764398,-0.40208949429333374,3,-3.763538876644004
8.0,0.1406754,-0.3487455,9.803133,0.488024850222061,3,-0.6920271733793874,-0.3946912684829978,3,-3.7695147323648266
8.016,0.1406754,-0.3487455,9.803133,0.47784798002530593,3,-0.6360543872971908,-0.38696428584101883,3,-3.775767976799419
8.032,0.1062423,-0.3487455,9.8136297,0.4680678351593741,3,-0.611259054120738,-0.37939695931954137,3,-3.781898866760703
8.047,0.11821050000000001,-0.37268190000000007,9.8136297,0.45849937799854246,3,-0.6378971440554195,-0.37244770522085674,3,-3.7875377017447565
8.063,0.11821050000000001,-0.318825,9.900448200000001,0.4507826694918027,3,-0.48229428167123567,-0.36517344884093395,3,-3.7934386709772507
8.079,0.1107549,-0.3487455,9.8644455,0.4425298944742533,3,-0.5157984385968368,-0.3580269483292055,3,-3.799224274154612
8.094,0.1571562,-0.3487455,9.8225568,0.4336305572443635,3,-0.5932891486593665,-0.35145574494131643,3,-3.8045453943541405
8.11,0.15421320000000002,-0.3996594,9.8225568,0.4249428024415991,3,-0.5429846751727747,-0.3445871580638287,3,-3.8101137375781815
8.125,0.15421320000000002,-0.36375480000000004,9.7612443,0.41519683329295987,3,-0.6497312765759242,-0.3382861107958193,3,-3.815235287094629
8.141,0.1257642,-0.36375480000000004,9.836094600000001,0.40710049011135396,3,-0.5060214488503685,-0.33170773220858474,3,-3.8205952378386643
8.157,0.1586277,-0.3503151,9.836094600000001,0.39916264899603426,3,-0.49611506970748076,-0.32525762709572564,3,-3.825850960713099
8.172,0.1586277,-0.3712104,9.788123700000002,0.390455656097501,3,-0.5804661932355295,-0.3193354898075239,3,-3.8306854090898734
8.188,0.1062423,-0.3712104,9.836094600000001,0.3828453806008554,3,-0.4756422185403504,-0.31314908151393706,3,-3.8357452856604453
8.204,0.1661814,-0.35178660000000006,9.836094600000001,0.37538660243248856,3,-0.46617363552292584,-0.3070832256496703,3,-3.8407071441177543
8.219,0.1661814,-0.3023442,9.8495343,0.368305223102535,3,-0.4720919553302756,-0.30150553695815807,3,-3.8452715598373124
8.235,0.11673900000000001,-0.3307932,9.806076000000001,0.36051511584553353,3,-0.4868817035625912,-0.2956749742465735,3,-3.85004900392695
8.25,0.13469129999999999,-0.3307932,9.8016615,0.352795764172841,3,-0.5146234448461507,-0.2903251426464355,3,-3.8544440048036477
8.266,0.1317483,-0.3278502,9.8016615,0.34522505097669587,3,-0.47316957475906873,-0.2847409761252392,3,-3.859044533753821
8.282,0.1317483,-0.3592422,9.777627,0.33735343696676345,3,-0.4919758756207755,-0.2792803482216915,3,-3.8635567043485963
8.297,0.145188,-0.3592422,9.851005800000001,0.331077577359153,3,-0.4183906405073479,-0.27426711561424694,3,-3.867708310327366
8.313,0.1406754,-0.3876912,9.851005800000001,0.32494462157707815,3,-0.38330973637967747,-0.26901893802275706,3,-3.872054598756462
8.329,0.1406754,-0.35178660000000006,9.7956774,0.3178214528079426,3,-0.44519804807097124,-0.2638768094276769,3,-3.8763177647360654
8.344,0.142245,-0.35178660000000006,9.8196138,0.3113073884172408,3,-0.4342709593801543,-0.2591583431184884,3,-3.880240528380161
8.36,0.1631403,-0.34580249999999996,9.8196138,0.30492325227177375,3,-0.3990085090916914,-0.25422849799297625,3,-3.884347623109053
8.375,0.1631403,-0.3503151,9.830012400000001,0.29887116572600725,3,-0.40347243638441804,-0.24970003985799272,3,-3.8881270871429354
8.391,0.11673900000000001,-0.3817071,9.803133,0.2924210940563814,3,-0.4031294793516157,-0.24496970177973362,3,-3.8920844450760375
8.407,0.1302768,-0.3817071,9.891423,0.2878305620806394,3,-0.2869082484838745,-0.24032768853063746,3,-3.8959668241985206
8.422,0.1317483,-0.2754648,9.891423,0.28326126583306,3,-0.30461974983861523,-0.23604449982128456,3,-3.89953961561116
8.438,0.1317483,-0.3053853,9.759674700000001,0.27621695902544907,3,-0.4402691754756823,-0.2315686740224165,3,-3.9032805210019097
8.454,0.1078119,-0.3053853,9.907903800000001,0.27220989690781927,3,-0.2504413823518623,-0.22718125917495033,3,-3.906950520467489
8.469,0.08377740000000002,-0.315882,9.907903800000001,0.2682833000040983,3,-0.26177312691475385,-0.22312756019811128,3,-3.9103278366127867
8.485,0.08377740000000002,-0.41466870000000006,9.8824959,0.2640073151339699,3,-0.2672490543830228,-0.21886923527700672,3,-3.9138638109765878
8.5,0.10477080000000001,-0.41466870000000006,9.910846800000002,0.26037447787461154,3,-0.24218915062388202,-0.2149363718294422,3,-3.9171173530298864
8.516,0.113796,-0.3622833,9.910846800000002,0.2567745940719526,3,-0.22499273766618513,-0.21079917925386968,3,-3.920523237438553
8.532,0.1571562,-0.37268190000000007,9.821085300000002,0.2515059109158315,3,-0.32929269725756577,-0.2067329352139674,3,-3.9238634943542956
8.547,0.1571562,-0.37866600000000006,9.854046900000002,0.24699076505289774,3,-0.3010097241955738,-0.2029942101442018,3,-3.926936447944482
8.563,0.15568469999999998,-0.37866600000000006,9.831582000000001,0.24212358619613106,3,-0.30419867854791754,-0.19908129533420957,3,-3.9301530519883094
8.579,0.173637,-0.34128990000000003,9.831582000000001,0.23733092122811605,3,-0.29954156050093744,-0.19524565927481558,3,-3.9333076676251815
8.594,0.173637,-0.34128990000000003,9.831582000000001,0.23263223008300393,3,-0.31324607634083335,-0.19172093563998246,3,-3.936209917087042
8.61,0.1482291,-0.3503151,9.8824959,0.22902131021435856,3,-0.2256824917903353,-0.18802770731760357,3,-3.939247906230703
8.625,0.1661814,-0.35178660000000006,9.8824959,0.225487812123502,3,-0.23556653939042896,-0.1846188889000695,3,-3.9420427557023356
8.641,0.1661814,-0.3562992,9.842078700000002,0.22123490055187567,3,-0.26580697322664526,-0.18104510719866648,3,-3.9449680676711254
8.657,0.1661814,-0.3562992,9.842078700000002,0.21706537940322335,3,-0.2605950717907699,-0.17753870495902568,3,-3.947836738168387
8.672,0.16019730000000001,-0.3562992,9.883967400000001,0.21379637314657174,3,-0.21793375044343224,-0.1743072418149021,3,-3.9504755827691915
8.688,0.173637,-0.3503151,9.883967400000001,0.21059172094316025,3,-0.2002907627132176,-0.17091213706218422,3,-3.9532373378002084
8.704,0.21856680000000003,-0.3262806,9.8794548,0.20736284042460618,3,-0.20180503240962971,-0.1675685005712421,3,-3.9559451829012757
8.719,0.21856680000000003,-0.344331,9.8464932,0.203563519666357,3,-0.2532880505499658,-0.1644865528705601,3,-3.958435595802089
8.735,0.1212516,-0.344331,9.8255979,0.19939636440679465,3,-0.2604472037226466,-0.16126287379797488,3,-3.9610415912154373
8.75,0.13469129999999999,-0.3831786,9.8255979,0.19534252553354747,3,-0.27025592488313466,-0.1583023321234222,3,-3.963438330259848
8.766,0.13469129999999999,-0.36071369999999997,9.8854389,0.19252397109063857,3,-0.1761596526818064,-0.1551994001504287,3,-3.9659463441180387
8.782,0.1002582,-0.36071369999999997,9.8120601,0.18831490346012458,3,-0.26306672690712385,-0.1521526891540226,3,-3.968405160832474
8.797,0.0793629,-0.37572300000000003,9.8120601,0.18419565523318937,3,-0.27461654846233713,-0.14935885996382264,3,-3.9706664974508583
8.813,0.0793629,-0.3847482,9.8615025,0.18113271555306376,3,-0.1914337300078504,-0.1464362329975326,3,-3.973032858194549
8.829,0.059841000000000005,-0.3847482,9.8794548,0.17847886628953802,3,-0.16586557897035878,-0.1435593403427918,3,-3.9753528227812716
8.844,0.1122264,-0.36669779999999996,9.8794548,0.1758725414426845,3,-0.17375498979024898,-0.14090170478480035,3,-3.977486280619728
8.86,0.1332198,-0.35777070000000005,9.901919700000002,0.17375617784697894,3,-0.1322727247315968,-0.13810467503048304,3,-3.9797183316582503
8.875,0.1332198,-0.34128990000000003,9.855518400000001,0.17076070830318102,3,-0.1996979695865207,-0.13552079838435674,3,-3.9817705227088616
8.891,0.10477080000000001,-0.34128990000000003,9.862974000000001,0.16796333532749053,3,-0.17483581098065565,-0.13281100603531135,3,-3.983917177144219
8.907,0.1317483,-0.3053853,9.862974000000001,0.16520408592632307,3,-0.17245308757296557,-0.13014566666528085,3,-3.9860208305258236
8.922,0.1317483,-0.3173535,9.860031000000001,0.1624486726595631,3,-0.1836942177839922,-0.12768827097588661,3,-3.9879545850581324
8.938,0.2006145,-0.3173535,9.803133,0.15865519580767184,3,-0.2370923032432024,-0.12511944002814873,3,-3.989977046746165
8.954,0.1646118,-0.36375480000000004,9.803133,0.15495454311192525,3,-0.23129079348416218,-0.12261056211679194,3,-3.9919588867633244
8.969,0.1646118,-0.3278502,9.836094600000001,0.15194749272582975,3,-0.20047002573971615,-0.12030879684800896,3,-3.9937807819555604
8.985,0.16765290000000002,-0.3278502,9.7866522,0.14803163379037976,3,-0.24474118346562412,-0.1179089638358793,3,-3.9956865240410315
9.0,0.145188,-0.34580249999999996,9.839037600000001,0.1452240426655358,3,-0.18717274165625736,-0.11570954626245986,3,-3.9974386628667693
9.016,0.12272310000000002,-0.36973890000000004,9.839037600000001,0.14248256323812747,3,-0.17134246421302,-0.11340789341523055,3,-3.9992716023841908
9.032,0.12272310000000002,-0.3532581,9.8165727,0.13934280452284575,3,-0.19623491970510704,-0.11115329047314276,3,-4.001068091855298
9.047,0.1482291,-0.3532581,9.8091171,0.13612542962172114,3,-0.21449166007496617,-0.10908727871705844,3,-4.0027198961242245
9.063,0.11526750000000001,-0.36071369999999997,9.8091171,0.13296778263302045,3,-0.197352936793793,-0.1069345330190205,3,-4.004448070618113
9.079,0.11526750000000001,-0.40417200000000003,9.776155500000002,0.12925953427657966,3,-0.23176552227754924,-0.10483671448374371,3,-4.006142240598135
9.094,0.0928026,-0.40417200000000003,9.8405091,0.12688002239280038,3,-0.15863412558529763,-0.10291566780872351,3,-4.007700383465329
9.11,0.17069399999999998,-0.3427614,9.8405091,0.12452193707506076,3,-0.14738033235872625,-0.10090445213298062,3,-4.009330944424862
9.125,0.17069399999999998,-0.33981839999999996,9.833053500000002,0.12206200974694781,3,-0.16399515520752406,-0.09905507253181549,3,-4.010830640859848
9.141,0.1482291,-0.33981839999999996,9.891423,0.12078687031561763,3,-0.07969621445813584,-0.09711228149131497,3,-4.0123999796920335
9.157,0.1317483,-0.33530580000000004,9.839037600000001,0.11850266526707642,3,-0.1427628155338255,-0.09519796520665341,3,-4.013938461665617
9.172,0.17069399999999998,-0.3173535,9.839037600000001,0.11626331038130289,3,-0.14929032571823014,-0.0934372203892905,3,-4.015353225557587
9.188,0.17069399999999998,-0.3143124,9.7791966,0.11289337789585119,3,-0.21062078034073098,-0.09160396688307328,3,-4.016833555055766
9.204,0.15568469999999998,-0.3143124,9.800091900000002,0.10999406367089826,3,-0.18120713905955804,-0.08982086735053928,3,-4.018284953729635
9.219,0.1107549,-0.3427614,9.800091900000002,0.10715831896544081,3,-0.18904964703051147,-0.08819222448076687,3,-4.01962005191837
9.235,0.1107549,-0.3532581,9.8105886,0.10459115189268431,3,-0.16044794204728138,-0.08649822871390186,3,-4.021017575543927
9.25,0.1392039,-0.3532581,9.8120601,0.10211025384861472,3,-0.16539320293796644,-0.08494796817084206,3,-4.0223034220205625
9.266,0.19610190000000002,-0.31136939999999996,9.8120601,0.09966925232825474,3,-0.15256259502249833,-0.0833337321214271,3,-4.0236496756229005
9.282,0.19610190000000002,-0.31136939999999996,9.8120601,0.09727611358280264,3,-0.14957117159075647,-0.08175816919413864,3,-4.024970410833425
9.297,0.19610190000000002,-0.33824879999999996,9.8196138,0.09509532735398452,3,-0.14538574858786923,-0.08031538338711268,3,-4.0261859624777845
9.313,0.0928026,-0.3487455,9.776155500000002,0.09208317581479797,3,-0.18825947119915903,-0.07881795536176242,3,-4.027459029187775
9.329,0.1511721,-0.3547296,9.776155500000002,0.08914857533457798,3,-0.18341253001374885,-0.07736810135256741,3,-4.02870851764149
9.344,0.1511721,-0.37572300000000003,9.8105886,0.08696146396307292,3,-0.1458074247670163,-0.07604727605783514,3,-4.029859132972067
9.36,0.1511721,-0.37572300000000003,9.8105886,0.08481723712826472,3,-0.134014177175512,-0.07467304644910444,3,-4.031064895552123
9.375,0.142245,-0.37572300000000003,9.834525,0.08318138768084538,3,-0.10905662982795229,-0.07341305676303607,3,-4.032175541326214
9.391,0.1362609,-0.347274,9.834525,0.08155546495718369,3,-0.1016201702288554,-0.07209516194193183,3,-4.033339607075853
9.407,0.1362609,-0.37866600000000006,9.833053500000002,0.07995529439265603,3,-0.10001066028297859,-0.07080307586713311,3,-4.034482792978326
9.422,0.1437165,-0.37866600000000006,9.836094600000001,0.0784481580928027,3,-0.10047575332355145,-0.06961504997349213,3,-4.035535928922131
9.438,0.1631403,-0.38023560000000006,9.836094600000001,0.07697769542348532,3,-0.09190391683233648,-0.06837164314536183,3,-4.036639822467081
9.454,0.1631403,-0.3622833,9.848062800000001,0.07575726991687759,3,-0.07627659416298276,-0.06714976342263893,3,-4.037723993719625
9.469,0.173637,-0.3622833,9.7851807,0.0733323395294665,0,-0.16166202582741934,-0.06553159135179143,3,-4.0387191038804335
9.485,0.1406754,-0.34580249999999996,9.7956774,0.07113857003807311,0,-0.1371105932120863,-0.06387582407525111,3,-4.0397543632038495
9.5,0.09584369999999999,-0.2738952,9.7956774,0.06893263699726582,0,-0.1470622027204808,-0.06232529002248603,3,-4.040700871559583
9.516,0.09584369999999999,-0.261927,9.803133,0.06690967108659152,0,-0.12643536941714373,-0.06073855155781517,3,-4.041685382292226
9.532,0.10477080000000001,-0.261927,9.8824959,0.06648365802647938,0,-0.026625816257008748,-0.0591714049249106,3,-4.042644661944087
9.547,0.1781496,-0.2769363,9.8824959,0.06609460335141115,0,-0.025936978337880574,-0.05767706796457639,3,-4.043521025490758
9.563,0.1781496,-0.3487455,9.8375661,0.06487743740306051,0,-0.07607287177191495,-0.05612929163854061,3,-4.044431476367583
9.579,0.15568469999999998,-0.3487455,9.8016615,0.06297318942898222,0,-0.11901549837989289,-0.05460648662388427,3,-4.045317362593682
9.594,0.1511721,-0.3907323,9.8016615,0.06113592529229983,0,-0.12248427577883604,-0.053175668263474724,3,-4.046125728755337
9.61,0.1511721,-0.39818790000000004,9.860031000000001,0.06048399108525082,0,-0.04074588794056307,-0.05170270893245432,3,-4.046964755772905
9.625,0.17069399999999998,-0.3427614,9.848062800000001,0.0595757885817072,0,-0.06054683356957239,-0.0503022605849521,3,-4.047729793044286
9.641,0.21258269999999999,-0.3427614,9.934881299999999,0.060402274314364846,0,0.051655358291102745,-0.04884243608178353,3,-4.0485229506176195
9.657,0.1437165,-0.3771945,9.934881299999999,0.061212804240526,0,0.05065812038507196,-0.0473695154533444,3,-4.0492926462299
9.672,0.1437165,-0.3487455,9.900448200000001,0.061312406084352844,0,0.006640122921789512,-0.04595057637590777,3,-4.049992546918619
9.688,0.11821050000000001,-0.3487455,9.866015100000002,0.060728753378411326,0,-0.03647829412134481,-0.04447424710020566,3,-4.050715945506428
9.704,0.10477080000000001,-0.3532581,9.866015100000002,0.060156714707899184,0,-0.03575241690700889,-0.043007163355515174,3,-4.0514157967900735
9.719,0.10477080000000001,-0.34580249999999996,9.776155500000002,0.05782995523944834,0,-0.1551172978967355,-0.04162226333091014,3,-4.052050517490222
9.735,0.1062423,-0.34580249999999996,9.8464932,0.05692736373125129,0,-0.05641196926231546,-0.04020420477914454,3,-4.052705129235102
9.75,0.1437165,-0.3503151,9.8464932,0.056054915524390125,0,-0.05816321379074213,-0.0388568376847272,3,-4.053298087053581
9.766,0.1437165,-0.34128990000000003,9.8524773,0.055310616200433316,0,-0.04651870774730056,-0.03746591343092861,3,-4.053908669062507
9.782,0.113796,-0.40417200000000003,9.860031000000001,0.05476783536177088,0,-0.03392380241640233,-0.03608528581843097,3,-4.054497078656501
9.797,0.113796,-0.40417200000000003,9.888480000000001,0.054793017158074164,0,0.0016787864202190243,-0.0347635794245321,3,-4.055028445145823
9.813,0.0793629,-0.36973890000000004,9.888480000000001,0.05478471765028026,0,-0.0005187192371192135,-0.033386957546065264,3,-4.055573649441588
9.829,0.0793629,-0.3562992,9.9033912,0.055059091172342534,0,0.01714834512889228,-0.03200820707548428,3,-4.056096810758561
9.844,0.1317483,-0.3562992,9.8615025,0.05451828423512772,0,-0.03605379581432361,-0.030686376759928323,3,-4.056567020137327
9.86,0.1107549,-0.36669779999999996,9.8615025,0.05399049256980959,0,-0.03298697908238332,-0.029318306545488823,3,-4.0570470576037705
9.875,0.1107549,-0.3487455,9.7791966,0.051847568058846605,0,-0.14286163406419355,-0.02802452109077387,3,-4.057477128811042
9.891,0.1631403,-0.3487455,9.922913099999999,0.052576856110055914,0,0.04558050320058178,-0.02668912569742265,3,-4.057914837985348
9.907,0.1631403,-0.3487455,9.922913099999999,0.0532918443955559,0,0.04468676784374899,-0.02534217609337775,3,-4.058331088399674
9.922,0.113796,-0.33824879999999996,9.8689581,0.052914947769519216,0,-0.025126441735777875,-0.024045625152139656,3,-4.058701496909015
9.938,0.113796,-0.33824879999999996,9.8689581,0.05254544127340566,0,-0.02309415600709739,-0.02270194203979626,3,-4.059075477446551
9.954,0.11821050000000001,-0.33530580000000004,9.9138879,0.05306263679155698,0,0.032324719884457814,-0.02135707741527656,3,-4.059427949602191
9.969,0.18266220000000002,-0.3143124,9.8704296,0.0527238290284906,0,-0.022587184204427443,-0.020063678921626263,3,-4.059738605274718
9.985,0.18266220000000002,-0.3143124,9.8704296,0.05239166455489652,0,-0.020760279599629766,-0.018722754972959166,3,-4.060048896745874
10.0,0.18266220000000002,-0.315882,9.8016615,0.050719527715322954,0,-0.11147578930490032,-0.017449421030932492,3,-4.060320188065903
10.016,0.1661814,-0.315882,9.7986204,0.04901484131739586,0,-0.10654289987044309,-0.01615154607867074,3,-4.06058899580278
10.032,0.17069399999999998,-0.3008727,9.7986204,0.04733584405980906,0,-0.10493732859917494,-0.0148807405956531,3,-4.060837254096175
10.047,0.17069399999999998,-0.3023442,9.842078700000002,0.046542247327137076,0,-0.052906448844797074,-0.013676654910250975,3,-4.061051434562469
10.063,0.1781496,-0.3023442,9.9048627,0.04699708242067402,0,0.028427193346058897,-0.012428340272268482,3,-4.061260274523929
