timestamps,acc_x,acc_y,acc_z,aAcc,aStages,aJerk,aVelocity,avStages,aHeight
0.016,0.17667810000000003,-0.2963601,9.7656588,-0.03467516966794193,0,0.0,0.0,0,0.0
0.032,0.1930608,-0.3532581,9.821085300000002,-0.03354613653693583,0,0.07056457068788102,-4.577044963902208e-05,0,-3.661635971121766e-07
0.047,0.2230794,-0.4116276,9.821085300000002,-0.03238225950646978,0,0.07759180203107027,-4.023341996456419e-05,0,-1.0111926191390737e-06
0.063,0.2230794,-0.4116276,9.821085300000002,-0.031241203594248645,0,0.07131599451382087,-4.9221124770311604e-05,1,-1.72682897701808e-06
0.079,0.2230794,-0.35178660000000006,9.821085300000002,-0.030168078609463578,0,0.06707031154906673,-4.049538240000943e-05,1,-2.4445610343806483e-06
0.094,0.0823059,-0.35178660000000006,9.854046900000002,-0.02851300606580942,0,0.1103381695769438,0.0,1,-2.748276402380719e-06
0.11,0.1212516,-0.37572300000000003,9.8255979,-0.027422566814351512,0,0.06815245321611929,-0.0004280881005058442,1,-6.172981206427472e-06
0.125,0.0673947,-0.4027005000000001,9.8255979,-0.02634270164759478,0,0.07199101111711552,-0.0003313276139704415,1,-1.1868599064999615e-05
0.141,0.0673947,-0.3907323,9.8225568,-0.02535305828762091,0,0.06185270999836684,-0.0002448936934521667,1,-1.6478369524380476e-05
0.157,0.0973152,-0.3907323,9.836094600000001,-0.024112680312008195,0,0.07752362347579471,-0.00014061960224919998,1,-1.9562475889991412e-05
0.172,0.08829,-0.33824879999999996,9.836094600000001,-0.02293639824002547,0,0.07841880479884848,0.0,1,-2.0617122906860412e-05
0.188,0.08829,-0.3173535,9.818044200000001,-0.022150557327746512,0,0.04911505701743475,-0.00035418333593162724,1,-2.3450589594313432e-05
0.204,0.11978010000000001,-0.3173535,9.8165727,-0.021402421861646204,0,0.0467584666312693,-0.00020260716944676786,1,-2.790491363734059e-05
0.219,0.1078119,-0.3053853,9.8165727,-0.020679113737427812,0,0.04822054161455938,-1.8218686439823786e-05,1,-2.9561107556490028e-05
0.235,0.1078119,-0.261927,9.771642900000002,-0.02087520724897729,0,-0.012255844471842369,0.0,1,-2.970685704800862e-05
0.25,0.1212516,-0.261927,9.7791966,-0.02091632115195452,0,-0.002740926865148668,-0.00016408971733805275,1,-3.093752992804402e-05
0.266,0.1930608,-0.31136939999999996,9.764187300000001,-0.02119970686951156,0,-0.0177116073473149,-1.0179415097805872e-06,1,-3.2258391198826684e-05
0.282,0.1646118,-0.3592422,9.764187300000001,-0.02145553488687746,0,-0.01598925108536879,0.0,1,-3.2266534730904927e-05
0.297,0.1646118,-0.36071369999999997,9.747706500000001,-0.022028170201981112,0,-0.03817568767357686,-0.00016838766372733252,1,-3.352944220885992e-05
0.313,0.0793629,-0.36071369999999997,9.771642900000002,-0.022141474295963803,0,-0.0070815058739181974,-2.1744819710891802e-05,1,-3.505050207636572e-05
0.329,0.10182780000000001,-0.3173535,9.771642900000002,-0.022277954662065724,0,-0.008530022881370052,0.0,1,-3.5224460634052854e-05
0.344,0.10182780000000001,-0.3771945,9.788123700000002,-0.02204719258142518,0,0.015384138709369728,-0.00020953885570130712,1,-3.679600205181265e-05
0.36,0.1107549,-0.3771945,9.836094600000001,-0.020879204092977943,0,0.07299928052795217,-5.2950029096532e-05,1,-3.8895913130195364e-05
0.375,0.1212516,-0.40113090000000007,9.836094600000001,-0.019713138522321927,0,0.07773770471040102,0.0,1,-3.9293038348419354e-05
0.391,0.1212516,-0.37572300000000003,9.8196138,-0.018912486324193623,0,0.05004076238301898,-0.00016639759748340519,1,-4.06242191282866e-05
0.407,0.15568469999999998,-0.37572300000000003,9.8524773,-0.0174741883520646,0,0.08989362325806406,0.0,1,-4.1955399908153834e-05
0.422,0.1466595,-0.3503151,9.874942200000001,-0.01564498487676147,0,0.121946898353542,-0.00020588479410966684,1,-4.349953586397634e-05
0.438,0.1406754,-0.3427614,9.874942200000001,-0.013858547872791505,0,0.11165231274812272,0.0,1,-4.514661421685367e-05
0.454,0.1406754,-0.33824879999999996,9.856989900000002,-0.012461951421068207,0,0.08728727823270602,-0.00015247705045696829,1,-4.636643062050942e-05
0.469,0.1406754,-0.33824879999999996,9.856989900000002,-0.011092739213497183,0,0.09128081383806855,0.0,1,-4.751000849893668e-05
0.485,0.1272357,-0.33824879999999996,9.7911648,-0.011043768954110078,0,0.0030606412116940237,-6.22929555706489e-06,1,-4.75598428633932e-05
0.5,0.1392039,-0.3202965,9.7911648,-0.011004398056590148,0,0.002624726501328683,0.0,1,-4.760656258007118e-05
0.516,0.1392039,-0.33226469999999997,9.8615025,-0.00957973943777013,0,0.08904116367625106,0.0,1,-4.760656258007118e-05
0.532,0.11673900000000001,-0.33226469999999997,9.746235,-0.010447417907103684,0,-0.05422990433334713,0.0,1,-4.760656258007118e-05
0.547,0.09584369999999999,-0.3532581,9.695321100000001,-0.012285686282918817,0,-0.12255122505434209,-0.00016697918827635744,1,-4.8858906492143866e-05
0.563,0.09584369999999999,-0.3532581,9.695321100000001,-0.01408791018077693,0,-0.11263899361613273,0.0,1,-5.0194739998354715e-05
0.579,0.09878670000000002,-0.3532581,9.747706500000001,-0.014827783257986837,0,-0.046242067325619154,-0.00010929350749603294,1,-5.106908805832298e-05
0.594,0.0823059,-0.3218661,9.771642900000002,-0.015108381360965595,0,-0.018706540198583813,0.0,1,-5.188878936454323e-05
0.61,0.11673900000000001,-0.36375480000000004,9.771642900000002,-0.015347810457049249,0,-0.014964318505228377,-7.746427668229444e-05,1,-5.2508503578001584e-05
0.625,0.11673900000000001,-0.35178660000000006,9.7986204,-0.015062539021627686,0,0.019018095694770885,0.0,1,-5.3089485653118794e-05
0.641,0.142245,-0.35178660000000006,9.821085300000002,-0.01433609769359201,0,0.04540258300222973,-4.073099149412909e-05,1,-5.341533358507183e-05
0.657,0.16166880000000003,-0.33226469999999997,9.821085300000002,-0.013631332709916677,0,0.044047811479708224,0.0,1,-5.374118151702486e-05
0.672,0.16166880000000003,-0.315882,9.834525,-0.012687627359863285,0,0.06291369000355941,0.0,1,-5.374118151702486e-05
0.688,0.1466595,-0.315882,9.843550200000001,-0.01159018253307309,0,0.0685903016743876,-0.0001560851143890367,1,-5.4989862432137144e-05
0.704,0.11673900000000001,-0.347274,9.843550200000001,-0.010501380021443296,0,0.06805015697686206,0.0,1,-5.623854334724944e-05
0.719,0.11673900000000001,-0.3278502,9.866015100000002,-0.009006764840941983,0,0.09964101203342078,0.0,1,-5.623854334724944e-05
0.735,0.08534699999999999,-0.3278502,9.856989900000002,-0.007724616356778569,0,0.08013428026021334,-0.00011297975087482155,1,-5.7142381354248015e-05
0.75,0.0688662,-0.36375480000000004,9.8375661,-0.006826042100529506,0,0.05990495041660414,0.0,1,-5.798972948580918e-05
0.766,0.08377740000000002,-0.3562992,9.8375661,-0.005948166551526413,0,0.054867221812693275,0.0,1,-5.798972948580918e-05
0.782,0.08377740000000002,-0.31136939999999996,9.8255979,-0.005351925994444784,0,0.03726503481760176,0.0,1,-5.798972948580918e-05
0.797,0.0823059,-0.31136939999999996,9.783611100000002,-0.00559044693830657,0,-0.01590139625745241,0.0,1,-5.798972948580918e-05
0.813,0.1212516,-0.3307932,9.783611100000002,-0.0058038598770000505,0,-0.013338308668342595,-8.792635040693643e-05,1,-5.869314028906466e-05
0.829,0.1212516,-0.3278502,9.836094600000001,-0.0049865938780815355,0,0.051079124932407134,0.0,1,-5.939655109232015e-05
0.844,0.1332198,-0.3278502,9.7956774,-0.00497429863258958,0,0.0008196830327970392,0.0,1,-5.939655109232015e-05
0.86,0.1377324,-0.34580249999999996,9.7956774,-0.004948926098855111,0,0.0015857833584043122,0.0,1,-5.939655109232015e-05
0.875,0.1377324,-0.31136939999999996,9.8016615,-0.004829419049167782,0,0.007967136645821894,0.0,1,-5.939655109232015e-05
0.891,0.15568469999999998,-0.33981839999999996,9.7612443,-0.005480388569862882,0,-0.04068559504344368,0.0,1,-5.939655109232015e-05
0.907,0.1392039,-0.33530580000000004,9.7612443,-0.0061265294648524815,0,-0.04038380593684995,-7.701386596932133e-05,1,-6.0012662020074727e-05
0.922,0.1392039,-0.3367773,9.7701714,-0.006584088889763251,0,-0.030503961660717942,0.0,1,-6.0590266014844634e-05
0.938,0.1392039,-0.3367773,9.7701714,-0.0070326765612431785,0,-0.02803672946749564,0.0,1,-6.0590266014844634e-05
0.954,0.1032993,-0.3367773,9.806076000000001,-0.006777643294078928,0,0.01593957919776566,0.0,1,-6.0590266014844634e-05
0.969,0.0793629,-0.3562992,9.806076000000001,-0.006518460916105084,0,0.017278825198256208,0.0,1,-6.0590266014844634e-05
0.985,0.0793629,-0.2934171,9.788123700000002,-0.006657019740657688,0,-0.008659926534537725,-9.688481291004677e-05,1,-6.136534451812501e-05
1.0,0.1122264,-0.2934171,9.7732125,-0.007078784183734754,0,-0.028117629538471054,0.0,1,-6.209198061495036e-05
1.016,0.1377324,-0.3562992,9.7732125,-0.007444929657847155,0,-0.022884092132025004,0.0,1,-6.209198061495036e-05
1.032,0.1377324,-0.32333760000000006,9.845021700000002,-0.006419231648216339,0,0.06410612560192591,0.0,1,-6.209198061495036e-05
1.047,0.1287072,-0.34580249999999996,9.7971489,-0.006339099571270879,0,0.005342138463030738,-2.2693827670308003e-05,1,-6.226218432247767e-05
1.063,0.12272310000000002,-0.34580249999999996,9.8285409,-0.005646943745942323,0,0.04325973908303467,0.0,1,-6.244373494384013e-05
1.079,0.09584369999999999,-0.35178660000000006,9.8285409,-0.004970054672000401,0,0.04230556712137009,0.0,1,-6.244373494384013e-05
1.094,0.09584369999999999,-0.35178660000000006,9.8285409,-0.004306437932841689,0,0.04424111594391378,0.0,1,-6.244373494384013e-05
1.11,0.1002582,-0.38023560000000006,9.7911648,-0.0043664893295431995,0,-0.0037532122938443956,0.0,1,-6.244373494384013e-05
1.125,0.1257642,-0.347274,9.7911648,-0.004443588105825569,0,-0.005139918418824659,0.0,1,-6.244373494384013e-05
1.141,0.1257642,-0.3532581,9.7895952,-0.004545734576430149,0,-0.006384154412786274,0.0,1,-6.244373494384013e-05
1.157,0.1257642,-0.3532581,9.7895952,-0.0046458781750615685,0,-0.0062589749144636945,-5.399833842219606e-05,1,-6.28757216512177e-05
1.172,0.10182780000000001,-0.3532581,9.8046045,-0.004455416951868685,0,0.012697414879525665,0.0,1,-6.328070918938417e-05
1.188,0.1661814,-0.2798793,9.7851807,-0.004678530137157466,0,-0.01394457408054882,0.0,1,-6.328070918938417e-05
1.204,0.1661814,-0.2798793,9.7851807,-0.00489726855410666,0,-0.013671151059324581,0.0,1,-6.328070918938417e-05
1.219,0.1362609,-0.2694807,9.7268112,-0.0062704525910639575,0,-0.0915456024638191,0.0,1,-6.328070918938417e-05
1.235,0.1377324,-0.2694807,9.759674700000001,-0.006972233545639028,0,-0.043861309660941886,0.0,1,-6.328070918938417e-05
1.25,0.1257642,-0.3008727,9.759674700000001,-0.007645443951693309,0,-0.04488069373695235,-7.126799702889333e-05,1,-6.381521916710086e-05
1.266,0.1257642,-0.32932170000000005,9.834525,-0.006820751599370567,0,0.051543272020171345,0.0,1,-6.4385363143332e-05
1.282,0.09878670000000002,-0.32932170000000005,9.7956774,-0.0067795156079633045,0,0.002577249462953899,0.0,1,-6.4385363143332e-05
1.297,0.1317483,-0.3427614,9.7956774,-0.006722453734020917,0,0.003804124929492546,0.0,1,-6.4385363143332e-05
1.313,0.1317483,-0.318825,9.818044200000001,-0.006244055957242978,0,0.029899861048621162,-7.9654669106477e-07,1,-6.439173551686053e-05
1.329,0.1062423,-0.318825,9.800091900000002,-0.006132895821020057,0,0.006947508513932548,0.0,1,-6.439810789038905e-05
1.344,0.09133110000000001,-0.33981839999999996,9.800091900000002,-0.006013036637568803,0,0.007990612230083542,0.0,1,-6.439810789038905e-05
1.36,0.09133110000000001,-0.39671639999999997,9.7372098,-0.00708554854932153,0,-0.06703199448454539,0.0,1,-6.439810789038905e-05
1.375,0.10928340000000002,-0.3487455,9.834525,-0.006262572769934138,0,0.05486505195915979,0.0,1,-6.439810789038905e-05
1.391,0.1257642,-0.3487455,9.851005800000001,-0.005128950792760989,0,0.07085137357332176,0.0,1,-6.439810789038905e-05
1.407,0.1631403,-0.35777070000000005,9.851005800000001,-0.004000477057932272,0,0.07052960842679472,-5.9973857053235297e-05,1,-6.487789874681494e-05
1.422,0.1631403,-0.37572300000000003,9.752219100000001,-0.004816341041628647,0,-0.054390932246425314,0.0,1,-6.53277026747142e-05
1.438,0.1406754,-0.37572300000000003,9.8091171,-0.004508353489359962,0,0.019249222016792782,0.0,1,-6.53277026747142e-05
1.454,0.0823059,-0.3307932,9.7297542,-0.005806296822674639,0,-0.08112145833216726,0.0,1,-6.53277026747142e-05
1.469,0.1272357,-0.3307932,9.8091171,-0.0055141976553176875,0,0.019473277823796622,0.0,1,-6.53277026747142e-05
1.485,0.0973152,-0.3592422,9.8091171,-0.0052149294675576385,0,0.01870426173500304,0.0,1,-6.53277026747142e-05
1.5,0.0973152,-0.3592422,9.8091171,-0.004921529283478776,0,0.019560012271924294,-2.9974917744840512e-05,1,-6.55525145578005e-05
1.516,0.1377324,-0.36375480000000004,9.783611100000002,-0.005120859748537043,0,-0.012458154066141692,0.0,1,-6.579231389975922e-05
1.532,0.1377324,-0.3427614,9.7627158,-0.005740552997519188,0,-0.038730828061384025,0.0,1,-6.579231389975922e-05
1.547,0.0928026,-0.3427614,9.8240283,-0.0051570734978803046,0,0.03889863330925917,0.0,1,-6.579231389975922e-05
1.563,0.0733788,-0.3008727,9.8240283,-0.00461514454512546,0,0.03387055954717774,0.0,1,-6.579231389975922e-05
1.579,0.0733788,-0.3053853,9.7895952,-0.004755925660091975,0,-0.00879881968540718,0.0,1,-6.579231389975922e-05
1.594,0.0777933,-0.3053853,9.7656588,-0.005362375968548605,0,-0.04043002056377498,-7.97109888550293e-06,1,-6.585209714140049e-05
1.61,0.1287072,-0.3338343,9.7656588,-0.005928140898809886,0,-0.03536030814133003,0.0,1,-6.591586593248451e-05
1.625,0.1287072,-0.3562992,9.877983300000002,-0.004266454265797748,0,0.1107791088674766,0.0,1,-6.591586593248451e-05
1.641,0.1392039,-0.3562992,9.7895952,-0.0043663509353280006,0,-0.0062435418456407935,0.0,1,-6.591586593248451e-05
1.657,0.1107549,-0.3173535,9.7895952,-0.004497662034411931,0,-0.008206943692745654,0.0,1,-6.591586593248451e-05
1.672,0.1406754,-0.3023442,9.8524773,-0.0033959060770207827,0,0.07345039715941037,0.0,1,-6.591586593248451e-05
1.688,0.1406754,-0.3547296,9.855518400000001,-0.002221939623831659,0,0.07337290332432016,0.0,1,-6.591586593248451e-05
1.704,0.15421320000000002,-0.3547296,9.8151012,-0.0018589058527656022,0,0.022689610691628538,0.0,1,-6.591586593248451e-05
1.719,0.10182780000000001,-0.3218661,9.8151012,-0.0015385735689452673,0,0.021355485588022145,0.0,1,-6.591586593248451e-05
1.735,0.10182780000000001,-0.3367773,9.740250900000001,-0.0026814220621051987,0,-0.07142803082249564,-1.0761593892426313e-05,1,-6.600195868362392e-05
1.75,0.1032993,-0.3367773,9.7732125,-0.0031556730946853406,0,-0.031616735505343,0.0,1,-6.608267063781711e-05
1.766,0.1002582,-0.35178660000000006,9.7732125,-0.0036108853074416913,0,-0.028450763297271895,0.0,1,-6.608267063781711e-05
1.782,0.1002582,-0.34580249999999996,9.7013052,-0.005470340650921557,0,-0.1162159589674915,0.0,1,-6.608267063781711e-05
1.797,0.1332198,-0.34580249999999996,9.740250900000001,-0.006522477502620916,0,-0.07014245677995773,0.0,1,-6.608267063781711e-05
1.813,0.1332198,-0.34580249999999996,9.740250900000001,-0.007553984219972776,0,-0.06446916983449119,0.0,1,-6.608267063781711e-05
1.829,0.1287072,-0.347274,9.7686999,-0.008008006474101492,0,-0.028376390883044753,-8.375837937193292e-06,1,-6.614967734131466e-05
1.844,0.1287072,-0.3248091,9.8240283,-0.007384087473264245,0,0.04159460005581615,0.0,1,-6.621249612584361e-05
1.86,0.1078119,-0.3248091,9.8255979,-0.0067465733321459,0,0.03984463381989652,0.0,1,-6.621249612584361e-05
1.875,0.1078119,-0.3248091,9.8255979,-0.006121559468304838,0,0.041667590922737724,0.0,1,-6.621249612584361e-05
1.891,0.113796,-0.33530580000000004,9.8255979,-0.005500569005821632,0,0.03881190390520036,0.0,1,-6.621249612584361e-05
1.907,0.113796,-0.33981839999999996,9.7208271,-0.006941666662509505,0,-0.09006860354299198,-2.5887738128761717e-05,1,-6.64195980308737e-05
1.922,0.1272357,-0.33981839999999996,9.7971489,-0.006855770178878728,0,0.00572643224205179,0.0,1,-6.66137560668394e-05
1.938,0.1122264,-0.3652263,9.7971489,-0.0067572388456884624,0,0.006158208324391618,0.0,1,-6.66137560668394e-05
1.954,0.1122264,-0.347274,9.9288972,-0.00409189684587119,0,0.16658387498857938,0.0,1,-6.66137560668394e-05
1.969,0.1526436,-0.33226469999999997,9.8120601,-0.003767670409105861,0,0.021615095784355096,0.0,1,-6.66137560668394e-05
1.985,0.1526436,-0.33226469999999997,9.8120601,-0.0034498013534527416,0,0.019866815978319945,0.0,1,-6.66137560668394e-05
2.0,0.12272310000000002,-0.36375480000000004,9.8120601,-0.003124507720134062,0,0.021686242221245444,0.0,1,-6.66137560668394e-05
2.016,0.12272310000000002,-0.33981839999999996,9.8076456,-0.002908907479930889,0,0.01347501501269831,-3.932684033340281e-05,1,-6.692837078950662e-05
2.032,0.15568469999999998,-0.33981839999999996,9.7297542,-0.004214533373213314,0,-0.08160161833015149,0.0,1,-6.724298551217384e-05
2.047,0.1287072,-0.33530580000000004,9.7297542,-0.00550535155698384,0,-0.086054545584701,0.0,1,-6.724298551217384e-05
2.063,0.1287072,-0.36071369999999997,9.806076000000001,-0.005257696462917849,0,0.015478443379124393,0.0,1,-6.724298551217384e-05
2.079,0.0733788,-0.36071369999999997,9.871999200000001,-0.003734359719160807,0,0.09520854648481505,0.0,1,-6.724298551217384e-05
2.094,0.10182780000000001,-0.33530580000000004,9.871999200000001,-0.002253496336772187,0,0.09872422549257676,0.0,1,-6.724298551217384e-05
2.11,0.10182780000000001,-0.318825,9.7582032,-0.0030423672505435206,0,-0.0493044321107083,0.0,1,-6.724298551217384e-05
2.125,0.1002582,-0.318825,9.7417224,-0.004139051850337694,0,-0.07311230665294427,0.0,1,-6.724298551217384e-05
2.141,0.1212516,-0.3248091,9.740250900000001,-0.005234516638534359,0,-0.06846654926229151,-4.3379358036488985e-05,1,-6.759002037646575e-05
2.157,0.1406754,-0.3173535,9.740250900000001,-0.0063082000456411436,0,-0.06710521294417399,0.0,1,-6.793705524075767e-05
2.172,0.1406754,-0.36071369999999997,9.862974000000001,-0.004926798510918928,0,0.09209343564814693,0.0,1,-6.793705524075767e-05
2.188,0.08534699999999999,-0.36071369999999997,9.9048627,-0.0027641346229589914,0,0.13516649299749595,0.0,1,-6.793705524075767e-05
2.204,0.1377324,-0.34128990000000003,9.9048627,-0.0006458041757451127,0,0.1323956529508673,0.0,1,-6.793705524075767e-05
2.219,0.1377324,-0.318825,9.9213435,0.0017392764600945299,0,0.15900537572264622,0.0,1,-6.793705524075767e-05
2.235,0.1287072,-0.318825,9.7732125,0.0011724555675414194,0,-0.035426305784569366,0.0,1,-6.793705524075767e-05
2.25,0.09133110000000001,-0.3338343,9.7732125,0.0006183245533915027,0,-0.03694206760999414,0.0,1,-6.793705524075767e-05
2.266,0.09133110000000001,-0.36071369999999997,9.708858900000001,-0.0011671417827869845,0,-0.11159164601115536,0.0,1,-6.793705524075767e-05
2.282,0.1332198,-0.36071369999999997,9.8120601,-0.0008861235763575337,0,0.017563637901840665,0.0,1,-6.793705524075767e-05
2.297,0.1482291,-0.3876912,9.854046900000002,0.00023629653832024644,0,0.07482800764518473,0.0,1,-6.793705524075767e-05
2.313,0.0868185,-0.2994012,9.854046900000002,0.0012620443971051998,0,0.06410924117405953,0.0,1,-6.793705524075767e-05
2.329,0.0868185,-0.3143124,9.839037600000001,0.0019826406888583392,0,0.04503726823457117,0.0,1,-6.793705524075767e-05
2.344,0.10928340000000002,-0.3143124,9.7956774,0.0018437828644621845,0,-0.009257188293077177,0.0,1,-6.793705524075767e-05
2.36,0.1377324,-0.3278502,9.7956774,0.0017233720804892272,0,-0.007525673998309827,0.0,1,-6.793705524075767e-05
2.375,0.1377324,-0.33530580000000004,9.7582032,0.0008759836406309063,0,-0.05649256265722093,0.0,1,-6.793705524075767e-05
2.391,0.1122264,-0.33530580000000004,9.806076000000001,0.0009768793780171592,0,0.006305983586640801,0.0,1,-6.793705524075767e-05
2.407,0.10928340000000002,-0.2664396,9.806076000000001,0.0010337369266224528,0,0.0035535967878308453,0.0,1,-6.793705524075767e-05
2.422,0.10928340000000002,-0.3008727,9.8524773,0.0020183475645527693,0,0.06564070919535389,0.0,1,-6.793705524075767e-05
2.438,0.10928340000000002,-0.3008727,9.8524773,0.002983652111543833,0,0.06033153418694143,0.0,1,-6.793705524075767e-05
2.454,0.1078119,-0.3487455,9.8824959,0.004548836101783138,0,0.09782399938995648,0.0,1,-6.793705524075767e-05
2.469,0.1497006,-0.3487455,9.856989900000002,0.005594275403975502,0,0.0696959534794924,0.0,1,-6.793705524075767e-05
2.485,0.145188,-0.32932170000000005,9.774684,0.004992045316607019,0,-0.037639380460530135,0.0,1,-6.793705524075767e-05
2.5,0.11978010000000001,-0.32932170000000005,9.800091900000002,0.004892750794249778,0,-0.0066196348238159826,0.0,1,-6.793705524075767e-05
2.516,0.11978010000000001,-0.32932170000000005,9.800091900000002,0.004795403223312178,0,-0.006084223183600019,0.0,1,-6.793705524075767e-05
2.532,0.0898596,-0.3367773,9.800091900000002,0.0046986583910904045,0,-0.0060465520138608345,0.0,1,-6.793705524075767e-05
2.547,0.0898596,-0.36071369999999997,9.800091900000002,0.004620501185703674,0,-0.005210480359115342,0.0,1,-6.793705524075767e-05
2.563,0.09584369999999999,-0.36071369999999997,9.895935600000001,0.0064229273878719795,0,0.11265163763551901,2.579271665643229e-05,1,-6.773071350750622e-05
2.579,0.12272310000000002,-0.39671639999999997,9.895935600000001,0.008222822088978177,0,0.11249341881913723,0.0,1,-6.752437177425476e-05
2.594,0.12272310000000002,-0.36826739999999997,9.831582000000001,0.008705022536968698,0,0.032146696532702135,0.0,1,-6.752437177425476e-05
2.61,0.1377324,-0.2994012,9.7806681,0.008138095548517299,0,-0.03543293677821243,0.0,1,-6.752437177425476e-05
2.625,0.173637,-0.2994012,9.7627158,0.007241698978576849,0,-0.05975977132936282,2.0010950802926836e-05,1,-6.73742896432328e-05
2.641,0.113796,-0.2994012,9.7627158,0.006345616002686683,0,-0.05600518599313537,0.0,1,-6.721420203680939e-05
2.657,0.113796,-0.31136939999999996,9.842078700000002,0.007029685990481482,0,0.04275437423717495,0.0,1,-6.721420203680939e-05
2.672,0.113796,-0.31136939999999996,9.874942200000001,0.008344361175646853,0,0.0876450123443573,0.0,1,-6.721420203680939e-05
2.688,0.1062423,-0.3278502,9.874942200000001,0.009642062190495793,0,0.08110631342805867,0.0,1,-6.721420203680939e-05
2.704,0.1062423,-0.344331,9.8165727,0.009781575269492748,0,0.00871956743730972,0.0001502977269533935,1,-6.601182022118224e-05
2.719,0.16019730000000001,-0.344331,9.7941078,0.009492541604963378,0,-0.019268910968625083,0.0,1,-6.488458726903181e-05
2.735,0.1526436,-0.3023442,9.7941078,0.009179650682305862,0,-0.019555682666094736,0.0,1,-6.488458726903181e-05
2.75,0.1526436,-0.2858634,9.7971489,0.008922793390235384,0,-0.017123819471365067,7.999947235402469e-05,1,-6.428459122637662e-05
2.766,0.0868185,-0.33981839999999996,9.783611100000002,0.008423693426978573,0,-0.03119374770355063,0.0,1,-6.364459544754442e-05
2.782,0.0777933,-0.33981839999999996,9.843550200000001,0.009107427576964255,0,0.042733384374105086,0.0,1,-6.364459544754442e-05
2.797,0.0898596,-0.3532581,9.843550200000001,0.009789039817215794,0,0.04544081601676889,7.438403796279636e-07,1,-6.363901664469721e-05
2.813,0.0898596,-0.39818790000000004,9.8495343,0.010608122150502552,0,0.05119264583042233,0.0,1,-6.363306592166019e-05
2.829,0.1272357,-0.39818790000000004,9.764187300000001,0.009747261212220693,0,-0.0538038086426162,0.0,1,-6.363306592166019e-05
2.844,0.15568469999999998,-0.3847482,9.764187300000001,0.008900798467122328,0,-0.05643084967322548,0.0,1,-6.363306592166019e-05
2.86,0.15568469999999998,-0.3173535,9.7656588,0.00805229358246251,0,-0.05303155529123855,0.00010224938701490797,1,-6.281507082554092e-05
2.875,0.1482291,-0.3173535,9.7447635,0.006808704865761683,0,-0.08290591444672114,0.0,1,-6.204820042292911e-05
2.891,0.10477080000000001,-0.3173535,9.7732125,0.006135942089926516,0,-0.04204767348969792,0.0,1,-6.204820042292911e-05
2.907,0.1287072,-0.3278502,9.8524773,0.007041974652326033,0,0.05662703514996976,0.0,1,-6.204820042292911e-05
2.922,0.15421320000000002,-0.3278502,9.8704296,0.00828918630827502,0,0.08314744372993182,3.767109216462616e-05,1,-6.17656672316944e-05
2.938,0.15421320000000002,-0.3278502,9.8704296,0.009511942833714926,0,0.07642228283999401,0.0,1,-6.146429849437739e-05
2.954,0.1586277,-0.3173535,9.8704296,0.010705372125904944,0,0.07458933076187606,0.0,1,-6.146429849437739e-05
2.969,0.1586277,-0.32333760000000006,9.821085300000002,0.010912317844963937,0,0.013796381270599824,3.951319759019911e-06,1,-6.143466359618474e-05
2.985,0.12272310000000002,-0.32333760000000006,9.771642900000002,0.010136272927482537,0,-0.04850280734258745,0.0,1,-6.140305303811258e-05
3.0,0.0898596,-0.290376,9.771642900000002,0.009348154626698246,0,-0.05254122005228561,0.0,1,-6.140305303811258e-05
3.016,0.0898596,-0.3307932,9.834525,0.009832893919314856,0,0.03029620578853806,0.0,1,-6.140305303811258e-05
3.032,0.0554265,-0.3307932,9.836094600000001,0.010333902989117405,0,0.031313066862659306,0.0001332560162305152,1,-6.0337004908268455e-05
3.047,0.1482291,-0.35777070000000005,9.836094600000001,0.010862415966675698,0,0.03523419850388591,0.0,1,-5.9337584786539584e-05
3.063,0.1646118,-0.38621970000000005,9.8764137,0.012196603196185762,0,0.08338670184437895,0.0,1,-5.9337584786539584e-05
3.079,0.1646118,-0.3143124,9.7956774,0.011872629192559714,0,-0.020248375226628017,0.00016925442081182351,1,-5.798354942004499e-05
3.094,0.1302768,-0.3143124,9.7627158,0.010898965416860307,0,-0.06491091837996185,0.0,1,-5.671414126395634e-05
3.11,0.113796,-0.290376,9.7627158,0.009925828810791515,0,-0.06082103787929943,6.639734203684952e-06,1,-5.6661023390326865e-05
3.125,0.113796,-0.36669779999999996,9.7268112,0.008318635801520813,0,-0.10714620061804592,0.0,1,-5.661122538379923e-05
3.141,0.10182780000000001,-0.36669779999999996,9.7941078,0.008058896541012217,0,-0.01623370378178722,0.0,1,-5.661122538379923e-05
3.157,0.1377324,-0.3487455,9.7941078,0.007800006572155738,0,-0.01618062305352995,0.0,1,-5.661122538379923e-05
3.172,0.1377324,-0.3262806,9.7895952,0.007442599267772465,0,-0.02382715362555131,1.568424624109714e-05,1,-5.6493593536990996e-05
3.188,0.1377324,-0.3262806,9.7895952,0.007092199949751077,0,-0.021899957376336744,0.0,1,-5.636811956706222e-05
3.204,0.1287072,-0.3262806,9.8151012,0.007246062364810513,0,0.009616400941214734,0.0,1,-5.636811956706222e-05
3.219,0.1122264,-0.3218661,9.8151012,0.0073900878619799215,0,0.009601699811294126,0.0,1,-5.636811956706222e-05
3.235,0.1571562,-0.3023442,9.6848244,0.004978318614378807,0,-0.1507355779750695,0.0,1,-5.636811956706222e-05
3.25,0.1571562,-0.3307932,9.5995755,0.0009617177928937792,0,-0.26777338809899964,0.0,1,-5.636811956706222e-05
3.266,0.08534699999999999,-0.3307932,9.6369516,-0.0022614958472253477,0,-0.20145085250744527,0.0,1,-5.636811956706222e-05
3.282,0.0973152,-0.34580249999999996,9.6369516,-0.005408962325372357,0,-0.19671665488418794,0.0,1,-5.636811956706222e-05
3.297,0.0973152,-0.3307932,9.613015200000001,-0.008974078353245929,0,-0.23767440185823613,0.0,1,-5.636811956706222e-05
3.313,0.11673900000000001,-0.3307932,9.580053600000001,-0.013110927130185246,0,-0.2585530485587071,0.0,1,-5.636811956706222e-05
3.329,0.16019730000000001,-0.36375480000000004,9.580053600000001,-0.017130943747140748,0,-0.25125103855971864,0.0,1,-5.636811956706222e-05
3.344,0.16019730000000001,-0.36375480000000004,9.424368900000001,-0.024122110457426515,0,-0.4660777806857278,0.0,1,-5.636811956706222e-05
3.36,0.10182780000000001,-0.30685680000000004,9.407888100000001,-0.031354720429904503,0,-0.45203812327987386,-0.0003515248693599089,1,-5.918031852194149e-05
3.375,0.10182780000000001,-0.30685680000000004,9.407888100000001,-0.038445514520569546,0,-0.4727196060443322,-0.00037502663148846925,1,-6.462945477830436e-05
3.391,0.1002582,-0.37268190000000007,9.407888100000001,-0.04535102339882435,0,-0.43159430489092504,-0.0005453989348436212,1,-7.199285930896109e-05
3.407,0.1002582,-0.3307932,9.4109292,-0.052092225792351954,0,-0.4213251495954747,-0.0008249449283730319,1,-8.295561021469432e-05
3.422,0.1362609,-0.3307932,9.349518600000001,-0.059895637591223405,0,-0.5202274532580924,-0.0011648539037498523,1,-9.787910145561607e-05
3.438,0.11978010000000001,-0.3532581,9.349518600000001,-0.0675343610698178,0,-0.4774202174121496,-0.0016842938930381837,1,-0.00012067228382992038
3.454,0.11978010000000001,-0.32932170000000005,9.306158400000001,-0.07589002608316164,1,-0.5222290633339894,-0.0028316889902620184,1,-0.00015680014689632203
3.469,0.11978010000000001,-0.3173535,9.1026009,-0.08807861805563455,1,-0.8125727981648777,-0.004061453821302963,1,-0.00020849871798305828
3.485,0.11978010000000001,-0.33981839999999996,9.2552445,-0.0970216206871779,1,-0.558937664471459,-0.005542255731245463,1,-0.0002853283944034457
3.5,0.11978010000000001,-0.33981839999999996,9.2552445,-0.1057892703259462,1,-0.5845099759178821,-0.0070633374138439065,1,-0.0003798703429916168
3.516,0.1571562,-0.33981839999999996,9.2208114,-0.11504865449478352,1,-0.5787115105523316,-0.008830040812409744,1,-0.0005070173688016461
3.532,0.1332198,-0.3487455,9.1040724,-0.12641443814384346,1,-0.7103614780662453,-0.010761745553518762,1,-0.0006637516597290743
3.547,0.11978010000000001,-0.344331,9.1040724,-0.13756431399348656,1,-0.7433250566428677,-0.012741586194548755,1,-0.0008400266478395821
3.563,0.11978010000000001,-0.29783160000000003,9.0127413,-0.15031737994809902,1,-0.7970666221632776,-0.015044639746081438,1,-0.0010623164553646238
3.579,0.1661814,-0.29783160000000003,8.964868500000001,-0.16374396912298472,1,-0.8391618234303558,-0.017557130538650108,1,-0.0013231306176424765
3.594,0.1302768,-0.34128990000000003,8.964868500000001,-0.17688857211913955,1,-0.8763068664103407,-0.020111874597965984,1,-0.0016056481561670913
3.61,0.1302768,-0.344331,8.9543718,-0.18997880363471076,1,-0.8181394697231995,-0.02304681360399679,1,-0.0019509176617827939
3.625,0.1257642,-0.344331,8.927394300000001,-0.20334215445089932,1,-0.8908900544125631,-0.02599672078963889,1,-0.0023187441697350647
3.641,0.1497006,-0.3487455,8.927394300000001,-0.21643288701286956,1,-0.8181707851231393,-0.02935492112134904,1,-0.0027615573050229687
3.657,0.1497006,-0.36375480000000004,8.907970500000001,-0.22963569426579866,1,-0.8251754533080683,-0.03292346977157839,1,-0.0032597844321663886
3.672,0.1078119,-0.36375480000000004,8.849601,-0.24373494012691843,1,-0.9399497240746435,-0.0364737495295238,1,-0.0037802635769246594
3.688,0.11673900000000001,-0.3278502,8.792703,-0.25869777748564715,1,-0.9351773349205442,-0.04049321127042433,1,-0.0043959992633242455
3.704,0.08829,-0.2918475,8.792703,-0.2733985845414697,1,-0.9188004409889087,-0.044749982166641264,1,-0.005077944810820771
3.719,0.08829,-0.3098979,8.7912315,-0.28782787084356265,1,-0.9619524201395503,-0.048959180582028916,1,-0.005780763531435782
3.735,0.1661814,-0.3098979,8.8226235,-0.3013371024745286,1,-0.8443269769353715,-0.053672500368573656,1,-0.006601816979040604
3.75,0.0793629,-0.3532581,8.8226235,-0.3145731900165085,1,-0.8824058361319869,-0.05829182756225647,1,-0.0074415494385218365
3.766,0.0793629,-0.3367773,8.789760000000001,-0.32820625902752276,1,-0.8520668131883894,-0.06343406315460873,1,-0.008415356564256758
3.782,0.13469129999999999,-0.3367773,8.777791800000001,-0.34179328470407633,1,-0.8491891047845971,-0.06879405950446152,1,-0.00947318154552932
3.797,0.1302768,-0.3652263,8.777791800000001,-0.35509291777702323,1,-0.8866422048631195,-0.07402070602306982,1,-0.010544292286985814
3.813,0.1302768,-0.3652263,8.777791800000001,-0.3681317737308927,1,-0.8149284971168395,-0.07980650355513315,1,-0.011774909963611439
3.829,0.1466595,-0.35178660000000006,8.7747507,-0.38098022925460207,1,-0.8030284702318362,-0.08579939957901711,1,-0.013099757188684643
3.844,0.1032993,-0.35178660000000006,8.7193242,-0.39467469340410233,1,-0.9129642766333703,-0.09161681149895727,1,-0.014430378771769422
3.86,0.09878670000000002,-0.3218661,8.7193242,-0.40812430797504895,1,-0.8406009106841631,-0.09803920350999049,1,-0.015947626891841003
3.875,0.09878670000000002,-0.3218661,8.7193242,-0.4213102046132313,1,-0.8790597758788175,-0.10425996235440264,1,-0.017464870635823963
3.891,0.09878670000000002,-0.33981839999999996,8.8031997,-0.43258093072804726,1,-0.7044203821759958,-0.11109109143713289,1,-0.01918767906615625
3.907,0.1272357,-0.33981839999999996,8.773279200000001,-0.4442096841038534,1,-0.7267970859878841,-0.11810541635578811,1,-0.02102125112849962
3.922,0.1721655,-0.35178660000000006,8.773279200000001,-0.4555861632021063,1,-0.7584319398835204,-0.12485388521058285,1,-0.022843445890247414
3.938,0.1721655,-0.34580249999999996,8.768766600000001,-0.46683263100509365,1,-0.7029042376867072,-0.13223323556424046,1,-0.024900142856446005
3.954,0.1287072,-0.34580249999999996,8.7268779,-0.4786938026555294,1,-0.7413232281522346,-0.13979744703352545,1,-0.027076388317228132
3.969,0.1272357,-0.3367773,8.7268779,-0.4903297397345643,1,-0.7757291386023415,-0.147065123601451,1,-0.02922785759699041
3.985,0.1272357,-0.3487455,8.7178527,-0.5019051168652631,1,-0.7234610706686733,-0.1550030024542496,1,-0.031644402605436016
4.0,0.1796211,-0.3817071,8.7837759,-0.5119173065055573,1,-0.6674793093529455,-0.16260667062953083,1,-0.03402647515356439
4.016,0.1212516,-0.3817071,8.780734800000001,-0.52181232616058,1,-0.6184387284389187,-0.17087650769085994,1,-0.03669434058012752
4.032,0.1272357,-0.3173535,8.780734800000001,-0.5315618512100002,1,-0.6093453155887602,-0.1793035011098246,1,-0.039495780650533
4.047,0.1272357,-0.3547296,8.7477732,-0.5417378948636173,1,-0.6784029102411564,-0.18735324920537655,1,-0.04224570627789695
4.063,0.1302768,-0.3547296,8.7582699,-0.5515079052942564,1,-0.6106256519149417,-0.19609921560663954,1,-0.04531332599639308
4.079,0.15568469999999998,-0.3248091,8.7582699,-0.5611009603815713,1,-0.5995659429571804,-0.20500008653204616,1,-0.04852212041350257
4.094,0.15568469999999998,-0.3098979,8.7672951,-0.5703396756346191,1,-0.6159143502031605,-0.2134858913021679,1,-0.051660765247259294
4.11,0.15421320000000002,-0.3098979,8.7417891,-0.5798974763175426,1,-0.5973625426827217,-0.2226877885177852,1,-0.05515015468581892
4.125,0.16166880000000003,-0.32932170000000005,8.7417891,-0.589251317045715,1,-0.6235893818781705,-0.23145640446800944,1,-0.05855623613321231
4.141,0.16166880000000003,-0.33530580000000004,8.6924448,-0.5993839470094819,1,-0.6332893727354344,-0.24096548658045103,1,-0.06233561126159999
4.157,0.1272357,-0.31136939999999996,8.707356,-0.6090543941313662,1,-0.6044029451177652,-0.25063299330957783,1,-0.06626839910072023
4.172,0.1332198,-0.3262806,8.725308300000002,-0.6181710554751252,1,-0.6077774229172791,-0.2598371841816263,1,-0.07009692543190418
4.188,0.1332198,-0.3262806,8.725308300000002,-0.6271089587533218,1,-0.5586189548872906,-0.2697994242954539,1,-0.07433401829972083
4.204,0.1332198,-0.3547296,8.7537573,-0.6352925591256273,1,-0.5114750232690919,-0.2798986364384855,1,-0.07873160278559235
4.219,0.0928026,-0.3547296,8.7448302,-0.6435008062602012,1,-0.5472164756382399,-0.2894895866788796,1,-0.08300201445897275
4.235,0.0898596,-0.3278502,8.7448302,-0.6515692621621625,1,-0.5042784938725782,-0.2998501472262585,1,-0.08771673233021386
4.25,0.0898596,-0.3427614,8.732862,-0.6597027890971052,1,-0.542235128996194,-0.30968468761070284,1,-0.09228824359149097
4.266,0.1377324,-0.3427614,8.7582699,-0.6671668635413148,1,-0.46650465276309966,-0.3202996448318102,1,-0.09732811825103108
4.282,0.16765290000000002,-0.32932170000000005,8.7582699,-0.6744844665047207,1,-0.4573501852128677,-0.33103285547217853,1,-0.102538778253463
4.297,0.16765290000000002,-0.2963601,8.713340100000002,-0.6825619618339278,1,-0.5384996886138179,-0.3412107036847182,1,-0.10758060494713961
4.313,0.1631403,-0.3053853,8.7822063,-0.6891273860690941,1,-0.41033901469789097,-0.35218421846794234,1,-0.1131277643243609
4.329,0.15421320000000002,-0.3053853,8.7373746,-0.6964456200058589,1,-0.4573896210477986,-0.363268802516542,1,-0.11885138849223678
4.344,0.1466595,-0.3487455,8.6999004,-0.7043252061501999,1,-0.5253057429560489,-0.3737745837127128,1,-0.1243792138889564
4.375,0.1122264,-0.3487455,8.6939163,-0.7121775582064007,1,-0.2533016792322873,-0.3957303765602399,1,-0.13630654077318705
4.375,0.1122264,-0.3487455,8.6939163,-0.719875942575225,1,0.0,-0.3957303765602399,1,-0.13630654077318705
4.391,0.1317483,-0.3817071,8.6939163,-0.7273908882802669,1,-0.4696841065651154,-0.40730851120708383,1,-0.14273085187532564
4.407,0.1317483,-0.3831786,8.7582699,-0.733496737162783,1,-0.381615555157255,-0.41899561221062825,1,-0.14934128486266735
4.422,0.1287072,-0.3831786,8.7223653,-0.7401870092989284,1,-0.4460181424097082,-0.43004824030909083,1,-0.1557091137565651
4.438,0.1377324,-0.3936753,8.7223653,-0.7467342443854701,1,-0.40920219290885257,-0.44194361033856605,1,-0.16268504856174637
4.454,0.1377324,-0.3907323,8.777791800000001,-0.7520701161793522,1,-0.3334919871176287,-0.4539340452230846,1,-0.16985206980623957
4.469,0.18413369999999998,-0.38023560000000006,8.7298209,-0.7582332417928033,1,-0.41087504089672544,-0.4652613204078762,1,-0.17674603504847203
4.485,0.1661814,-0.38023560000000006,8.761311000000001,-0.76366581738408,1,-0.3395359744547963,-0.4774365128812913,1,-0.18428761771478538
4.5,0.1661814,-0.38023560000000006,8.761311000000001,-0.7689918718853317,1,-0.35507030008345264,-0.4889314455508124,1,-0.191535377403026
4.516,0.1272357,-0.35178660000000006,8.761311000000001,-0.7742495480626559,1,-0.3286047610827622,-0.5012773769103976,1,-0.19945704798271569
4.532,0.1272357,-0.35178660000000006,8.740317600000001,-0.7798153922302316,1,-0.34786526047347854,-0.5137098964327408,1,-0.2075769461694608
4.547,0.1062423,-0.35178660000000006,8.672922900000001,-0.786597884429165,1,-0.45216614659557325,-0.5254579960076861,1,-0.21537070536276381
4.563,0.1257642,-0.3936753,8.672922900000001,-0.7932070092299135,1,-0.4130703000467802,-0.5380964351569587,1,-0.223879140812081
4.579,0.1257642,-0.33530580000000004,8.7103971,-0.7990004293438453,1,-0.3620887571207373,-0.5508340946655488,1,-0.23259058505066105
4.594,0.1437165,-0.3338343,8.7029415,-0.8048219808345873,1,-0.3881034327161212,-0.5628627627418875,1,-0.24094331148121714
4.61,0.1437165,-0.31136939999999996,8.773279200000001,-0.8091675892343186,1,-0.2716005249832063,-0.5757746793024388,1,-0.25005241101757175
4.625,0.1437165,-0.31136939999999996,8.773279200000001,-0.8134279896262129,1,-0.28402669279295517,-0.5879441461438925,1,-0.2587803022084191
4.641,0.1062423,-0.2963601,8.7343335,-0.8183886465622088,1,-0.31004105849974345,-0.6009986792333999,1,-0.2682918448114374
4.657,0.0823059,-0.2963601,8.7388461,-0.8231686707702881,1,-0.29875151300495756,-0.6141311377720599,1,-0.2780128833474811
4.672,0.1122264,-0.33226469999999997,8.7388461,-0.8278231404032255,1,-0.31029797552916416,-0.6265135763558609,1,-0.2873177187034403
4.688,0.1122264,-0.3143124,8.713340100000002,-0.8328991104517858,1,-0.31724812803501895,-0.639799354362701,1,-0.2974482221491888
4.704,0.1287072,-0.3143124,8.7508143,-0.8371368542078965,1,-0.2648589847569214,-0.6531596420799785,1,-0.30779189412073027
4.719,0.1272357,-0.3278502,8.7508143,-0.8412821944809092,1,-0.2763560182008376,-0.665747784945145,1,-0.3176836998234191
4.735,0.1272357,-0.36973890000000004,8.7627825,-0.8450791084274218,1,-0.2373071216570375,-0.6792386753684116,1,-0.32844359150592756
4.75,0.1437165,-0.36973890000000004,8.6864607,-0.8502915434266392,1,-0.3474956666144946,-0.6919539552573168,1,-0.3387275362356203
4.766,0.15568469999999998,-0.34580249999999996,8.6864607,-0.8554170451571252,1,-0.3203438581553805,-0.705599623965987,1,-0.34990796486940673
4.782,0.1032993,-0.30685680000000004,8.650556100000001,-0.8611895323149188,1,-0.36078044736209647,-0.7193324765857634,1,-0.36130742167382074
4.797,0.1032993,-0.3712104,8.7448302,-0.8649527207867607,1,-0.2508792314561301,-0.7322785434840257,1,-0.3721945043243439
4.813,0.1317483,-0.3712104,8.7433587,-0.8686634556705233,1,-0.23192093023516305,-0.746147472895684,1,-0.3840219124553816
4.829,0.10928340000000002,-0.315882,8.7433587,-0.8723500871607985,1,-0.2304144681422036,-0.7600755812383345,1,-0.39607169688845373
4.844,0.10928340000000002,-0.36669779999999996,8.7417891,-0.875956318380906,1,-0.24041541467382443,-0.7731878792798978,1,-0.4075711728423409
4.86,0.1721655,-0.36669779999999996,8.7163812,-0.8799696693817403,1,-0.2508344375521385,-0.787235287181999,1,-0.4200545581740361
4.875,0.1631403,-0.36375480000000004,8.7163812,-0.8839101427696185,1,-0.26269822585855795,-0.8004643857731338,1,-0.4319623057211993
4.891,0.1631403,-0.3547296,8.7283494,-0.8875462022168588,1,-0.2272537154525132,-0.8146360365330256,1,-0.4448831090996486
4.907,0.0928026,-0.3547296,8.7223653,-0.8912484000264893,1,-0.23138736310190902,-0.8288663933509725,1,-0.45803112853872063
4.922,0.17069399999999998,-0.34580249999999996,8.7223653,-0.8948619807255653,1,-0.24090537993840677,-0.8422622212066125,1,-0.4705645931479023
4.938,0.10477080000000001,-0.3592422,8.735805,-0.8981511766597912,1,-0.2055747458891142,-0.8566063264656955,1,-0.48415554152928075
4.954,0.10477080000000001,-0.3503151,8.704413,-0.9019979699614495,1,-0.24042458135364853,-0.8710075196386654,1,-0.49797645229811566
4.969,0.1377324,-0.3503151,8.7417891,-0.9050281578118842,1,-0.20201252336230097,-0.884560215596966,1,-0.5111432103123834
4.985,0.10477080000000001,-0.33226469999999997,8.7417891,-0.9080216929436542,1,-0.18709594573562677,-0.8990646144030103,1,-0.5254122089523833
5.0,0.10477080000000001,-0.3622833,8.7193242,-0.9113732467270825,1,-0.2234369188952267,-0.9127100764505406,1,-0.5390005191337847
5.016,0.1257642,-0.3622833,8.752285800000001,-0.9140079631847478,1,-0.16466977860407614,-0.9273131261298353,1,-0.5537207047544277
5.032,0.15421320000000002,-0.3427614,8.752285800000001,-0.9165975079170536,1,-0.16184654576911747,-0.9419579698986498,1,-0.5686748735226556
5.047,0.15421320000000002,-0.3083283,8.7433587,-0.9193362741882449,1,-0.18258441807942358,-0.9557274732644392,1,-0.5829075143463784
5.063,0.1362609,-0.3083283,8.704413,-0.9227902536531047,1,-0.21587371655373813,-0.97046448548717,1,-0.5983170500163913
5.079,0.1377324,-0.3143124,8.704413,-0.926171860876357,1,-0.2113504514532625,-0.9852561824034056,1,-0.613962815359516
5.094,0.1078119,-0.315882,8.7657255,-0.9282929882134017,1,-0.1414084891363097,-0.9991646687715794,1,-0.628845971743329
5.11,0.1078119,-0.3173535,8.7702381,-0.9302830656321586,1,-0.12437983867230595,-1.014033277202344,1,-0.6449515553111204
5.125,0.1107549,-0.3173535,8.792703,-0.9317932374850617,1,-0.10067812352687826,-1.0279988494757228,1,-0.6602667962612055
5.141,0.12272310000000002,-0.3652263,8.792703,-0.9332342807659693,1,-0.0900652050567218,-1.0429190696217312,1,-0.6768341396139852
5.157,0.12272310000000002,-0.3652263,8.792703,-0.9346470682962718,1,-0.08829922064390586,-1.0578621204142291,1,-0.6936403891342728
5.172,0.12272310000000002,-0.347274,8.870594400000002,-0.9345204472223276,1,0.008441404929608315,-1.0718808767806183,1,-0.7096134616132339
5.188,0.059841000000000005,-0.347274,8.8465599,-0.9348798786221337,1,-0.022464462487881122,-1.086836079387374,1,-0.7268831972625779
5.204,0.1257642,-0.3202965,8.8465599,-0.9352386559099823,1,-0.022423580490538143,-1.1017970276636309,1,-0.7443922621189859
5.219,0.1257642,-0.3083283,8.8675533,-0.9351873852539931,1,0.003418043732613174,-1.1158252229723613,1,-0.7610244289987564
5.235,0.11978010000000001,-0.3083283,8.9588844,-0.9333491693284266,1,0.11488849534790892,-1.1307735154090206,1,-0.7789972189058075
5.25,0.08829,-0.3367773,8.9588844,-0.9315340925921891,1,0.12100511574916835,-1.1447601398734248,1,-0.7960637213204255
5.266,0.1212516,-0.34580249999999996,9.0217665,-0.9285083577641213,1,0.18910842675423628,-1.1596404794762754,1,-0.8144989262752231
5.282,0.1212516,-0.36375480000000004,9.0471744,-0.9250303744333923,1,0.2173739581705634,-1.1744687893338555,1,-0.8331718004257042
5.297,0.17069399999999998,-0.36375480000000004,9.1265373,-0.9200503436040197,1,0.3320020552915134,-1.1883068947191358,1,-0.8508926180561012
5.313,0.1377324,-0.3487455,9.1265373,-0.9151903487936366,1,0.3037496756489452,-1.202988820258317,1,-0.8700229837759208
5.329,0.1122264,-0.3218661,9.2463174,-0.9081048258274276,1,0.4428451853880629,-1.2175751816552856,1,-0.8893874957912297
5.344,0.1302768,-0.35178660000000006,9.2463174,-0.9011322414051168,1,0.4648389614873654,-1.2311444596595302,1,-0.9077528931010915
5.36,0.1302768,-0.35178660000000006,9.2463174,-0.8942963743244192,1,0.4272416925436003,-1.2455078885853665,1,-0.9275661118870507
5.375,0.1302768,-0.3427614,9.2911491,-0.8867228191295791,1,0.504903679656021,-1.2588655325362712,1,-0.9463489125454626
5.391,0.1437165,-0.3427614,9.2432763,-0.8802318107874907,1,0.4056880213805233,-1.2730011695756078,1,-0.9666038461623576
5.407,0.09878670000000002,-0.3592422,9.3510882,-0.8717550994972374,1,0.5297944556408303,-1.2870170648578856,1,-0.9870839920378256
5.422,0.1287072,-0.33981839999999996,9.3764961,-0.862953872932767,1,0.5867484376313695,-1.3000273821511104,1,-1.0064868253903927
5.438,0.1287072,-0.33981839999999996,9.3764961,-0.8543252194381878,1,0.5392908434111994,-1.313765614890078,1,-1.0273971693667223
5.454,0.09133110000000001,-0.33981839999999996,9.3869928,-0.845668675016217,1,0.5410340263731768,-1.3273655660457133,1,-1.0485262188142086
5.469,0.0928026,-0.2934171,9.3869928,-0.8372122529501862,1,0.5637614710686993,-1.3399871730054618,1,-1.068531364357093
5.485,0.0928026,-0.3427614,9.4647861,-0.827364600019818,1,0.6154783081480092,-1.3533037878292218,1,-1.0900776920437705
5.5,0.10477080000000001,-0.3427614,9.5366934,-0.8162986459294022,1,0.7377302726944082,-1.3656312621738407,1,-1.110469704918793
5.516,0.1511721,-0.3098979,9.5366934,-0.8054595054663007,1,0.6774462789438379,-1.3786053273850063,1,-1.132423597635264
5.547,0.173637,-0.315882,9.699833700000001,-0.7916249687519681,1,0.446275377881703,-1.4033601367353892,1,-1.1755440623291296
5.563,0.1466595,-0.34128990000000003,9.6848244,-0.7783476443339801,1,0.82983277612425,-1.4159199176400767,1,-1.1980983027641332
5.579,0.11673900000000001,-0.2934171,9.6848244,-0.7653693718781707,1,0.811142028488087,-1.4282696537697739,1,-1.220851819335412
5.594,0.11673900000000001,-0.2948886,9.6354801,-0.7536117137456273,1,0.7838438755028616,-1.4396620119119528,1,-1.242361306828026
5.61,0.10477080000000001,-0.2948886,9.7297542,-0.7402397469038515,1,0.835747927610985,-1.4516128235971486,1,-1.2654915055120988
5.625,0.11526750000000001,-0.3427614,9.7297542,-0.72709690938985,1,0.8761891676001168,-1.462617848519351,1,-1.287348235552972
5.641,0.11526750000000001,-0.3532581,9.728282700000001,-0.7142332501136277,1,0.8039787047638962,-1.474148489795379,1,-1.31084236625949
5.657,0.08829,-0.3532581,9.7372098,-0.701452430863295,1,0.798801203145793,-1.4854739752431942,1,-1.3345193459797986
5.672,0.09584369999999999,-0.37572300000000003,9.7821396,-0.6880240581569304,1,0.8952248470909961,-1.4958950489108458,1,-1.3568796136609533
5.688,0.09584369999999999,-0.37572300000000003,9.7821396,-0.6748589868761812,1,0.8228169550468226,-1.5067981132711108,1,-1.380901158958409
5.704,0.0688662,-0.37572300000000003,9.8046045,-0.6615163506064672,1,0.8339147668571237,-1.517489115970972,1,-1.4050954567923457
5.719,0.12272310000000002,-0.40417200000000003,9.836094600000001,-0.6477859760853057,1,0.9153583014107278,-1.5273088834211608,1,-1.4279314417877875
5.735,0.17069399999999998,-0.3951468000000001,9.836094600000001,-0.634317991985121,1,0.8417490062615488,-1.5375657151657243,1,-1.4524504385764827
5.75,0.17069399999999998,-0.32932170000000005,9.8046045,-0.6217785915789911,1,0.8359600270753436,-1.5469864395424548,1,-1.4755845797367935
5.766,0.17667810000000003,-0.32932170000000005,9.8794548,-0.6080163887182568,1,0.8601376787958906,-1.5568247993848328,1,-1.5004150696482117
5.782,0.1078119,-0.3307932,9.8794548,-0.594542498669604,1,0.8421181280408022,-1.5664452704839356,1,-1.5254012302071618
5.797,0.1078119,-0.33824879999999996,9.9093753,-0.5807415565095884,1,0.9200628106677259,-1.5752599008977792,1,-1.5489640189925242
5.813,0.1526436,-0.33824879999999996,9.985697100000001,-0.5657042107876489,1,0.9398341076212171,-1.5844314670361572,1,-1.5742415499359956
5.829,0.0748503,-0.34580249999999996,9.985697100000001,-0.5509740091661204,1,0.9206376013455301,-1.5933648927957873,1,-1.5996639208146513
5.844,0.0748503,-0.3218661,10.005219,-0.5361657431413693,1,0.9872177349833658,-1.6015184409380938,1,-1.6236255458176563
5.86,0.11673900000000001,-0.3487455,10.0261143,-0.5212128880681579,1,0.9345534420757132,-1.60997746998777,1,-1.6493175131050632
5.875,0.11673900000000001,-0.3487455,10.0261143,-0.5065532262316754,1,0.9773107890988532,-1.6176857158450186,1,-1.6735249869988087
5.891,0.0928026,-0.35777070000000005,10.1085183,-0.49056500219023924,1,0.9992640025897606,-1.625662661672394,1,-1.699471774018948
5.907,0.0928026,-0.3532581,10.112932800000001,-0.4748068801891847,1,0.9848826250659073,-1.6333856367314292,1,-1.7255441604061785
5.922,0.0239364,-0.3532581,10.157862600000001,-0.4584850903669686,1,1.0881193214810967,-1.6403853265106003,1,-1.7500974426304932
5.938,0.0239364,-0.3532581,10.157862600000001,-0.44248333563930586,1,1.0001096704789205,-1.6475930739186506,1,-1.776401269833927
5.954,0.0868185,-0.33530580000000004,10.157862600000001,-0.4268005464733484,1,0.9801743228723394,-1.654547344975552,1,-1.8028183931850807
5.969,0.0868185,-0.33226469999999997,10.193767200000002,-0.41072361007782376,1,1.071795759701603,-1.6608287761496858,1,-1.827683714093521
5.985,0.145188,-0.33226469999999997,10.3314996,-0.3922499402202124,1,1.1546043661007077,-1.6672525645520702,1,-1.854308364819135
6.0,0.1482291,-0.3427614,10.3314996,-0.37413093351485216,1,1.2079337803573766,-1.673000421105083,1,-1.879360262211563
6.016,0.1482291,-0.3202965,10.379372400000001,-0.35544318995862234,1,1.1679839722643626,-1.6788370140928708,1,-1.9061749616931467
6.032,0.1571562,-0.2934171,10.368973800000001,-0.3373386615115237,1,1.1315330279436642,-1.684379268904632,1,-1.9330806919571268
6.047,0.12272310000000002,-0.2934171,10.4438241,-0.3181312633142923,1,1.2804932131487863,-1.6892952933408254,1,-1.9583832511739672
6.063,0.0793629,-0.2784078,10.4438241,-0.29931675629551613,1,1.1759066886735103,-1.6942348774977039,1,-1.9854514925406754
6.079,0.0793629,-0.315882,10.4347989,-0.2810271429133806,1,1.1431008363834694,-1.698877628691375,1,-2.012596392590188
6.094,0.08534699999999999,-0.315882,10.529073,-0.2612476120564473,1,1.3186353904621695,-1.7029446893536488,1,-2.038110059975527
6.11,0.1392039,-0.3487455,10.529073,-0.241824334388685,1,1.213954854235143,-1.70696926492521,1,-2.0653893716097578
6.125,0.1392039,-0.37572300000000003,10.620404100000002,-0.22097419763633397,1,1.3900091168234319,-1.7104402539153976,1,-2.091019943001062
6.141,0.1032993,-0.32932170000000005,10.6338438,-0.2003077162614506,1,1.291655085930209,-1.7138105092265798,1,-2.1184139491061975
6.157,0.1032993,-0.3338343,10.6937829,-0.1788690565473825,1,1.3399162321292557,-1.7168439234090505,1,-2.1458591845672825
6.172,0.0928026,-0.3487455,10.6727895,-0.15825472345119884,1,1.3742888730789398,-1.7193723517590398,1,-2.171630806631043
6.188,0.0928026,-0.3487455,10.6727895,-0.1380445929647447,1,1.2631331554033831,-1.7217427462903674,1,-2.199159727415438
6.204,0.10477080000000001,-0.3487455,10.6923114,-0.11784600854600136,1,1.2624115261714575,-1.7237898711024533,1,-2.2267239883545806
6.219,0.1317483,-0.3532581,10.6923114,-0.09803472486091813,1,1.320752245672165,-1.7254089766030052,1,-2.2525929797123725
6.235,0.1317483,-0.2918475,10.7296875,-0.07791566559162533,2,1.2574412043307992,-1.7268165797266255,1,-2.2802107841630095
6.25,0.11821050000000001,-0.2918475,10.7146782,-0.05848836143100833,2,1.2951536107078274,-1.7278396099292952,1,-2.3061207055854283
6.266,0.1571562,-0.2784078,10.7146782,-0.03943918586833739,2,1.1905734726669326,-1.72862303030769,1,-2.333772406707324
6.282,0.1571562,-0.3008727,10.7266464,-0.020517068818612927,2,1.1826323156077778,-1.7291026803451854,1,-2.361434212392547
6.297,0.08829,-0.3008727,10.746168299999999,-0.0015987962242487441,2,1.261218172957639,-1.7292685493330069,1,-2.387371996615133
6.313,0.113796,-0.3173535,10.746168299999999,0.016962521366961525,2,1.1600823494506407,-1.7291456395318652,1,-2.415039310126052
6.329,0.113796,-0.3427614,10.7416557,0.03508675258835403,2,1.1327644513370305,-1.7287292453402225,1,-2.442702309205029
6.344,0.0823059,-0.3053853,10.7102637,0.0522126120535944,2,1.1417239643493144,-1.7280745001054079,1,-2.468628337295872
6.36,0.09584369999999999,-0.3053853,10.753623900000001,0.06985469917149345,3,1.1026304448686899,-1.7270979616156072,1,-2.49626971698964
6.375,0.10477080000000001,-0.3367773,10.753623900000001,0.087170864402907,3,1.1544110154275946,-1.7259202698887992,1,-2.5221673537259224
6.391,0.10477080000000001,-0.31284090000000003,10.7057511,0.10319508892935225,3,1.0015140329028274,-1.724397342262141,1,-2.5497698946231298
6.407,0.142245,-0.31284090000000003,10.6668054,0.1181503391359211,3,0.9347031379105523,-1.722626578837619,1,-2.5773460859919277
6.422,0.10477080000000001,-0.34580249999999996,10.6668054,0.13282378872011869,3,0.9782299722798597,-1.7207442728786986,1,-2.6031713673797996
6.438,0.10477080000000001,-0.3532581,10.707222600000001,0.14800633461022095,3,0.9489091181313904,-1.718497631892056,1,-2.6306853026179655
6.454,0.10477080000000001,-0.3532581,10.707222600000001,0.16289118352208654,3,0.9303030569915985,-1.7160104517469974,1,-2.658161367287078
6.469,0.1272357,-0.3532581,10.686229200000001,0.17707756013889941,3,0.9457584411208227,-1.7134606861695398,1,-2.683882400821453
6.485,0.145188,-0.3427614,10.686229200000001,0.19098355800431932,3,0.8691248665887433,-1.710516197224394,1,-2.7112742158886043
6.5,0.145188,-0.34580249999999996,10.7760888,0.20637968701562848,3,1.0264086007539657,-1.7075359728867445,1,-2.736909607164437
6.516,0.1317483,-0.2664396,10.707222600000001,0.2200765616357021,3,0.856054663754601,-1.7041243228975338,1,-2.7642028895307114
6.532,0.10928340000000002,-0.2664396,10.746168299999999,0.23426328011360376,3,0.8866699048688523,-1.7004896041635393,1,-2.7914398009472
6.547,0.0898596,-0.24544620000000003,10.746168299999999,0.24815849908333654,3,0.9263479313155385,-1.6968714408195624,1,-2.8169200087845727
6.563,0.0898596,-0.3023442,10.734200099999999,0.26157511828548685,3,0.8385387001343939,-1.6927935718806117,1,-2.844037328886174
6.579,0.0793629,-0.3023442,10.756665000000002,0.27516734685372235,3,0.8495142855147179,-1.688499632159498,1,-2.871087674518495
6.594,0.1571562,-0.3262806,10.756665000000002,0.2885235302425908,3,0.8904122259245302,-1.6842719505812755,1,-2.8963834613890516
6.61,0.1571562,-0.315882,10.7476398,0.30143487538863667,3,0.8069590716278656,-1.6795522833362257,1,-2.9232940552603917
6.625,0.1511721,-0.315882,10.7416557,0.31397410172246154,3,0.8359484222550092,-1.6749367160078925,1,-2.948452722755472
6.641,0.0898596,-0.34128990000000003,10.7416557,0.32626921150235866,3,0.7684443612435692,-1.669814769502094,1,-2.975210734639552
6.657,0.08377740000000002,-0.3307932,10.6907418,0.3373180358598038,3,0.6905515223403207,-1.6645060715231967,1,-3.0018853013677544
6.672,0.08377740000000002,-0.3098979,10.6982955,0.3482859906582956,3,0.7311969865661339,-1.6593640413243111,1,-3.0268143272141104
6.688,0.1107549,-0.3098979,10.777560300000001,0.3605971769040064,3,0.7694491403569252,-1.6536929759838128,1,-3.0533187833525752
6.704,0.1107549,-0.3427614,10.777560300000001,0.3726864683601985,3,0.7555807160120047,-1.6478267068216992,1,-3.0797309408150193
6.719,0.1107549,-0.34128990000000003,10.7266464,0.38354004340213876,3,0.7235716694626585,-1.6421550079834815,1,-3.104405803676059
6.735,0.11526750000000001,-0.34128990000000003,10.7820729,0.39526791987394105,3,0.7329922794876425,-1.6359245442772727,1,-3.130630440094145
6.75,0.11673900000000001,-0.37425150000000007,10.7820729,0.4067875808789374,3,0.7679774003331065,-1.6299091280216262,1,-3.155124192636386
6.766,0.11673900000000001,-0.36826739999999997,10.8119934,0.4186636298750539,3,0.7422530622572803,-1.6233055183355942,1,-3.181149909807244
6.782,0.0898596,-0.36826739999999997,10.7955126,0.42997882862830217,3,0.7071999220780161,-1.6165163786675674,1,-3.2070684849832696
6.797,0.1586277,-0.3262806,10.7955126,0.4410612023697933,3,0.7388249160994241,-1.6099835784350818,1,-3.231267234661539
6.813,0.145188,-0.32333760000000006,10.8509391,0.4530070451314945,3,0.7466151726063235,-1.6028310324550714,1,-3.2569697515486604
6.829,0.145188,-0.3143124,10.785114,0.4634234310494332,3,0.651024119871168,-1.595499588645624,1,-3.282556396517466
6.844,0.11821050000000001,-0.3143124,10.8134649,0.4741847494051594,3,0.7174212237150559,-1.5884675272922144,1,-3.3064361498870007
6.86,0.145188,-0.3173535,10.8134649,0.4847432414698307,3,0.6599057540419556,-1.5807961033652145,1,-3.3317902589322603
6.875,0.145188,-0.36375480000000004,10.7970822,0.49480232257601564,3,0.670605407079009,-1.5734495116348708,1,-3.3554471010447604
6.891,0.1257642,-0.36375480000000004,10.707222600000001,0.5028985658944833,3,0.5060152074042308,-1.5654679045271067,1,-3.380558440374056
6.907,0.1287072,-0.3712104,10.707222600000001,0.5108417586408773,3,0.49644954664962393,-1.5573579819308239,1,-3.4055410474657197
6.922,0.10477080000000001,-0.4027005000000001,10.8030663,0.5205242709223246,3,0.6455008187631625,-1.5496227367091,1,-3.428843402855519
6.938,0.10477080000000001,-0.4027005000000001,10.8030663,0.5300169300217838,3,0.593291193716205,-1.5412184071015471,1,-3.453570132006004
6.954,0.1212516,-0.37268190000000007,10.8030663,0.5393057282954157,3,0.5805498921019886,-1.5326638258350096,1,-3.4781611898694966
6.969,0.11526750000000001,-0.3592422,10.7416557,0.5471987966457323,3,0.5262045566877579,-1.5245150418979507,1,-3.501090031377495
6.985,0.11526750000000001,-0.3278502,10.731159000000002,0.554711714014271,3,0.4695573355336653,-1.5156997578126707,1,-3.52541174977518
7.0,0.0763218,-0.3278502,10.7715762,0.5628626118597957,3,0.543393189701658,-1.5073179503686154,1,-3.548084382586539
7.016,0.0688662,-0.30685680000000004,10.7715762,0.5708405812996364,3,0.49862308999004634,-1.4982483248233398,1,-3.5721289127880747
7.032,0.0688662,-0.2814489,10.7237034,0.5777101791044714,3,0.42934986280218596,-1.489059918740107,1,-3.5960273787365824
7.047,0.0928026,-0.2814489,10.749111300000001,0.5849466198841196,3,0.48242938530988594,-1.4803399927476928,1,-3.6182978780727404
7.063,0.1332198,-0.2769363,10.749111300000001,0.5920472010067463,3,0.44378632016417413,-1.4709240421805658,1,-3.6419079903521663
7.079,0.1332198,-0.2948886,10.8179775,0.6003676240328932,3,0.5200264391341798,-1.4613847235802486,1,-3.665366460478253
7.094,0.1078119,-0.2948886,10.7910981,0.6079925292112751,3,0.508327011892106,-1.452322022430917,1,-3.6872192610733374
7.11,0.08534699999999999,-0.2843919,10.7910981,0.6154584636216676,3,0.4666209006495277,-1.4425344144882535,1,-3.7103781125686908
7.125,0.08534699999999999,-0.2843919,10.7910981,0.6227780071612674,3,0.48796956930666696,-1.4332476409573818,1,-3.7319464779845326
7.141,0.11978010000000001,-0.3053853,10.8179775,0.6304984929202426,3,0.4825303599359505,-1.4232214289567298,1,-3.7547982305438454
7.157,0.1437165,-0.3083283,10.774617300000001,0.6372251676195813,3,0.420417168708664,-1.4130796396724112,1,-3.7774886390928786
7.188,0.145188,-0.34128990000000003,10.774617300000001,0.6438398061173487,3,0.21337543541185514,-1.393223132579489,1,-3.8209863320627826
7.204,0.1272357,-0.37268190000000007,10.7057511,0.6489912686901462,3,0.32196641079984517,-1.3828804839810291,1,-3.8431951609952666
7.219,0.1482291,-0.3652263,10.7057511,0.6540419797088681,3,0.3367140679147805,-1.3731077346180363,1,-3.8638650726347605
7.235,0.1482291,-0.344331,10.767063600000002,0.6601815621572307,3,0.3837239030226588,-1.3625939462831074,1,-3.8857506860819697
7.25,0.1482291,-0.344331,10.767063600000002,0.6662007606360163,3,0.40127989858571694,-1.3526460788621582,1,-3.9061149862705586
7.266,0.10928340000000002,-0.344331,10.743127200000002,0.6716237324307155,3,0.33893573716869935,-1.3419434829176242,1,-3.9276717027647967
7.282,0.1002582,-0.3907323,10.777560300000001,0.6776444379053039,3,0.3762940921617771,-1.3311493375549361,1,-3.9490564453285772
7.297,0.0434583,-0.3817071,10.777560300000001,0.6835333322566086,3,0.3925929567536541,-1.3209405042787221,1,-3.9689471191423293
7.313,0.0434583,-0.3622833,10.7266464,0.6882958829994905,3,0.2976594214301184,-1.3099658705566732,1,-3.9899943701410123
7.329,0.049442400000000004,-0.3622833,10.7820729,0.6940517247189142,3,0.3597401074639791,-1.298907089694926,1,-4.010865353823025
7.344,0.10928340000000002,-0.33981839999999996,10.7820729,0.6996890048722832,3,0.37581867689125653,-1.2884540342229915,1,-4.03027056225241
7.36,0.10928340000000002,-0.3053853,10.7940411,0.7054301239224579,3,0.3588199406359124,-1.2772130811926337,1,-4.050795899175735
7.375,0.1526436,-0.3053853,10.7701047,0.7105998764728039,3,0.34465017002307524,-1.2665928561896693,1,-4.069874443706102
7.391,0.1317483,-0.32932170000000005,10.7701047,0.7156766772494496,3,0.3173000485403585,-1.2551826437598912,1,-4.090048647705698
7.407,0.1317483,-0.31136939999999996,10.728216,0.7198225272008649,3,0.25911562196345694,-1.2436986501242886,1,-4.110039698056772
7.422,0.1526436,-0.31136939999999996,10.728216,0.7238925136912648,3,0.2713324326933333,-1.232870787317598,1,-4.128613968837586
7.438,0.09584369999999999,-0.3503151,10.7177193,0.7276876425125582,3,0.23719555133083747,-1.2212581460679672,1,-4.1482470003046705
7.454,0.0898596,-0.3427614,10.7177193,0.7314025548450704,3,0.23218202078201225,-1.2095854244891062,1,-4.1676937488691275
7.469,0.0898596,-0.31136939999999996,10.6787736,0.7342625604392321,3,0.1906670396107703,-1.1985929361244736,1,-4.18575508657373
7.485,0.1212516,-0.31136939999999996,10.707222600000001,0.7376301202492392,3,0.21047248812544586,-1.1868177946789658,1,-4.2048383724201575
7.5,0.0928026,-0.3008727,10.707222600000001,0.7409201944981394,3,0.21933828326001498,-1.1757286673183607,1,-4.222557470885137
7.516,0.0928026,-0.3278502,10.686229200000001,0.7437498540344443,3,0.17685372101905444,-1.1638513069301,1,-4.241274110679125
7.532,0.1257642,-0.2889045,10.731159000000002,0.7473892054262627,3,0.22745946198865477,-1.1519221944544142,1,-4.259800298690202
7.547,0.1257642,-0.2889045,10.731159000000002,0.7509571969868691,3,0.23786610404043088,-1.140684596436316,1,-4.2769948496218815
7.563,0.1257642,-0.3039138,10.7102637,0.7540538341528009,3,0.19353982287073618,-1.1286445081871985,1,-4.29514948245887
7.579,0.142245,-0.3039138,10.8060093,0.7589702463617094,3,0.3072757630567799,-1.1165403155430824,1,-4.313110961048712
7.594,0.1721655,-0.315882,10.7146782,0.7620157094805524,3,0.20303087458952676,-1.105132920874265,1,-4.329773510321843
7.61,0.142245,-0.3218661,10.7146782,0.7649963447214851,3,0.1862897025582953,-1.0929168244406489,1,-4.347357908284362
7.625,0.142245,-0.3338343,10.734200099999999,0.7683082760642517,3,0.22079542285110654,-1.081417039784756,1,-4.3636654122660525
7.641,0.11526750000000001,-0.3338343,10.7387127,0.7716373606448848,3,0.20806778628956726,-1.0690974746910828,1,-4.380869528381859
7.657,0.1107549,-0.37866600000000006,10.7387127,0.7749293827869845,3,0.20575138388123618,-1.0567249407436279,1,-4.397876107705336
7.672,0.1107549,-0.37572300000000003,10.744696800000002,0.778272087285341,3,0.22284696655710454,-1.0450759297180856,1,-4.413639614233799
7.688,0.1212516,-0.37572300000000003,10.756665000000002,0.7817859816530941,3,0.21961839798456653,-1.032595465166578,1,-4.430260985392876
7.704,0.1062423,-0.3562992,10.756665000000002,0.785214914969746,3,0.21430833229074667,-1.0200594579935953,1,-4.446682224778158
7.719,0.1062423,-0.3891627,10.6982955,0.78745523676929,3,0.1493547866362557,-1.008264431855552,1,-4.461894653952027
7.735,0.10477080000000001,-0.3891627,10.7251749,0.7901780207619922,3,0.17017399954388765,-0.9956433657953017,1,-4.477925916333233
7.75,0.0973152,-0.3891627,10.6937829,0.7922309424843945,3,0.13686144816015927,-0.983775298570954,1,-4.49277155631598
7.766,0.1032993,-0.33824879999999996,10.6937829,0.7942107784267822,3,0.12373974639923169,-0.9710837648036647,1,-4.508410428822978
7.782,0.1032993,-0.3143124,10.6923114,0.796108642071184,3,0.11861647777511297,-0.958361209439681,1,-4.523845988616924
7.797,0.0898596,-0.3143124,10.707222600000001,0.7982591536289192,3,0.14336743718234687,-0.9464034509719305,1,-4.538131723570011
7.813,0.0898596,-0.3143124,10.707222600000001,0.8003674982933653,3,0.13177154152788073,-0.9336144377565522,1,-4.553171866679839
7.829,0.12272310000000002,-0.2814489,10.707222600000001,0.8024229776881029,3,0.12846746217110006,-0.9207921139487004,1,-4.568007119093481
7.844,0.1302768,-0.2994012,10.563506100000001,0.8016328029410271,3,-0.0526783164717158,-0.9087616955939815,1,-4.581728772665051
7.86,0.1032993,-0.3202965,10.563506100000001,0.8008642882535266,3,-0.04803216796878114,-0.895941718864425,1,-4.596166399980718
7.875,0.1032993,-0.3202965,10.563506100000001,0.800110842481466,3,-0.05022971813737449,-0.8839344053839128,1,-4.60951547091258
7.891,0.1032993,-0.34128990000000003,10.587442500000002,0.7998541280720808,3,-0.016044650586577433,-0.8711346856194844,1,-4.6235560236406075
7.907,0.1377324,-0.34128990000000003,10.5455538,0.7987892787480497,3,-0.0665530827519411,-0.8583455383649233,1,-4.637391865432483
7.922,0.08377740000000002,-0.3053853,10.4812002,0.7964513660754822,3,-0.1558608448378403,-0.8463812335287471,1,-4.6501773162216855
7.938,0.10182780000000001,-0.3503151,10.4812002,0.7941899690996905,3,-0.1413373109869774,-0.8336561028473457,1,-4.663617614912694
7.954,0.10182780000000001,-0.3338343,10.463247899999999,0.7916105620704652,3,-0.1612129393265825,-0.8209696985979844,1,-4.676854621324257
7.969,0.113796,-0.3338343,10.4243022,0.7883209422169699,3,-0.21930799023301142,-0.8091202123158282,1,-4.689080295656112
7.985,0.1032993,-0.3771945,10.4243022,0.7851226599763059,3,-0.19989264004149893,-0.796532663498282,1,-4.701925518662625
8.0,0.1032993,-0.3876912,10.500624,0.7834900413723211,3,-0.10884124026565441,-0.7847680682381676,1,-4.7137852741506485
8.016,0.1287072,-0.3876912,10.385356500000002,0.7796365146693685,3,-0.24084541893454303,-0.772263055789834,1,-4.726241523142873
8.032,0.10477080000000001,-0.34128990000000003,10.3434678,0.7750005048044031,3,-0.28975061656033557,-0.7598259596340439,1,-4.738498235266264
8.047,0.1002582,-0.34128990000000003,10.295595000000002,0.7695163954681856,3,-0.36560728908115,-0.748242082881999,1,-4.749808745585135
8.063,0.1002582,-0.34128990000000003,10.295595000000002,0.76413981768758,3,-0.33603611128785155,-0.7359728331767529,1,-4.761682464913605
8.079,0.1122264,-0.33981839999999996,10.3360122,0.759662147008358,3,-0.27985441745137485,-0.7237824174591854,1,-4.773360506918692
8.094,0.10182780000000001,-0.2934171,10.3360122,0.7552423079193211,3,-0.2946559392691484,-0.7124206340472287,1,-4.784132029804989
8.11,0.10182780000000001,-0.3143124,10.3300281,0.750803896161564,3,-0.27740073485982264,-0.7003722644145816,1,-4.795434372992684
8.125,0.1287072,-0.3143124,10.2881394,0.7456374883859365,3,-0.3444271850418197,-0.6891489540304748,1,-4.805855782131022
8.141,0.1107549,-0.30685680000000004,10.2881394,0.7405638773934005,3,-0.3171006870335,-0.6772593431042401,1,-4.8167870485081
8.157,0.1107549,-0.2709522,10.244681100000001,0.7347182109741919,3,-0.36535415120053616,-0.6654570863972993,1,-4.827528779944113
8.172,0.1212516,-0.2709522,10.237225500000001,0.7288433681681497,3,-0.39165618706946675,-0.6544803745537313,1,-4.837428310901246
8.188,0.11978010000000001,-0.2889045,10.237225500000001,0.7230929998824198,3,-0.3593980178581143,-0.6428648836093267,1,-4.847807072966551
8.204,0.11978010000000001,-0.3338343,10.171302299999999,0.7161903332132145,3,-0.4314166668253346,-0.6313506169445616,1,-4.858000796970981
8.219,0.1032993,-0.3503151,10.1877831,0.7097532778532276,3,-0.42913702399915743,-0.6206560398615641,1,-4.867390846897027
8.235,0.10928340000000002,-0.3503151,10.145894400000001,0.7026228501070957,3,-0.44565173413324516,-0.6093570308378815,1,-4.877230951462622
8.25,0.142245,-0.3427614,10.145894400000001,0.6956351852182632,3,-0.4658443259221498,-0.5988700955729409,1,-4.8862926549107035
8.266,0.142245,-0.32333760000000006,10.1518785,0.688889303528212,3,-0.4216176056281991,-0.5877938996629691,1,-4.895785966872591
8.297,0.0718092,-0.34580249999999996,10.1204865,0.6816604945766986,3,-0.23318738553268412,-0.5665503777923426,1,-4.913678303173149
8.313,0.0718092,-0.33226469999999997,10.0994931,0.6741531369800207,3,-0.4692098497923731,-0.5557038687398889,1,-4.922656337145407
8.329,0.1392039,-0.33226469999999997,10.0755567,0.6663377369739756,3,-0.48846250037781713,-0.5449799417482569,1,-4.9314618076293115
8.344,0.1317483,-0.318825,10.0755567,0.658665106331151,3,-0.5115087095216765,-0.5350424204234693,1,-4.939561975345598
8.36,0.1317483,-0.3173535,10.0770282,0.651170845238477,3,-0.46839131829212693,-0.5245637328109123,1,-4.948038824571474
8.375,0.0973152,-0.318825,10.005219,0.6424095231565463,3,-0.5840881387953579,-0.5148618800479492,1,-4.955834516667916
8.391,0.11526750000000001,-0.318825,10.0545633,0.6347907122107177,3,-0.4761756841142879,-0.5046442781650111,1,-4.96399056593362
8.407,0.145188,-0.33981839999999996,10.0545633,0.6273423577894697,3,-0.4655221513280013,-0.49454721360500903,1,-4.97198409786778
8.422,0.145188,-0.3652263,10.0306269,0.6195885219639692,3,-0.5169223883666796,-0.4851952320068569,1,-4.979332166209869
8.438,0.11526750000000001,-0.3652263,9.999234900000001,0.6113640311713109,3,-0.5140306745411434,-0.4753476115817743,1,-4.987016508958578
8.454,0.1078119,-0.3547296,9.999234900000001,0.6032917710674095,3,-0.5045162564938361,-0.4656303651638645,1,-4.994544332772543
8.469,0.1078119,-0.3053853,10.0141461,0.5956380967090222,3,-0.5102449572258586,-0.456638391155542,1,-5.001461348444938
8.485,0.1392039,-0.3053853,10.0066905,0.5879959756749358,3,-0.47763256463040316,-0.44716931857647035,1,-5.0086918101227935
8.5,0.1392039,-0.3053853,10.0066905,0.5805037001513202,3,-0.49948503490768326,-0.4384055710077731,1,-5.015333621794675
8.516,0.1287072,-0.36071369999999997,10.0066905,0.5731916626236249,3,-0.4570023454809609,-0.42917600810557355,1,-5.022274274427582
8.532,0.0868185,-0.31136939999999996,9.9707859,0.5652780442400918,3,-0.49460114897081864,-0.4200682504506638,1,-5.029068228496032
8.547,0.1257642,-0.31136939999999996,9.9303687,0.5567356878148271,3,-0.5694904283509574,-0.4116531474602516,1,-5.035306138980364
8.563,0.1257642,-0.31136939999999996,9.9303687,0.5483608285743724,3,-0.5234287025284163,-0.402812375329138,1,-5.04182186316268
8.579,0.09133110000000001,-0.347274,9.9303687,0.5401661396108786,3,-0.5121680602183649,-0.39410415958365597,1,-5.048197195441982
8.594,0.09133110000000001,-0.34580249999999996,9.9258561,0.5320426996097947,3,-0.5415626667389698,-0.38606259328950154,1,-5.0540484460885295
8.61,0.1212516,-0.34580249999999996,9.901919700000002,0.5236158001267484,3,-0.5266812176903941,-0.3776173252916092,1,-5.060157885437178
8.625,0.17510850000000003,-0.3532581,9.901919700000002,0.5153750819034197,3,-0.5493812148885534,-0.3698248936763826,1,-5.065763702079439
8.641,0.17510850000000003,-0.2858634,9.9033912,0.5072821647978785,3,-0.5058073190963293,-0.3616436357027722,1,-5.0716154503144715
8.657,0.15421320000000002,-0.2858634,9.839037600000001,0.4980799712172477,3,-0.5751370987894239,-0.3536007386146512,1,-5.077337405309011
8.672,0.09878670000000002,-0.3098979,9.839037600000001,0.48905850751392954,3,-0.6014309135545194,-0.3461972000241671,1,-5.0825858898488026
8.688,0.09878670000000002,-0.3218661,9.888480000000001,0.48119035964392154,3,-0.4917592418754997,-0.3384352090869043,1,-5.088062949121691
8.704,0.09427410000000001,-0.34580249999999996,9.8495343,0.472728323042773,3,-0.5288772875717824,-0.3308038596254107,1,-5.09341686167139
8.719,0.1482291,-0.34580249999999996,9.8285409,0.4640338886670001,3,-0.5796289583849057,-0.32377814303758795,1,-5.098326226691362
8.735,0.0928026,-0.3427614,9.8285409,0.4554945292370345,3,-0.5337099643728522,-0.3164219156943557,1,-5.103447827161218
8.75,0.0928026,-0.33824879999999996,9.8196138,0.4469446150524927,3,-0.5699942789694292,-0.30965362211218395,1,-5.108143393694767
8.766,0.1212516,-0.33824879999999996,9.7851807,0.4378937165039769,3,-0.565681159282238,-0.3025749154597322,1,-5.113041221995342
8.782,0.1302768,-0.3083283,9.7851807,0.4290031887964112,3,-0.5556579817228564,-0.2956397402173291,1,-5.117826939240759
8.813,0.1317483,-0.34580249999999996,9.8076456,0.42075208955501076,3,-0.26616449165807365,-0.2824685334028818,1,-5.126787617481872
8.813,0.1317483,-0.34580249999999996,9.8076456,0.4126627765732458,3,0.0,-0.2824685334028818,1,-5.126787617481872
8.829,0.13469129999999999,-0.32333760000000006,9.8076456,0.40471784454873294,3,-0.4965582515320528,-0.27592948843390597,1,-5.131254801656566
8.844,0.15568469999999998,-0.3173535,9.8091171,0.3969597894343604,3,-0.5172036742915451,-0.26991690617903324,1,-5.135348649616163
8.86,0.15568469999999998,-0.37572300000000003,9.8225568,0.3896575533047155,3,-0.45638975810280386,-0.26362396743712063,1,-5.139616976605092
8.875,0.0868185,-0.37572300000000003,9.8196138,0.38242418178503534,3,-0.48222476797866015,-0.2578333544239473,1,-5.143527906519051
8.891,0.1002582,-0.36375480000000004,9.8196138,0.37532632000967325,3,-0.4436163609601303,-0.2517713504095896,1,-5.147604744157719
8.907,0.1002582,-0.31136939999999996,9.7986204,0.3679209380686519,3,-0.46283637131383465,-0.245825372344963,1,-5.151585517939755
8.922,0.113796,-0.31136939999999996,9.8464932,0.3616018056434296,3,-0.4212754950148045,-0.24035395176712215,1,-5.155231862870596
8.938,0.1870767,-0.3622833,9.8464932,0.3554626407026724,3,-0.38369780879732274,-0.23461743619635334,1,-5.159031633974304
8.954,0.1870767,-0.34128990000000003,9.833053500000002,0.3491658394156669,3,-0.393550080437843,-0.22898040835540662,1,-5.162740416730718
8.969,0.16912439999999998,-0.34128990000000003,9.854046900000002,0.3433974614878874,3,-0.38455852851866507,-0.22378618359863037,1,-5.166136166170372
8.985,0.1377324,-0.34580249999999996,9.854046900000002,0.33773569470305986,3,-0.35386042405172147,-0.21833711834910277,1,-5.169673152585954
9.0,0.0703377,-0.3202965,9.7866522,0.33083337934795765,3,-0.4601543570067971,-0.21332285029371995,1,-5.172910602350775
9.016,0.0703377,-0.35777070000000005,9.8734707,0.32579299606435086,3,-0.31502395522542387,-0.20806983929042147,1,-5.176281743867449
9.032,0.0928026,-0.35777070000000005,9.8734707,0.32085508042708,3,-0.3086197273294286,-0.20289665467849002,1,-5.1795694758192
9.047,0.0373761,-0.36669779999999996,9.8734707,0.31601324450505963,3,-0.3227890614680121,-0.1981201422414988,1,-5.1825771017961
9.063,0.0373761,-0.3039138,9.827069400000001,0.3103151739091423,3,-0.35612941224483186,-0.19310951489418518,1,-5.185706939053185
9.079,-0.020993400000000002,-0.3039138,9.803133,0.30425876137825725,3,-0.3785257831803165,-0.18819292341188598,1,-5.188757358559633
9.094,0.08829,-0.2484873,9.803133,0.2982978467238908,3,-0.3973943102911276,-0.18367374885112023,1,-5.191546358601606
9.11,0.08829,-0.30685680000000004,9.8016615,0.2924573784153317,3,-0.36502926928494406,-0.17894770705000645,1,-5.194447330248815
9.125,0.142245,-0.30685680000000004,9.827069400000001,0.2872417620237453,3,-0.3477077594390807,-0.17459996349671322,1,-5.197098937777915
9.141,0.1302768,-0.21709530000000002,9.827069400000001,0.28207826193100694,3,-0.3227187557961472,-0.1700454033050752,1,-5.19985610071233
9.157,0.1302768,-0.21709530000000002,9.827069400000001,0.2770160069381262,3,-0.3163909370550441,-0.16557264915412212,1,-5.202541045132003
9.172,0.1646118,-0.2529999,9.8285409,0.27210878034484587,3,-0.32714843955201134,-0.16145421324949968,1,-5.204993746600031
9.188,0.1646118,-0.2709522,9.7821396,0.2663977976133012,3,-0.35693642072154275,-0.1571461606258345,1,-5.207542549591033
9.204,0.1856052,-0.2709522,9.842078700000002,0.2619807782011936,3,-0.2760637132567243,-0.15291913201931853,1,-5.210023071932194
9.219,0.2604555,-0.3262806,9.842078700000002,0.2577164930378757,3,-0.28428567755454914,-0.14902140248502582,1,-5.212287625940976
9.235,0.2604555,-0.3592422,9.848062800000001,0.2536755244019737,3,-0.25256053974387327,-0.14493026634550701,1,-5.21463923929162
9.25,0.1661814,-0.3592422,9.8136297,0.24899917411740624,3,-0.31175668563781994,-0.1411602061066115,1,-5.216784917835011
9.266,0.173637,-0.3876912,9.8136297,0.24443825574128475,3,-0.285057398507593,-0.137212706667742,1,-5.219011901137206
9.282,0.173637,-0.41908320000000004,9.806076000000001,0.23984408935548807,3,-0.2871353991122924,-0.1333384479069678,1,-5.221176310373804
9.297,0.1437165,-0.41908320000000004,9.830012400000001,0.23579938533150901,3,-0.26964693493192654,-0.1297711218468152,1,-5.223149632146957
9.313,0.1062423,-0.48951900000000004,9.830012400000001,0.2318884124134204,3,-0.24443580738053838,-0.12602961946485575,1,-5.225196038077451
9.329,0.1122264,-0.4460607,9.821085300000002,0.22784007550180263,3,-0.2530210569761102,-0.12235179156153395,1,-5.227183089365662
9.344,0.1122264,-0.42957990000000007,9.7866522,0.22318225943561032,3,-0.3105210710795124,-0.11896912404950363,1,-5.228992996232744
9.36,0.052385400000000006,-0.42957990000000007,9.8615025,0.22007214606069248,3,-0.1943820859323651,-0.1154230888055332,1,-5.2308681339355845
9.375,0.0478728,-0.40417200000000003,9.8615025,0.21700152481355595,3,-0.20470808314242753,-0.1121450362739762,1,-5.2325748948736805
9.391,0.0478728,-0.3218661,9.8974071,0.21463537513727537,3,-0.14788435476753556,-0.10869194107436955,1,-5.234341590692467
9.407,0.1078119,-0.3218661,9.8046045,0.21050627930715748,3,-0.2580684893823679,-0.10529080783881409,1,-5.236053452683772
9.422,0.0898596,-0.2634966,9.8046045,0.2064204516692545,3,-0.27238850919352264,-0.10216385735649088,1,-5.237609362672737
9.438,0.0898596,-0.18109260000000002,9.854046900000002,0.20334737003675585,3,-0.19206760203116496,-0.09888571478284279,1,-5.2392177592498514
9.454,0.1032993,-0.18109260000000002,9.7971489,0.1992217311402804,3,-0.25785243102971456,-0.09566516197342649,1,-5.240774166263901
9.469,0.0973152,-0.2065986,9.7986204,0.19521452402702444,3,-0.267147140883753,-0.09270689005967195,1,-5.24218695665415
9.485,0.08083440000000001,-0.24397470000000002,9.7986204,0.1912997974694477,3,-0.24467040984854616,-0.08961477548770017,1,-5.2436455299785285
9.5,0.08083440000000001,-0.2754648,9.7656588,0.18683216224441956,3,-0.29784234833519757,-0.08677878578984605,1,-5.24496848168811
9.516,0.0748503,-0.2754648,9.711801900000001,0.1813956285271079,3,-0.33978335733197945,-0.08383296346367382,1,-5.246333375682138
9.532,0.1392039,-0.2843919,9.711801900000001,0.1760846355114758,3,-0.3319370634770055,-0.08097312135136514,1,-5.247651824360658
9.547,0.1078119,-0.34580249999999996,9.8105886,0.17284466212744576,3,-0.21599822560199428,-0.07835615161907312,1,-5.248846793907936
9.563,0.1078119,-0.34580249999999996,9.8105886,0.16966821763329776,3,-0.19852778088424988,-0.07561604858098718,1,-5.250078571509537
9.579,0.12272310000000002,-0.42957990000000007,9.8105886,0.16662234830505795,3,-0.19036683301498752,-0.07292572405348033,1,-5.2512669056906125
9.594,0.12272310000000002,-0.4685256,9.7791966,0.16305633784078388,3,-0.23773403095162393,-0.07045313390738671,1,-5.252342247125319
9.61,0.1257642,-0.4685256,9.783611100000002,0.1596474583723193,3,-0.21305496677903582,-0.06787150353768188,1,-5.25344884422488
9.625,0.17069399999999998,-0.46401300000000006,9.860031000000001,0.15781107332604627,3,-0.12242566975153116,-0.06549056454994405,1,-5.2544490597355376
9.641,0.1287072,-0.4235958000000001,9.860031000000001,0.15596258041696132,3,-0.11553080681780949,-0.06298037531999999,1,-5.255476827254497
9.657,0.1287072,-0.4116276,9.830012400000001,0.15355236694509955,3,-0.15063834199136025,-0.060504255741103505,1,-5.256464704302986
9.672,0.1437165,-0.4116276,9.827069400000001,0.15113583744628123,3,-0.16110196658788192,-0.058219094208168065,1,-5.257355129427606
9.688,0.16166880000000003,-0.38621970000000005,9.827069400000001,0.14875195039596,3,-0.14899294064507615,-0.05581999190543013,1,-5.258267442116515
9.704,0.16166880000000003,-0.32333760000000006,9.777627,0.14540152786971206,3,-0.2094014078904969,-0.05346676407930476,1,-5.259141736164393
9.719,0.1721655,-0.32333760000000006,9.749178,0.14156287973677095,3,-0.25590987552942746,-0.051314531022256304,1,-5.259927595877655
9.735,0.1437165,-0.2484873,9.749178,0.137747450266124,3,-0.23846434191543397,-0.04908004838223315,1,-5.260730752512891
9.75,0.1437165,-0.24701580000000004,9.8016615,0.13503474897578016,3,-0.18084675268958275,-0.04703418188791879,1,-5.261451609239917
9.766,0.08829,-0.24701580000000004,9.8046045,0.13242006590092004,3,-0.16341769217875765,-0.04489454336890518,1,-5.262187039041972
9.782,0.056898,-0.2934171,9.845021700000002,0.1306692879698783,3,-0.1094236206901077,-0.04278982853793879,1,-5.262888514017227
9.797,0.0688662,-0.2754648,9.845021700000002,0.1289441716007147,3,-0.11500775794423665,-0.04084272759115927,1,-5.263515758188196
9.813,0.0688662,-0.2754648,9.845021700000002,0.12725288104271115,3,-0.10570565987522142,-0.038793151170011864,1,-5.264152845218285
9.829,0.1078119,-0.2514303,9.836094600000001,0.12541402311107142,3,-0.11492862072748346,-0.0367718159367816,1,-5.264757364955139
9.844,0.1122264,-0.3173535,9.836094600000001,0.12364954417388319,3,-0.11763192914589145,-0.0349038391821446,1,-5.265294932368532
9.86,0.1122264,-0.3262806,9.845021700000002,0.12210032009450167,3,-0.09682650496134473,-0.032937840267997516,1,-5.265837665804133
9.875,0.1122264,-0.3262806,9.845021700000002,0.12058147295785382,3,-0.10125647577651947,-0.03111772682010478,1,-5.2663180825572935
9.891,0.1257642,-0.3262806,9.831582000000001,0.1188322563262787,3,-0.10932603947344512,-0.029202416985831717,1,-5.266800643707741
9.907,0.1511721,-0.3008727,9.831582000000001,0.11710847021937276,3,-0.10773663168162075,-0.027314891173466506,1,-5.267252782173015
9.922,0.1511721,-0.2858634,9.843550200000001,0.11564425097133224,3,-0.09761461653603105,-0.025569245764536154,1,-5.267649413200051
9.938,0.1062423,-0.3143124,9.7911648,0.11318764689219485,3,-0.15353775494608687,-0.023738590581627937,1,-5.26804387589082
9.954,0.142245,-0.3143124,9.752219100000001,0.11002499837390545,3,-0.19766553239308743,-0.021952889419499133,1,-5.268409407730829
9.969,0.0973152,-0.36669779999999996,9.752219100000001,0.10694938894993022,3,-0.2050406282650314,-0.0203255815145705,1,-5.268726496262834
9.985,0.0973152,-0.40711500000000006,9.8046045,0.10499172528826328,3,-0.12235397885418375,-0.01863005260066495,1,-5.2690381413357565
10.0,0.1032993,-0.40711500000000006,9.8615025,0.10418827717255397,3,-0.05356320771395233,-0.017061202582208758,1,-5.269305825749628
10.016,0.1377324,-0.33530580000000004,9.8615025,0.10335586796527885,3,-0.052025575454694946,-0.015400849421106096,1,-5.269565522165655
10.032,0.1377324,-0.3218661,9.871999200000001,0.10273669381801298,3,-0.03869838420411661,-0.013752108926839757,1,-5.269798745832438
10.047,0.0614106,-0.3218661,9.8824959,0.10232027958067924,3,-0.027760949155581603,-0.012214181626349508,1,-5.2699934930115875
10.063,0.1062423,-0.3876912,9.8824959,0.10196578505874321,3,-0.022155907621002037,-0.010579893109234129,1,-5.270175845609472
10.079,0.11978010000000001,-0.4311495000000001,9.889951500000002,0.10180258267304687,3,-0.010200149106021064,-0.008949746167379806,1,-5.2703320827236855
10.094,0.11978010000000001,-0.4176117,9.907903800000001,0.1019828685866031,3,0.012019060903749828,-0.007421355282932553,1,-5.270454865984563
10.11,0.1002582,-0.4176117,9.9392958,0.10277032680048492,3,0.049216138367613696,-0.005783329719835847,1,-5.270560503464585
10.125,0.1302768,-0.34580249999999996,9.9392958,0.10349513556664114,3,0.048320584410412516,-0.0042363387520823435,1,-5.270635650978124
10.141,0.1302768,-0.31284090000000003,9.943808400000002,0.10427276274919883,3,0.04860169890985584,-0.0025741955655556223,1,-5.270690135252665
10.157,0.145188,-0.31284090000000003,9.783611100000002,0.10189998466373318,3,-0.14829863034160326,-0.0009248135862521675,1,-5.270718127325879
10.172,0.1721655,-0.3173535,9.783611100000002,0.09958515310047744,3,-0.1543221042170433,0.0005863249469794693,1,-5.270720665990674
10.188,0.1721655,-0.29783160000000003,9.8495343,0.09859550245429283,3,-0.061853165386538345,0.00217177019141763,1,-5.270698601229567
10.204,0.1272357,-0.29783160000000003,9.8704296,0.09802136559693864,3,-0.03588355358463687,0.0037447051358274826,1,-5.270651269426949
10.219,0.0643536,-0.34128990000000003,9.8704296,0.0974740989150451,3,-0.03648444545957176,0.005210921119667242,1,-5.270584102230033
10.235,0.0359046,-0.2889045,9.7851807,0.09523114401597965,3,-0.14018468119159067,0.006752563063115441,1,-5.270488394356571
10.25,0.0359046,-0.2769363,9.7911648,0.09314267401083676,3,-0.13923133367618773,0.008165366698316618,1,-5.27037650988336
10.266,0.0793629,-0.2769363,9.6758973,0.08884101040252368,3,-0.26885397551956713,0.009621236173623503,1,-5.270234217060384
10.282,0.1362609,-0.2604555,9.6758973,0.08462714863690657,3,-0.2633663603510692,0.011008981445938945,1,-5.270069175319428
10.297,0.1362609,-0.3008727,9.653432400000002,0.0800786558866271,0,-0.3032328500186195,0.011744274979865495,1,-5.2698985258962345
10.313,0.1212516,-0.3008727,9.7208271,0.0769361506069508,0,-0.19640657997976857,0.012500393431814118,1,-5.269704568548941
10.329,0.1032993,-0.2963601,9.7208271,0.07384848295663105,0,-0.19297922814498475,0.013206670500322773,1,-5.269498912037484
10.344,0.1032993,-0.3367773,9.759674700000001,0.07160837099165818,0,-0.14934079766486993,0.013797596904934855,1,-5.269296380031945
10.36,0.0973152,-0.3367773,9.771642900000002,0.0696454971703151,0,-0.12267961383394244,0.014427627850230645,2,-5.269070578233904
10.375,0.1571562,-0.37268190000000007,9.771642900000002,0.06776191559506906,0,-0.12557210501639796,0.014958183445971066,2,-5.268850184649182
10.391,0.1317483,-0.37866600000000006,9.7058178,0.06462281985866092,0,-0.19619348352550842,0.015517261329600907,2,-5.268606381090978
10.407,0.1317483,-0.344331,9.7387794,0.06216606141726366,0,-0.15354740258732832,0.016031572379808304,2,-5.268353990421303
10.422,0.21258269999999999,-0.344331,9.6519609,0.05808462992303198,0,-0.27209543294876837,0.016433452564860555,2,-5.268110502734218
10.438,0.1661814,-0.3173535,9.6519609,0.05404727118489561,0,-0.2523349211335233,0.01683050777372398,2,-5.26784439105151
10.454,0.1661814,-0.3173535,9.6519609,0.050089076343585504,0,-0.24738717758188122,0.017163598553951828,2,-5.267572438200888
10.469,0.1661814,-0.3936753,9.7252416,0.04769904957092841,0,-0.15933511817715246,0.01739700949831062,2,-5.267313233640497
10.485,0.1392039,-0.3936753,9.8495343,0.047782485448591316,0,0.005214742353931707,0.01766086177846678,2,-5.267032770670283
10.5,0.1332198,-0.37866600000000006,9.8495343,0.04785113541246133,0,0.004576664258000862,0.0178781139349247,2,-5.266766228352433
10.516,0.1332198,-0.39818790000000004,9.831582000000001,0.04758183573474639,0,-0.016831229857183758,0.018141577704102362,2,-5.26647807081932
10.532,0.10182780000000001,-0.39818790000000004,9.831582000000001,0.0473104651487013,0,-0.016960661627818382,0.018400716111169946,2,-5.266185732468799
