timestamps,acc_x,acc_y,acc_z,aAcc,aStages,aJerk,aVelocity,avStages,aHeight
0.016,0.16019730000000001,-0.3622833,9.866015100000002,0.04068905842132686,0,0.0,0.0,0,0.0
0.032,0.16019730000000001,-0.41908320000000004,9.866015100000002,0.04073312011921715,0,0.002753856118142828,0.00015137742832435207,0,1.2110194265948167e-06
0.047,0.16019730000000001,-0.36071369999999997,9.8824959,0.041054024493636376,0,0.021393624961281908,0.0002647810129207534,0,4.332207735933108e-06
0.063,0.15421320000000002,-0.36071369999999997,9.843550200000001,0.040603733750304016,0,-0.028143171458272498,0.00041804307887227665,0,9.794800470277347e-06
0.078,0.17667810000000003,-0.36826739999999997,9.843550200000001,0.040175149435754065,0,-0.028572287636663418,0.0005238847027677121,0,1.6859258832577264e-05
0.094,0.17667810000000003,-0.40417200000000003,9.8584614,0.040074649291168996,0,-0.006281259036566844,0.0006658830925830965,0,2.6377401195383733e-05
0.11,0.145188,-0.40417200000000003,9.8405091,0.03961437827599923,0,-0.028766938448110402,0.000803395313120442,0,3.813162844101204e-05
0.125,0.1586277,-0.4101561,9.8076456,0.03852830868840229,0,-0.07240463917312923,0.0008894654653534531,0,5.082808427956626e-05
0.141,0.1721655,-0.3907323,9.8076456,0.03745247150283326,0,-0.06723982409806434,0.0009973117068833364,0,6.592230165746056e-05
0.157,0.17510850000000003,-0.3951468000000001,9.831582000000001,0.03687110165598284,0,-0.0363356154281513,0.001091900292153866,0,8.26359976497582e-05
0.172,0.17510850000000003,-0.3951468000000001,9.831582000000001,0.036301131217893357,0,-0.03799802920596566,0.0011406920387079357,0,9.93804401312217e-05
0.188,0.15421320000000002,-0.4176117,9.831582000000001,0.035753670644519175,0,-0.03421628583588629,0.0012171304536072363,0,0.0001182430200697431
0.203,0.15421320000000002,-0.37572300000000003,9.833053500000002,0.03521266576513682,0,-0.03606699195882372,0.0012493779766796559,0,0.0001367418332968948
0.219,0.1721655,-0.37572300000000003,9.862974000000001,0.03527426616764373,0,0.0038500251566819833,0.0013132734321418997,0,0.00015724304456746723
0.235,0.18266220000000002,-0.38023560000000006,9.862974000000001,0.035341745504519295,0,0.0042174585547227784,0.0013782015255192027,0,0.00017877484422875603
0.25,0.18266220000000002,-0.40113090000000007,9.818044200000001,0.03454402126210887,0,-0.05318161616069494,0.0014023447762689144,0,0.00019962894149216692
0.266,0.18864630000000002,-0.40113090000000007,9.8120601,0.03364693936396357,0,-0.056067618634081336,0.0014478724612774934,0,0.0002224306793925382
0.282,0.13469129999999999,-0.3592422,9.800091900000002,0.03248374419257338,0,-0.07269969821188679,0.0014769179297297878,0,0.0002458290025205964
0.297,0.1377324,-0.36071369999999997,9.800091900000002,0.03134524393532878,0,-0.07590001714964001,0.001455635340689054,0,0.00026782315204873774
0.313,0.1377324,-0.37866600000000006,9.8046045,0.030330742906302888,0,-0.0634063143141183,0.0014490432354221081,0,0.00029106058065762706
0.328,0.1377324,-0.37866600000000006,9.8046045,0.02933613405431501,0,-0.06630725679919175,0.0013965448126267424,0,0.00031240249101799344
0.344,0.1406754,-0.37866600000000006,9.883967400000001,0.029916672751735263,0,0.03628366858876584,0.001370567267075142,0,0.0003345393876556085
0.36,0.16912439999999998,-0.4221243,9.883967400000001,0.030529048702868877,0,0.03827349694585088,0.0013541330387119759,0,0.0003563369901019054
0.375,0.16912439999999998,-0.43262100000000003,9.8196138,0.029877871965661384,0,-0.04341178248049948,0.0013071849437259536,0,0.0003762968749701899
0.391,0.1856052,-0.3652263,9.8105886,0.029014852299576788,0,-0.05393872913028725,0.001278326737847858,0,0.00039698096842278045
0.407,0.1856052,-0.41309910000000005,9.8120601,0.028234776117834315,0,-0.04875476135890468,0.0012363237651871447,0,0.0004170981724470604
0.422,0.18864630000000002,-0.41309910000000005,9.8091171,0.027413487371205747,0,-0.054752583108571146,0.001153685741354945,0,0.0004350232437461261
0.438,0.18864630000000002,-0.41309910000000005,9.8091171,0.026608302325490385,0,-0.05032406535721008,0.001085860058928515,0,0.0004529396101483938
0.453,0.1796211,-0.3907323,9.728282700000001,0.024214180679789976,0,-0.15960810971336045,0.0009670286814681172,0,0.00046833627570136855
0.469,0.1721655,-0.41466870000000006,9.728282700000001,0.0218837706038304,0,-0.14565062974747395,0.0008358122917370785,0,0.0004827590034870101
0.485,0.1721655,-0.39220380000000005,9.8165727,0.021310322106485202,0,-0.03584053108407478,0.0006813650334196032,0,0.0004948964220882635
0.5,0.1721655,-0.39220380000000005,9.7821396,0.020073602914250088,0,-0.08244794614900752,0.0004917444710751183,0,0.000503694743371974
0.516,0.1526436,-0.36071369999999997,9.7821396,0.018831042338518955,0,-0.07766003598319575,0.00030298163309726983,0,0.000510052552205353
0.532,0.1526436,-0.37268190000000007,9.8120601,0.018207816836321555,0,-0.03895159388733745,9.929250649599528e-05,0,0.0005132707453220992
0.547,0.1272357,-0.37268190000000007,9.843550200000001,0.018206669877908865,0,-7.64638941793312e-05,0.0,0,0.0005140154391208192
0.563,0.1661814,-0.39818790000000004,9.843550200000001,0.01823648216170426,0,0.0018632677372121377,0.0001639463731696253,0,0.0005153270101061762
0.578,0.1661814,-0.38023560000000006,9.843550200000001,0.01825180450910935,0,0.0010214898270059307,0.0,0,0.0005165566079049484
0.594,0.1437165,-0.38023560000000006,9.7911648,0.01723361329799289,0,-0.06363695069477865,0.0002214918656575464,0,0.0005183285428302088
0.61,0.1661814,-0.4116276,9.851005800000001,0.017439374206238867,0,0.012860056765373594,0.0,0,0.0005201004777554692
0.625,0.1272357,-0.4101561,9.851005800000001,0.017628536737078093,0,0.01261083538928175,0.0002618850977662776,0,0.0005220646159887162
0.641,0.1272357,-0.37268190000000007,9.800091900000002,0.016787308791444744,0,-0.052576746602084286,3.721186199446072e-05,0,0.0005244573916668022
0.657,0.1661814,-0.37268190000000007,9.843550200000001,0.01682538682989687,0,0.002379877403257955,0.0,0,0.0005247550865627578
0.672,0.1466595,-0.36375480000000004,9.843550200000001,0.016850098227136456,0,0.0016474264826390088,5.86795648929439e-05,0,0.0005251951832994549
0.688,0.1466595,-0.41466870000000006,9.8151012,0.016356496903034312,0,-0.0308500827563842,0.0,0,0.0005256646198185985
0.703,0.1272357,-0.41466870000000006,9.8016615,0.015603999034150107,0,-0.05016652459228032,6.403604546318872e-05,0,0.0005261448901595724
0.719,0.1212516,-0.39220380000000005,9.8016615,0.014846656402335512,0,-0.047333914488412135,0.0,0,0.0005266571785232779
0.735,0.1212516,-0.37425150000000007,9.7701714,0.013473457775923237,0,-0.08582491415076714,3.420220238114363e-05,0,0.0005269307961423271
0.75,0.1781496,-0.37425150000000007,9.8016615,0.012761164014431614,0,-0.04748625076610812,0.0,0,0.0005271873126601856
0.766,0.13469129999999999,-0.3562992,9.7895952,0.01179972659787687,0,-0.06008983853467148,0.0,0,0.0005271873126601856
0.782,0.1781496,-0.3847482,9.7895952,0.010891839842225082,0,-0.05674292222823669,0.00010898152222808821,0,0.0005280591648380103
0.797,0.1781496,-0.3936753,9.7986204,0.010185500103508716,0,-0.04708931591442437,0.0,0,0.000528876526254721
0.813,0.16912439999999998,-0.3936753,9.845021700000002,0.01039884218720033,0,0.013333880230725985,0.0,0,0.000528876526254721
0.828,0.1586277,-0.37425150000000007,9.845021700000002,0.010589737777332076,0,0.012726372675449689,8.915065988075732e-05,0,0.0005295451562038266
0.844,0.1586277,-0.4027005000000001,9.8136297,0.010183948015397348,0,-0.025361860120920433,0.0,0,0.0005302583614828727
0.86,0.1406754,-0.4027005000000001,9.8105886,0.009721179046239925,0,-0.02892306057233893,0.0,0,0.0005302583614828727
0.875,0.16912439999999998,-0.37268190000000007,9.8105886,0.0092530445077319,0,-0.0312089692338683,5.6887839370481363e-05,0,0.0005306850202781514
0.891,0.16912439999999998,-0.3907323,9.8615025,0.009805224997242235,0,0.03451128059439587,0.0,0,0.0005311401229931152
0.907,0.173637,-0.3876912,9.8105886,0.00934838141635197,0,-0.02855272380564153,0.0,0,0.0005311401229931152
0.922,0.15421320000000002,-0.3876912,9.860031000000001,0.009862725286101437,0,0.034289591316631125,6.666146987428095e-06,0,0.000531190119095521
0.938,0.15421320000000002,-0.3876912,9.860031000000001,0.010366983981933586,0,0.03151616848950952,0.0,0,0.0005312434482714203
0.953,0.1586277,-0.4101561,9.860031000000001,0.010880531881131361,0,0.034236526613184964,0.0,0,0.0005312434482714203
0.969,0.1586277,-0.3996594,9.843550200000001,0.01105272082061326,0,0.01076180871761866,3.3262117186509677e-06,0,0.0005312700579651696
0.985,0.1302768,-0.3996594,9.8464932,0.011271036731677953,0,0.013644744441543276,0.0,0,0.0005312966676589188
1.0,0.1661814,-0.3817071,9.8464932,0.011481706488943644,0,0.014044650484379405,0.0,0,0.0005312966676589188
1.016,0.1661814,-0.3712104,9.7911648,0.010596442251982197,0,-0.0553290148100904,2.9187036219048557e-05,0,0.0005315301639486713
1.032,0.16912439999999998,-0.3712104,9.821085300000002,0.010315692894200978,0,-0.01754683486132612,0.0,0,0.0005317636602384237
1.047,0.1721655,-0.42957990000000007,9.821085300000002,0.010088097571173904,0,-0.015173021535138394,0.0,0,0.0005317636602384237
1.063,0.1721655,-0.37866600000000006,9.7806681,0.0090321457198268,0,-0.0659969907091939,2.4744922068331565e-06,0,0.0005317834561760783
1.078,0.16166880000000003,-0.38023560000000006,9.8016615,0.008405851671797748,0,-0.04175293653526981,0.0,0,0.0005318020148676295
1.094,0.16019730000000001,-0.38023560000000006,9.7895952,0.007554980070141326,0,-0.05317947510352634,0.0,0,0.0005318020148676295
1.11,0.1721655,-0.41908320000000004,9.7895952,0.006755838576365747,0,-0.04994634336097366,0.0,0,0.0005318020148676295
1.125,0.1721655,-0.38023560000000006,9.8285409,0.006704250958330604,0,-0.0034391745356762,0.0,0,0.0005318020148676295
1.141,0.1586277,-0.38023560000000006,9.836094600000001,0.006797193746221453,0,0.005808924243178021,8.439490489822385e-05,0,0.0005324771741068153
1.157,0.1377324,-0.37866600000000006,9.836094600000001,0.006880960880316422,0,0.005235445880935603,0.0,0,0.000533152333346001
1.172,0.1377324,-0.37866600000000006,9.8136297,0.00652296726661028,0,-0.023866240913742977,0.0,0,0.000533152333346001
1.188,0.15421320000000002,-0.37866600000000006,9.8584614,0.007055090232489292,0,0.0332576853674382,0.0,0,0.000533152333346001
1.203,0.1646118,-0.40711500000000006,9.783611100000002,0.00613609584647179,0,-0.061266292401166295,1.9079585974815516e-06,0,0.0005331666430354821
1.219,0.1586277,-0.3847482,9.8524773,0.006564559411208037,0,0.026778972796015463,0.0,0,0.000533181906704262
1.235,0.18266220000000002,-0.3847482,9.8076456,0.006114547586790309,0,-0.02812573902610802,0.0,0,0.000533181906704262
1.25,0.18266220000000002,-0.3847482,9.8076456,0.005673359523635568,0,-0.029412537543649555,0.0,0,0.000533181906704262
1.266,0.1032993,-0.37866600000000006,9.8076456,0.005213518410025486,0,-0.02874006960063011,0.0,0,0.000533181906704262
1.282,0.1032993,-0.36973890000000004,9.845021700000002,0.005488326512995911,0,0.017175506435651564,0.0,0,0.000533181906704262
1.297,0.145188,-0.36973890000000004,9.848062800000001,0.005827684378417075,0,0.022623857694744398,5.0935224510155475e-05,0,0.0005335639208880881
1.313,0.13469129999999999,-0.4027005000000001,9.848062800000001,0.006182790728461285,0,0.02219414687776309,0.0,0,0.0005339714026841694
1.328,0.13469129999999999,-0.3996594,9.8615025,0.006791789867282461,0,0.040599942588078045,0.0,0,0.0005339714026841694
1.344,0.1856052,-0.3996594,9.8405091,0.006993820608107271,0,0.01262692130155062,0.0,0,0.0005339714026841694
1.36,0.173637,-0.39671639999999997,9.8405091,0.007185277957868053,0,0.011966084360048857,0.0,0,0.0005339714026841694
1.375,0.173637,-0.3907323,9.8674866,0.007896764391110977,0,0.04743242888286197,8.116136978152805e-05,0,0.0005345801129575308
1.391,0.16912439999999998,-0.3248091,9.7971489,0.007167720759904128,0,-0.04556522695042804,0.0,0,0.000535229403915783
1.407,0.18109260000000002,-0.39818790000000004,9.8165727,0.00689068780860147,0,-0.01731455945641612,0.0,0,0.000535229403915783
1.422,0.18109260000000002,-0.3876912,9.8464932,0.007196977954999184,0,0.020419343093181073,0.0,0,0.000535229403915783
1.438,0.18109260000000002,-0.3876912,9.8464932,0.007497262412252681,0,0.018767778578343535,3.735593570271256e-05,0,0.0005355282514014048
1.453,0.1631403,-0.3876912,9.803133,0.0069360896672545636,0,-0.037411516333207516,0.0,0,0.0005358084209191751
1.469,0.1392039,-0.39671639999999997,9.803133,0.006385762845312115,0,-0.034395426371403,0.0,0,0.0005358084209191751
1.485,0.1392039,-0.347274,9.827069400000001,0.006278469959404731,0,-0.006705805369211498,0.0,0,0.0005358084209191751
1.5,0.1466595,-0.347274,9.7911648,0.005471913116778637,0,-0.05377045617507327,0.0,0,0.0005358084209191751
1.516,0.1482291,-0.4116276,9.7911648,0.004730493376273515,0,-0.04633873378157012,2.3241883853081236e-05,0,0.0005359943559899998
1.532,0.1482291,-0.37572300000000003,9.7911648,0.003975331072773258,0,-0.04719764396876598,0.0,0,0.0005361802910608245
1.547,0.1482291,-0.39220380000000005,9.783611100000002,0.0030996611777673877,0,-0.05837799300039175,0.0,0,0.0005361802910608245
1.563,0.1646118,-0.39220380000000005,9.874942200000001,0.0040354237847815,0,0.05848516293838197,0.0,0,0.0005361802910608245
1.578,0.13469129999999999,-0.3891627,9.874942200000001,0.0049415981853790925,0,0.06041162670650566,0.0,0,0.0005361802910608245
1.594,0.13469129999999999,-0.39818790000000004,9.8255979,0.004870397585087005,0,-0.004450037518255452,0.0,0,0.0005361802910608245
1.61,0.13469129999999999,-0.39818790000000004,9.8255979,0.004800593074996584,0,-0.004362781880651308,0.0,0,0.0005361802910608245
1.625,0.16765290000000002,-0.3876912,9.839037600000001,0.004997149232385922,0,0.013103743825955964,0.0,0,0.0005361802910608245
1.641,0.16765290000000002,-0.347274,9.7926363,0.0042511489960919135,0,-0.04662501476837551,7.36926103786957e-05,0,0.0005367698319438541
1.657,0.1721655,-0.347274,9.8854389,0.005339558665676591,0,0.06802560434904231,0.0,0,0.0005373593728268837
1.672,0.1466595,-0.42506730000000004,9.8854389,0.0064581032079331635,0,0.07456963615043863,0.0,0,0.0005373593728268837
1.688,0.1466595,-0.42506730000000004,9.8854389,0.007554715504264564,0,0.06853826852071249,0.0,0,0.0005373593728268837
1.703,0.15568469999999998,-0.3951468000000001,9.8165727,0.00725914969314978,0,-0.01970438740765211,0.0,0,0.0005373593728268837
1.719,0.17510850000000003,-0.3951468000000001,9.854046900000002,0.007709869941765035,0,0.028170015538453417,8.18594314824228e-05,0,0.000538014248278743
1.735,0.1781496,-0.37866600000000006,9.854046900000002,0.008140143996993032,0,0.026892128451749795,0.0,0,0.0005386691237306023
1.75,0.1781496,-0.37866600000000006,9.854046900000002,0.008561981306041133,0,0.028122487269873576,0.0,0,0.0005386691237306023
1.766,0.1107549,-0.37572300000000003,9.7971489,0.007839223504619852,0,-0.04517236258883002,0.0,0,0.0005386691237306023
1.782,0.1721655,-0.39818790000000004,9.7971489,0.0071653906868451855,0,-0.04211455111091663,8.517203478225141e-05,0,0.0005393505000088603
1.797,0.1721655,-0.4281084,9.806076000000001,0.006704332291608495,0,-0.030737226349112926,0.0,0,0.0005399892902697273
1.813,0.1721655,-0.4281084,9.806076000000001,0.006252314257061187,0,-0.02825112715920672,0.0,0,0.0005399892902697273
1.828,0.1272357,-0.4281084,9.8165727,0.006001329376088549,0,-0.016732325398175717,0.0,0,0.0005399892902697273
1.844,0.1377324,-0.36973890000000004,9.8165727,0.005711573779379364,0,-0.018109724794324027,0.0,0,0.0005399892902697273
1.86,0.1362609,-0.4116276,9.8016615,0.005167665253800635,0,-0.03399428284867054,6.548759426782194e-05,0,0.0005405131910238699
1.875,0.1362609,-0.3951468000000001,9.8120601,0.00482484395798366,0,-0.02285475305446516,0.0,0,0.0005410043479808785
1.891,0.1526436,-0.3951468000000001,9.8704296,0.005636910628878056,0,0.050754166930899694,0.0,0,0.0005410043479808785
1.907,0.19610190000000002,-0.38023560000000006,9.821085300000002,0.0054699977408638745,0,-0.01043205550088632,0.0,0,0.0005410043479808785
1.922,0.19610190000000002,-0.38023560000000006,9.821085300000002,0.005306357654575322,0,-0.010909339085903559,0.0,0,0.0005410043479808785
1.938,0.1646118,-0.38023560000000006,9.8136297,0.004988539337521303,0,-0.019863644815876196,0.0,0,0.0005410043479808785
1.953,0.1661814,-0.3951468000000001,9.8136297,0.004689010775752678,0,-0.019968570784574834,4.8744184261154816e-05,0,0.0005413699293628371
1.969,0.1661814,-0.4101561,9.843550200000001,0.00499350119068076,0,0.019030650933005138,0.0,0,0.0005417598828369263
1.985,0.1946304,-0.4101561,9.8105886,0.004656616742453323,0,-0.02105527801421479,0.0,0,0.0005417598828369263
2.0,0.1930608,-0.3712104,9.8105886,0.004295350245360652,0,-0.024084433139511596,0.0,0,0.0005417598828369263
2.016,0.1437165,-0.3831786,9.877983300000002,0.005253914229696122,0,0.05991024902096681,0.0,0,0.0005417598828369263
2.032,0.1437165,-0.39220380000000005,9.8674866,0.005994988595750428,0,0.046317147878394097,0.0,0,0.0005417598828369263
2.047,0.1526436,-0.39220380000000005,9.9288972,0.007927200740210694,0,0.12881414296401666,4.134673429003269e-05,0,0.0005420699833441016
2.063,0.15421320000000002,-0.3278502,9.9288972,0.009776282514261325,0,0.11556761087816438,0.0,0,0.0005424007572184219
2.078,0.15421320000000002,-0.34580249999999996,9.9064323,0.011160873290741335,0,0.09230605176533599,0.0,0,0.0005424007572184219
2.094,0.1212516,-0.34580249999999996,9.855518400000001,0.011511709823933458,0,0.021927283324507642,2.1383933780722703e-05,0,0.0005425718286886678
2.11,0.1466595,-0.3876912,9.855518400000001,0.01189297349283791,0,0.023828979306528254,0.0,0,0.0005427429001589136
2.125,0.1466595,-0.37572300000000003,9.6503913,0.008239015678629613,0,-0.24359718761388446,0.0,0,0.0005427429001589136
2.141,0.1646118,-0.37572300000000003,9.704346300000001,0.005719368036089634,0,-0.15747797765874857,0.0,0,0.0005427429001589136
2.157,0.18413369999999998,-0.38621970000000005,9.704346300000001,0.003264069299982353,0,-0.15345617100670492,4.314588750723228e-05,0,0.0005430880672589715
2.172,0.142245,-0.3907323,9.8524773,0.0037485602340758817,0,0.03229939560623499,0.0,0,0.0005434116614152757
2.188,0.142245,-0.36669779999999996,9.871999200000001,0.004587930175169674,0,0.052460621318361995,0.0,0,0.0005434116614152757
2.203,0.1586277,-0.36669779999999996,9.800091900000002,0.004006947753296686,0,-0.03873216145820007,0.0,0,0.0005434116614152757
2.219,0.1497006,-0.4056435,9.800091900000002,0.003464670087446109,0,-0.03389235411566102,0.0,0,0.0005434116614152757
2.235,0.1497006,-0.37572300000000003,9.783611100000002,0.0025867809825825816,0,-0.05486806905397041,0.0,0,0.0005434116614152757
2.25,0.1392039,-0.37572300000000003,9.690808500000001,-9.505102591234049e-05,0,-0.17878880056632665,0.0,0,0.0005434116614152757
2.266,0.1721655,-0.35178660000000006,9.690808500000001,-0.0027315262466895973,0,-0.1647797012985784,0.0,0,0.0005434116614152757
2.282,0.1721655,-0.35178660000000006,9.690808500000001,-0.005316305874902838,0,-0.1615487267633274,0.0,0,0.0005434116614152757
2.297,0.1721655,-0.40417200000000003,9.7222986,-0.0071935555055677725,0,-0.12514997537766126,0.0,0,0.0005434116614152757
2.313,0.16019730000000001,-0.40417200000000003,9.889951500000002,-0.0057539180389731825,0,0.08997734166216179,0.0,0,0.0005434116614152757
2.328,0.16019730000000001,-0.40417200000000003,9.889951500000002,-0.0043425087579986865,0,0.09409395206496841,0.0,0,0.0005434116614152757
2.344,0.1661814,-0.3847482,9.851005800000001,-0.003734969997838178,0,0.03797117251003176,0.0,0,0.0005434116614152757
2.36,0.1526436,-0.3771945,9.8016615,-0.004116065288449988,0,-0.023818455663238126,0.0,0,0.0005434116614152757
2.375,0.1526436,-0.3771945,9.8016615,-0.0044896881223817076,0,-0.024908188928781085,0.0,0,0.0005434116614152757
2.391,0.1362609,-0.37866600000000006,9.8016615,-0.004859603557534342,0,-0.02311971469703964,0.0,0,0.0005434116614152757
2.407,0.1362609,-0.37425150000000007,9.7851807,-0.0055484735338175994,0,-0.04305437351770354,0.0,0,0.0005434116614152757
2.422,0.1781496,-0.37425150000000007,9.743193900000001,-0.007033181973417513,0,-0.0989805626399934,0.0,0,0.0005434116614152757
2.438,0.1287072,-0.36826739999999997,9.743193900000001,-0.008508498965149158,0,-0.09220731198322776,-7.508165903054656e-05,0,0.0005428110081430313
2.453,0.1287072,-0.37572300000000003,9.827069400000001,-0.008306046604854345,0,0.013496824019654529,0.0,0,0.0005422478957003023
2.469,0.1781496,-0.37572300000000003,9.806076000000001,-0.008503707335650645,0,-0.012353795674768787,0.0,0,0.0005422478957003023
2.485,0.1406754,-0.37268190000000007,9.806076000000001,-0.008711700683420531,0,-0.012999584235617855,0.0,0,0.0005422478957003023
2.5,0.1406754,-0.37268190000000007,9.806076000000001,-0.008915615730252568,0,-0.013594336455469034,-0.00010559691958473031,0,0.0005414559188034167
2.516,0.1406754,-0.38621970000000005,9.7806681,-0.00960302546684666,0,-0.042963108537130666,0.0,0,0.000540611143446739
2.532,0.1406754,-0.38621970000000005,9.743193900000001,-0.011011094302027402,0,-0.08800430219879632,0.0,0,0.000540611143446739
2.547,0.2080701,-0.4056435,9.743193900000001,-0.012352465760287146,0,-0.08942476388398217,-9.388570777987782e-05,0,0.0005399070006383899
2.563,0.2080701,-0.39220380000000005,9.759674700000001,-0.013355495468728051,0,-0.06268935677755655,0.0,0,0.0005391559149761509
2.578,0.1646118,-0.39220380000000005,9.8524773,-0.012537161981301281,0,0.0545555658284525,0.0,0,0.0005391559149761509
2.594,0.1661814,-0.4056435,9.8524773,-0.011723698344257016,0,0.05084147731526651,-0.0001878312110916813,0,0.0005376532652874174
2.61,0.1661814,-0.3996594,9.8615025,-0.0107541812173082,0,0.06059482043430092,0.0,0,0.0005361506155986839
2.625,0.18266220000000002,-0.3996594,9.8674866,-0.009680745109429623,0,0.07156240719190461,-2.0916195034741125e-05,0,0.0005359937441359234
2.641,0.16019730000000001,-0.3847482,9.8105886,-0.00976225996762281,0,-0.0050946786370742415,0.0,0,0.0005358264145756454
2.657,0.18109260000000002,-0.39671639999999997,9.8105886,-0.00982571916519781,0,-0.003966199848437487,0.0,0,0.0005358264145756454
2.672,0.18109260000000002,-0.40417200000000003,9.803133,-0.010028012384061924,0,-0.013486214590940793,0.0,0,0.0005358264145756454
2.688,0.1526436,-0.40417200000000003,9.8285409,-0.00973811259837376,0,0.018118736605510204,-0.0001401960551926612,0,0.0005347048461341041
2.703,0.1482291,-0.37425150000000007,9.8285409,-0.009478432346591958,0,0.017312016785453833,0.0,0,0.0005336533757201591
2.719,0.1482291,-0.347274,9.8120601,-0.009566159109557049,0,-0.0054829226853181316,0.0,0,0.0005336533757201591
2.735,0.17069399999999998,-0.347274,9.7986204,-0.00990833109742617,0,-0.02138574924182011,-9.247279558495872e-05,0,0.0005329135933554794
2.75,0.16912439999999998,-0.36973890000000004,9.7986204,-0.010228223927708058,0,-0.021326188685458963,0.0,0,0.0005322200473885922
2.766,0.1362609,-0.3592422,9.7821396,-0.010882431824455807,0,-0.0408879935467343,0.0,0,0.0005322200473885922
2.782,0.1437165,-0.3831786,9.7821396,-0.011503925980253626,0,-0.03884338473736367,-9.147306672845426e-05,0,0.0005314882628547645
2.797,0.1437165,-0.3831786,9.7821396,-0.012113233976133841,0,-0.040620533058680665,0.0,0,0.0005308022148543012
2.813,0.16166880000000003,-0.37866600000000006,9.7821396,-0.012708547537094717,0,-0.03720709756005466,0.0,0,0.0005308022148543012
2.828,0.16166880000000003,-0.3847482,9.7417224,-0.01407930977757843,0,-0.09138414936558287,-0.00016808494836723434,0,0.0005295415777415469
2.844,0.11978010000000001,-0.3847482,9.7806681,-0.014672057321620358,0,-0.037046721502620415,0.0,0,0.000528196898154609
2.86,0.1870767,-0.3622833,9.7806681,-0.01524930806216318,0,-0.036078171283926395,-0.00013746680823109245,0,0.0005270971636887603
2.875,0.1870767,-0.4056435,9.8136297,-0.01513626028369508,0,0.007536518564539974,0.0,0,0.000526066162627027
2.891,0.1362609,-0.4056435,9.806076000000001,-0.015189798303616442,0,-0.0033461262450851206,-0.00010796703952352382,0,0.0005252024263108388
2.907,0.16912439999999998,-0.3547296,9.806076000000001,-0.01527093265986501,0,-0.005070897265535552,0.0,0,0.0005243386899946507
2.922,0.16912439999999998,-0.3876912,9.8091171,-0.015266457286321256,0,0.0002983582362503487,-8.068331182777347e-05,0,0.0005237335651559424
2.938,0.1482291,-0.3876912,9.8584614,-0.01430201669981912,0,0.06027753665638341,0.0,0,0.0005230880986613202
2.953,0.17510850000000003,-0.37572300000000003,9.848062800000001,-0.013560643353390134,0,0.04942488976193347,-2.6201054115961714e-05,0,0.0005228915907554505
2.969,0.1571562,-0.37572300000000003,9.848062800000001,-0.012839739756323354,0,0.0450564748166737,0.0,0,0.0005226819823225228
2.985,0.1571562,-0.37572300000000003,9.848062800000001,-0.012132971523906022,0,0.0441730145260832,0.0,0,0.0005226819823225228
3.0,0.1571562,-0.3652263,9.7971489,-0.012445292592657253,0,-0.02082140458341524,-0.00012152279010973002,0,0.0005217705613966998
3.016,0.1107549,-0.36826739999999997,9.7672284,-0.013347913090894892,0,-0.056413781139852355,0.0,0,0.000520798379075822
3.032,0.1107549,-0.37866600000000006,9.803133,-0.013521604876610027,0,-0.010855736607195954,-4.2824579318187506e-05,0,0.0005204557824412764
3.047,0.16166880000000003,-0.37866600000000006,9.806076000000001,-0.013620376323821404,0,-0.006584763147425048,0.0,0,0.00052013459809639
3.063,0.16166880000000003,-0.37866600000000006,9.806076000000001,-0.013717211075990221,0,-0.006052172010551077,0.0,0,0.00052013459809639
3.078,0.145188,-0.3622833,9.806076000000001,-0.01382932495721434,0,-0.007474258748274724,-0.0001716891577689464,0,0.000518846929413123
3.094,0.145188,-0.38621970000000005,9.827069400000001,-0.01351007083636091,0,0.01995338255333932,0.0,0,0.0005174734161509714
3.11,0.1212516,-0.3562992,9.8196138,-0.013371661439718352,0,0.008650587290159877,-0.00010545818232618465,0,0.0005166297506923619
3.125,0.1212516,-0.3562992,9.8196138,-0.013235965952812734,0,0.009046365793707803,0.0,0,0.0005158388143249155
3.141,0.1631403,-0.4056435,9.8196138,-0.013053542543268293,0,0.011401463096527554,-1.5331455738818583e-05,0,0.0005157161626790049
3.157,0.1631403,-0.4235958000000001,9.836094600000001,-0.012537039582459997,0,0.032281435050518476,0.0,0,0.0005155935110330943
3.172,0.1497006,-0.4235958000000001,9.851005800000001,-0.011742778036358814,0,0.0529507697400784,0.0,0,0.0005155935110330943
3.188,0.17667810000000003,-0.4235958000000001,9.851005800000001,-0.010955336745881894,0,0.049215080654807467,-8.373966314371636e-05,0,0.0005149235937279446
3.203,0.1287072,-0.39220380000000005,9.7956774,-0.011307277026112672,0,-0.023462685348719037,0.0,0,0.0005142955462543667
3.219,0.16019730000000001,-0.4101561,9.7956774,-0.01162881719219655,0,-0.020096260380242353,0.0,0,0.0005142955462543667
3.235,0.16019730000000001,-0.4101561,9.7956774,-0.011944052649141668,0,-0.019702216059069837,-0.0001227809789108511,0,0.0005133132984230799
3.25,0.16019730000000001,-0.40113090000000007,9.854046900000002,-0.01111703240907147,0,0.055134682671346046,0.0,0,0.0005123924410812485
3.266,0.1646118,-0.42663690000000004,9.871999200000001,-0.009932190698975774,0,0.07405260688098096,0.0,0,0.0005123924410812485
3.282,0.1586277,-0.42663690000000004,9.842078700000002,-0.00935855205738001,0,0.03585241509973521,-0.00011845884376267615,0,0.0005114447703311471
3.297,0.173637,-0.40711500000000006,9.842078700000002,-0.00880739514441764,0,0.03674379419749099,0.0,0,0.000510556329002927
3.313,0.173637,-0.3831786,9.7956774,-0.009194866057969264,0,-0.024216932096976486,0.0,0,0.000510556329002927
3.328,0.1362609,-0.3831786,9.821085300000002,-0.009088555274141541,0,0.007087385588515038,-3.584719738608175e-05,0,0.0005102874750225314
3.344,0.1437165,-0.40113090000000007,9.821085300000002,-0.008968204205730856,0,0.007521941775667777,0.0,0,0.0005100006974434428
3.36,0.1437165,-0.39220380000000005,9.8046045,-0.009180136814364914,0,-0.013245788039628602,0.0,0,0.0005100006974434428
3.375,0.1482291,-0.39220380000000005,9.8120601,-0.00924054288737608,0,-0.004027071534077668,0.0,0,0.0005100006974434428
3.391,0.11526750000000001,-0.3532581,9.8120601,-0.009337420369897487,0,-0.006054842657587928,-0.00011226680520707438,0,0.0005091025630017861
3.407,0.11526750000000001,-0.3876912,9.8644455,-0.008380628449144112,0,0.05979949504708587,0.0,0,0.0005082044285601295
3.422,0.1586277,-0.37425150000000007,9.8240283,-0.008232792081830809,0,0.009855757820886797,0.0,0,0.0005082044285601295
3.438,0.1497006,-0.37425150000000007,9.8944641,-0.006710657660519814,0,0.09513340133193707,0.0,0,0.0005082044285601295
3.453,0.1586277,-0.40113090000000007,9.8944641,-0.0051950114082472965,0,0.10104308348483668,-8.745196569627522e-05,0,0.0005075485388174075
3.469,0.1526436,-0.3996594,9.8255979,-0.005061142450381695,0,0.008366809866600093,0.0,0,0.0005068489230918373
3.485,0.1392039,-0.36375480000000004,9.8255979,-0.004961134612619489,0,0.00625048986013787,0.0,0,0.0005068489230918373
3.5,0.1392039,-0.36375480000000004,9.8255979,-0.004863087712852376,0,0.0065364599844741095,0.0,0,0.0005068489230918373
3.516,0.1392039,-0.4101561,9.9168309,-0.002944000787357126,0,0.11994293284345303,0.0,0,0.0005068489230918373
3.532,0.20954160000000002,-0.4101561,9.9153594,-0.0010671388231333623,0,0.11730387276398513,0.0,0,0.0005068489230918373
3.547,0.1526436,-0.38023560000000006,9.9153594,0.0007292050169951381,0,0.1197562560085657,0.0,0,0.0005068489230918373
3.563,0.1526436,-0.38023560000000006,9.9184005,0.002549905010466702,0,0.11379374959197265,0.0,0,0.0005068489230918373
3.578,0.1526436,-0.3817071,9.957248100000001,0.005097079062000631,0,0.1698116034355989,0.0,0,0.0005068489230918373
3.594,0.1482291,-0.3817071,9.895935600000001,0.006391817550962742,0,0.08092115556013184,0.0,0,0.0005068489230918373
3.61,0.1946304,-0.3622833,9.895935600000001,0.007662612219389686,0,0.07942466677668396,0.0,0,0.0005068489230918373
3.625,0.1946304,-0.3622833,9.895935600000001,0.00890848934529842,0,0.08305847506058159,0.0,0,0.0005068489230918373
3.641,0.1946304,-0.37572300000000003,9.891423,0.010051353605222246,0,0.07142901624523905,0.0,0,0.0005068489230918373
3.657,0.1631403,-0.37572300000000003,9.9722574,0.012744294023638858,0,0.1683087761510381,0.0,0,0.0005068489230918373
3.672,0.1586277,-0.37572300000000003,10.0396521,0.016703373753951922,0,0.2639386486875354,4.667515758987814e-05,0,0.0005071989867737614
3.688,0.1586277,-0.37572300000000003,10.0396521,0.020584824469944252,0,0.24259066974952037,0.0,0,0.0005075723880344804
3.703,0.10182780000000001,-0.37572300000000003,10.0201302,0.023993238821509166,0,0.2272276234376658,0.00017931621806694135,0,0.0005089172596699825
3.719,0.1661814,-0.38621970000000005,10.0201302,0.02735950186462688,0,0.2103914401948568,9.013814355603167e-05,0,0.0005110728945629662
3.735,0.17667810000000003,-0.34580249999999996,10.0291554,0.030811185894485504,0,0.21573025186616393,5.5503645628930676e-05,0,0.000512238028876446
3.75,0.17667810000000003,-0.3951468000000001,10.024642799999999,0.034142500347950744,0,0.22208763023101413,4.265629244720737e-05,0,0.000512974228412017
3.766,0.16019730000000001,-0.3951468000000001,10.109989800000001,0.03907504179002963,0,0.3082838401299301,0.00012839662955104912,0,0.000514342651788003
3.782,0.16765290000000002,-0.4056435,10.109989800000001,0.043921378615005224,0,0.3028960515609744,0.0002923679927913296,0,0.0005177087687667421
3.797,0.16765290000000002,-0.36669779999999996,10.133926200000001,0.049112515025274917,0,0.3460757606846433,0.0004901221950934366,0,0.0005235774451758778
3.813,0.15421320000000002,-0.36669779999999996,10.1968083,0.055429722113153446,0,0.39482544299240774,0.0008264600922008622,0,0.0005341101034742322
3.828,0.1631403,-0.35777070000000005,10.1968083,0.0616195706978111,0,0.412656572310519,0.0012043297882830773,0,0.0005493410275778614
3.844,0.1631403,-0.39671639999999997,10.145894400000001,0.06671885339388872,1,0.31870516850485114,0.0022310371810166773,0,0.0005768239633322594
3.86,0.1257642,-0.39671639999999997,10.154919600000001,0.07188454117699905,1,0.32285548644439527,0.003339864337583779,0,0.0006213911754810631
3.875,0.1721655,-0.39818790000000004,10.154919600000001,0.07696340406684854,1,0.33859085932329647,0.004456223926912646,0,0.0006798618374647867
3.891,0.1631403,-0.39220380000000005,10.157862600000001,0.08199285566584891,1,0.3143407249375227,0.005727874004774227,0,0.0007613346209182818
3.907,0.1631403,-0.39671639999999997,10.1593341,0.08695595082387797,1,0.31019344737681614,0.007079464456692042,0,0.000863793328610012
3.922,0.1796211,-0.39671639999999997,10.241738100000001,0.0934414710337208,1,0.4323680139895186,0.008432445120624042,0,0.0009801326504398837
3.938,0.18109260000000002,-0.3996594,10.241738100000001,0.0998025733209662,1,0.39756889295283726,0.009978397475461538,0,0.0011274193912085685
3.953,0.1646118,-0.3951468000000001,10.3030506,0.10723123223509212,1,0.49524392760840513,0.011531151017131945,0,0.0012887410049030163
3.969,0.15568469999999998,-0.3876912,10.3030506,0.1145059635563932,1,0.45467070758131684,0.013305048583463833,0,0.0014874306017077826
3.985,0.15568469999999998,-0.3831786,10.2611619,0.12081406230334579,1,0.39425617168453686,0.015187608790341749,0,0.0017153718606982276
4.0,0.15568469999999998,-0.3831786,10.2611619,0.1269984728395741,1,0.4122940357485508,0.01704620280391366,0,0.0019571254476551453
4.016,0.1437165,-0.3831786,10.301579100000001,0.13385006660298515,1,0.42822461021318997,0.019132991119454136,0,0.002246558999042088
4.032,0.17069399999999998,-0.40113090000000007,10.301579100000001,0.1405887695447987,1,0.4211689338633469,0.021328501808636408,0,0.0025702509424668125
4.047,0.1257642,-0.3771945,10.306091700000001,0.1472533758693242,1,0.4443070883017081,0.023487317899242285,0,0.0029063695902758957
4.063,0.1257642,-0.40711500000000006,10.3345407,0.15436695799812306,1,0.44459888304992884,0.025900280570181865,0,0.0033014703780312894
4.078,0.1482291,-0.40711500000000006,10.4213592,0.16304773422266727,1,0.5787184149695925,0.02828089076183788,0,0.003707829163021453
4.094,0.1437165,-0.3831786,10.4213592,0.17153927929932422,1,0.5307215672910588,0.030957586870013813,0,0.004181736984076267
4.11,0.1437165,-0.36669779999999996,10.371916800000001,0.17888394184014444,1,0.4590414088012636,0.03376097263912956,0,0.004699485460149414
4.125,0.1497006,-0.36669779999999996,10.407821400000001,0.1867897506377627,1,0.5270539198412288,0.03650352533271381,0,0.005226469194938228
4.141,0.1526436,-0.39818790000000004,10.407821400000001,0.1945640521257399,1,0.4858938429985744,0.03955435575482183,0,0.005834932243638513
4.157,0.1526436,-0.3936753,10.4438241,0.2028879101863179,1,0.5202411287861248,0.042733971453318295,0,0.0064932388613036345
4.172,0.1362609,-0.3936753,10.466190899999999,0.21148233284830553,1,0.572961510799187,0.0458417482760779,0,0.007157556759274092
4.188,0.1392039,-0.3278502,10.4318559,0.21919169308275244,1,0.4818350146529311,0.049287140483526365,0,0.007918587869350928
4.203,0.1511721,-0.39220380000000005,10.4318559,0.22679667166488038,1,0.5069985721418435,0.05263205321913374,0,0.008682981822120907
4.219,0.1511721,-0.4027005000000001,10.539569700000001,0.2363706285875189,1,0.5983723076649067,0.056337391621152935,0,0.009554737380843201
4.235,0.18266220000000002,-0.4027005000000001,10.4812002,0.24462314278947694,1,0.5157821376223777,0.0601853417921689,0,0.010486919248149778
4.25,0.18266220000000002,-0.4027005000000001,10.4812002,0.25271384298747535,1,0.5393800131999049,0.06391536918549597,0,0.011417674580482245
4.266,0.1257642,-0.3891627,10.4812002,0.26061948157221515,1,0.49410241154623735,0.0680220357819735,0,0.012473173820222002
4.282,0.1257642,-0.36973890000000004,10.530642600000002,0.26932511910867873,1,0.5441023460289736,0.07226159258742065,0,0.013595442847177156
4.297,0.1392039,-0.3876912,10.4902254,0.2770841346837507,1,0.517267705004809,0.07635966199086379,0,0.014710102256514266
4.313,0.1392039,-0.34580249999999996,10.5201459,0.2852486253121338,1,0.5102806642739428,0.08085832407083086,0,0.015967846145007823
4.328,0.1392039,-0.34580249999999996,10.5201459,0.29325302788898,1,0.5336268384563934,0.08519708646983938,0,0.017213261724062897
4.344,0.16912439999999998,-0.34580249999999996,10.5440823,0.30157810108889826,1,0.5203170749948911,0.08995573550166241,0,0.01861448429983491
4.36,0.15421320000000002,-0.4116276,10.5680187,0.31025071537544235,1,0.5420383929090051,0.09485036603337714,0,0.020092933112115227
4.375,0.15421320000000002,-0.4116276,10.5680187,0.3187532784014646,1,0.5668375350681626,0.09956789598670385,0,0.021551070077265803
4.391,0.15421320000000002,-0.36826739999999997,10.5904836,0.32749795274281723,1,0.5465421463345383,0.1047379058358581,0,0.0231855164918463
4.407,0.11526750000000001,-0.36826739999999997,10.584499500000002,0.3359441964784118,1,0.5278902334746589,0.11004544302962793,0,0.024903783282770188
4.422,0.16765290000000002,-0.37268190000000007,10.584499500000002,0.3442415733877269,1,0.5531584606210178,0.11514683630362385,0,0.02659272537776954
4.438,0.16765290000000002,-0.3847482,10.5785154,0.35226747242002254,1,0.5016186895184789,0.12071890867008586,0,0.02847965133755922
4.453,0.17667810000000003,-0.3847482,10.5335856,0.3592586099495456,1,0.4660758353015205,0.12605535428785783,0,0.030330458309743867
4.469,0.1796211,-0.38621970000000005,10.5335856,0.3661146965480384,1,0.42850541240579926,0.13185834073983851,0,0.03239376786996544
4.485,0.1796211,-0.3891627,10.5201459,0.3725751668468913,1,0.40377939367830484,0.13776785964699795,0,0.03455077747306013
4.5,0.1317483,-0.3891627,10.611477,0.3806845344610572,1,0.5406245076110727,0.14341730740680744,0,0.03665966622596362
4.516,0.15421320000000002,-0.33226469999999997,10.6189326,0.388749028890917,1,0.5040309018662366,0.14957277591362325,0,0.03900358689252707
4.532,0.145188,-0.36826739999999997,10.6189326,0.39667617313363657,1,0.4954465151699723,0.15585617752981967,0,0.04144701852007462
4.547,0.145188,-0.38621970000000005,10.630900800000001,0.40469487316497954,1,0.5345800020895429,0.16186646037705915,0,0.043829938304376155
4.563,0.16166880000000003,-0.38621970000000005,10.583028,0.411623052160186,1,0.4330111872004046,0.1683970037796605,0,0.046472046017629914
4.578,0.11673900000000001,-0.37572300000000003,10.583028,0.4183964014710799,1,0.45155662072624325,0.1746221496818952,0,0.04904468966859168
4.594,0.11673900000000001,-0.37572300000000003,10.5919551,0.4252118604524977,1,0.42596618633861066,0.18137101577728384,0,0.05189263499226511
4.625,0.1302768,-0.36973890000000004,10.5335856,0.4307489373263369,1,0.17861538302707264,0.19463840814285566,0,0.057720781063027214
4.625,0.1302768,-0.36973890000000004,10.5335856,0.43617744406539494,1,0.0,0.19463840814285566,0,0.057720781063027214
4.641,0.1302768,-0.37572300000000003,10.617461100000002,0.4431471146391832,1,0.435604410861767,0.2016730046124923,0,0.06089127236507
4.657,0.11673900000000001,-0.37572300000000003,10.584499500000002,0.4493311781037175,1,0.38650396653339103,0.2088128309544355,0,0.06417515904960543
4.672,0.1661814,-0.34580249999999996,10.6069644,0.45582715026896814,1,0.4330648110167201,0.2156015184172305,0,0.06735826666989285
4.688,0.1437165,-0.37268190000000007,10.6069644,0.4622071582102265,1,0.3987504963286478,0.22294579288506405,0,0.07086664516031121
4.703,0.1437165,-0.3771945,10.585971,0.4680538564498846,1,0.38977988264385927,0.22992275049501515,0,0.07426315923566194
4.719,0.1466595,-0.3771945,10.6189326,0.4744325399752167,1,0.39866772033325637,0.23746264166641595,0,0.07800224237295339
4.735,0.1646118,-0.42506730000000004,10.630900800000001,0.4809611907178173,1,0.4080406714125347,0.2451057915119602,0,0.0818627898383804
4.75,0.1646118,-0.42506730000000004,10.630900800000001,0.4873618287007595,1,0.4267091988628234,0.25236821415759936,0,0.08559384488090202
4.766,0.1272357,-0.42506730000000004,10.630900800000001,0.49362691339348785,1,0.3915677932955216,0.26021612409435335,1,0.08969451958691764
4.782,0.16166880000000003,-0.3562992,10.630900800000001,0.49972880535623077,1,0.3813682476714316,0.2681629698443511,1,0.09392155233842728
4.797,0.16166880000000003,-0.37268190000000007,10.626388200000001,0.5056336404982584,1,0.39365567613518604,0.2757031881882596,1,0.09800054852367177
4.813,0.17510850000000003,-0.37268190000000007,10.608435900000002,0.511075125878218,1,0.34009283624747394,0.2838368583192714,1,0.10247686889573202
4.828,0.11821050000000001,-0.35777070000000005,10.584499500000002,0.5159153988404501,1,0.3226848641487948,0.2915392872546617,1,0.10679218998753667
4.844,0.1526436,-0.39220380000000005,10.584499500000002,0.5206932993860498,1,0.2986187840999796,0.2998321568404737,1,0.11152316154029776
4.86,0.1526436,-0.3996594,10.6488531,0.5266437916724982,1,0.3719057679030243,0.3082108535689421,1,0.1163875056235731
4.875,0.16166880000000003,-0.3996594,10.6009803,0.5315423066093796,1,0.3265676624587687,0.31614724930605603,1,0.12107019139513549
4.891,0.1497006,-0.40711500000000006,10.6009803,0.5363468868682784,1,0.3002862661811709,0.3246903628538773,1,0.12619689229241496
4.907,0.1497006,-0.37572300000000003,10.638356400000001,0.541766884088009,1,0.33874982623316424,0.33331527302152764,1,0.1314609373794182
4.922,0.1661814,-0.37572300000000003,10.5799869,0.5459417581576282,1,0.2783249379746226,0.3414730878383697,1,0.1365218500858673
4.938,0.1661814,-0.37572300000000003,10.5799869,0.5500347719513723,1,0.25581336210900285,0.35024090007924175,1,0.1420555619892082
4.953,0.1482291,-0.3847482,10.5799869,0.5540486593147094,1,0.2675924908891283,0.3585215258137377,1,0.14737128018340576
4.969,0.1482291,-0.3622833,10.6129485,0.5586141685929551,1,0.2853443298903577,0.367422828436999,1,0.15317883501741164
4.985,0.145188,-0.42065280000000005,10.644340500000002,0.563746508080996,1,0.32077121800255765,0.3764017138503906,1,0.15912943135571075
5.0,0.145188,-0.42065280000000005,10.644340500000002,0.5687782134614281,1,0.33544702536214527,0.38489564926195863,1,0.16483916157905326
5.016,0.16912439999999998,-0.37572300000000003,10.644340500000002,0.5736852526074507,1,0.30668994662641474,0.3940353569905097,1,0.171070609629073
5.032,0.16912439999999998,-0.3817071,10.5799869,0.5772393868859425,1,0.22213339240573207,0.4032427541064568,1,0.17744883451784874
5.047,0.17667810000000003,-0.3817071,10.5934266,0.5809895666360436,1,0.2500119833400832,0.41192947125787155,1,0.18356262620808106
5.063,0.1721655,-0.3771945,10.5934266,0.5846615907803194,1,0.2295015090172379,0.42125468051720244,1,0.19022809942228167
5.078,0.1721655,-0.38023560000000006,10.647381600000001,0.5893208696294199,1,0.31061858994001795,0.4300595489702758,1,0.196612956143438
5.094,0.17667810000000003,-0.38023560000000006,10.641397500000002,0.5937729940654943,1,0.2782577772546533,0.43952429987983516,1,0.20356962693423888
5.11,0.1317483,-0.3652263,10.641397500000002,0.5981147633101198,1,0.2713605777890924,0.4490594019388401,1,0.21067829654878828
5.125,0.1317483,-0.37866600000000006,10.6189326,0.6019404291031663,1,0.25504438620310144,0.45805981588193956,1,0.217481690682444
5.141,0.142245,-0.37866600000000006,10.605492900000002,0.6054304029182216,1,0.2181233634409583,0.46771878253811067,1,0.2248879194698044
5.157,0.1946304,-0.37268190000000007,10.5949962,0.6086584379777058,1,0.20175219121776317,0.4774314932652781,1,0.23244912167623152
5.172,0.142245,-0.3891627,10.5949962,0.6118184704997525,1,0.21066883480311535,0.4865850700788599,1,0.2396792459013124
5.188,0.142245,-0.44154810000000005,10.596467700000002,0.6149856001925187,1,0.19794560579788884,0.49639950264439914,1,0.24754312248309848
5.203,0.1946304,-0.44154810000000005,10.656308700000002,0.6192790855359416,1,0.2862323562281816,0.5056564877873634,1,0.25505854241133696
5.219,0.142245,-0.36669779999999996,10.656308700000002,0.623416552074012,1,0.25859165862940325,0.515598052888243,1,0.2632285787367418
5.235,0.142245,-0.3951468000000001,10.6218756,0.6268181839427864,1,0.21260199179839992,0.5255999307763775,1,0.2715581626060588
5.25,0.1497006,-0.3951468000000001,10.5680187,0.6290999458012099,1,0.15211745722823236,0.5350193167494572,1,0.2795128069625024
5.266,0.11978010000000001,-0.34580249999999996,10.5680187,0.6312955980198325,1,0.13722826366391316,0.5451024811000256,1,0.2881537813452983
5.282,0.11978010000000001,-0.3592422,10.6818147,0.6356868614841797,1,0.2744539665217036,0.5552383407760577,1,0.296956507920307
5.297,0.15568469999999998,-0.347274,10.5650757,0.6377058051626108,1,0.13459624522873812,0.5647887857759084,1,0.30535671136944653
5.313,0.1482291,-0.347274,10.6189326,0.6407384077360181,1,0.18953766083795714,0.5750163394790975,1,0.3144751523714866
5.328,0.16166880000000003,-0.4101561,10.6189326,0.6437593303558256,1,0.20139484132049001,0.5846500725147866,1,0.32317265046144106
5.344,0.16166880000000003,-0.39220380000000005,10.6218756,0.6467653914522487,1,0.18787881852644334,0.5949742702892512,1,0.33260964520387337
5.36,0.1946304,-0.39220380000000005,10.6218756,0.6497233410701089,1,0.18487185111626375,0.6053461801494301,1,0.34221220880738284
5.375,0.1497006,-0.3951468000000001,10.6218756,0.652611160983529,1,0.19252132756134618,0.6151136889148322,1,0.3513656578253646
5.391,0.1497006,-0.37425150000000007,10.6278597,0.655544780336097,1,0.18335120953549816,0.6255789364453892,1,0.3612911988282464
5.407,0.1317483,-0.37425150000000007,10.6009803,0.6578895408586298,1,0.1465475326583031,0.636086411014947,1,0.3713845216079291
5.422,0.1377324,-0.3847482,10.6009803,0.660197178626035,1,0.1538425178270145,0.6459720614110818,1,0.38099996015112414
5.438,0.1377324,-0.37268190000000007,10.583028,0.6620993639903023,1,0.11888658526670859,0.6565504337520125,1,0.3914201401124289
5.453,0.145188,-0.37572300000000003,10.5335856,0.6629995570750307,1,0.060012872315219665,0.6664886756600029,1,0.4013429334330194
5.469,0.1392039,-0.37572300000000003,10.5171048,0.6635575974821162,1,0.03487752544284459,0.6771011328964601,1,0.4120916519014711
5.485,0.1646118,-0.4311495000000001,10.5171048,0.6641535399932419,1,0.037246406945357045,0.687722821996263,1,0.4230102435406129
5.5,0.1646118,-0.3996594,10.548594900000001,0.6653303649184661,1,0.07845499501494806,0.6976939512831006,1,0.4334008693402079
5.516,0.173637,-0.3996594,10.5650757,0.666809827707878,1,0.0924664243382444,0.7083510728241114,1,0.44464922953306557
5.532,0.1586277,-0.3532581,10.5650757,0.6682232624336795,1,0.08833967036259152,0.7190313375452438,1,0.4560682888160204
5.547,0.1586277,-0.3712104,10.5665472,0.6696498750847741,1,0.09510751007298016,0.7290653860766321,1,0.4669290142431842
5.563,0.1586277,-0.3712104,10.5051366,0.6698452684265312,1,0.012212083859819412,0.7397813472247226,1,0.47867978810959505
5.578,0.145188,-0.38621970000000005,10.5051366,0.6700436244116901,1,0.013223732343921286,0.7498305139210096,1,0.48985187706818845
5.594,0.1497006,-0.3652263,10.4871843,0.6698728632526301,1,-0.010672572441250408,0.7605498458223242,1,0.5019349199461351
5.61,0.1497006,-0.37425150000000007,10.472175,0.6694176024106788,1,-0.028453802621952715,0.7712641695476307,1,0.5141894320690948
5.625,0.1497006,-0.37425150000000007,10.472175,0.6689712682519033,1,-0.029755610585032996,0.7813020860775998,1,0.5258336789862839
5.641,0.1332198,-0.40417200000000003,10.4482386,0.6680821582300531,1,-0.055569376365638364,0.7919985134894554,1,0.5384200837828204
5.657,0.1332198,-0.3771945,10.4512797,0.6672503035341002,1,-0.0519909184970579,0.8026811731835686,1,0.5511775212762046
5.672,0.142245,-0.3771945,10.3824135,0.6650877824984054,1,-0.14416806904632365,0.8126737088288122,1,0.5632926828912972
5.688,0.142245,-0.3771945,10.3824135,0.6629676638359587,1,-0.13250741640291597,0.8232981523994871,1,0.5763804577811236
5.703,0.16019730000000001,-0.3936753,10.3824135,0.6609062261989109,1,-0.13742917580318165,0.833227206574749,1,0.5888043979734308
5.719,0.16019730000000001,-0.3996594,10.3898691,0.6590357507596831,1,-0.11690471495173761,0.8437867423904177,1,0.602220509565152
5.735,0.1062423,-0.3996594,10.3329711,0.6560736379386238,1,-0.18513205131620564,0.8543076175000042,1,0.6158052644442754
5.75,0.1406754,-0.4340925,10.3329711,0.6532048800582935,1,-0.19125052535536166,0.8641272063849809,1,0.6286935256234125
5.766,0.17510850000000003,-0.39818790000000004,10.328556599999999,0.6502878709011455,1,-0.18231307232174904,0.8745551483926564,1,0.6426029844616337
5.782,0.17510850000000003,-0.3996594,10.3465089,0.6477808641422431,1,-0.1566879224313976,0.8849396982730034,1,0.6566789432349589
5.797,0.15421320000000002,-0.3996594,10.351021500000002,0.645404906297486,1,-0.1583971896504755,0.8946385915513012,1,0.6700257804086409
5.813,0.1377324,-0.344331,10.351021500000002,0.6430320231582307,1,-0.14830519620345747,0.904946086986947,1,0.6844224578369469
5.828,0.1377324,-0.3876912,10.298538,0.6397074364856188,1,-0.22163911150745352,0.9145666329342762,1,0.6980688032363566
5.844,0.16019730000000001,-0.3876912,10.235754000000002,0.6352243715229218,1,-0.28019156016856317,0.9247660873983445,1,0.7127834649990176
5.86,0.17069399999999998,-0.4027005000000001,10.235754000000002,0.6308438864055148,1,-0.27378031983793494,0.934894633461772,1,0.7276607507658985
5.875,0.17069399999999998,-0.35777070000000005,10.2222162,0.6262513460444783,1,-0.30616935740244067,0.9443228477051467,1,0.7417548818746501
5.891,0.1437165,-0.35777070000000005,10.2401685,0.6220924827180632,1,-0.2599289579009454,0.9543095983352471,1,0.7569439414429733
5.907,0.18413369999999998,-0.44311770000000006,10.2401685,0.6180932229946965,1,-0.2499537327104171,0.9642310839809491,1,0.7722922669015029
5.922,0.1511721,-0.4161402,10.3106043,0.6155194527335404,1,-0.17158468407707883,0.9734831790489107,1,0.7868251238742265
5.938,0.1511721,-0.3847482,10.1968083,0.6107427801875005,1,-0.2985420341274911,0.9832932769122791,1,0.8024793355219161
5.953,0.145188,-0.37572300000000003,10.2297699,0.6066972742885941,1,-0.26970039326041634,0.9924240773208501,1,0.8172972156786651
5.969,0.145188,-0.37572300000000003,10.2297699,0.6027310920347642,1,-0.24788639086437114,1.0020995042514371,1,0.8332534043312434
5.985,0.145188,-0.35178660000000006,10.1279421,0.5968307718101631,1,-0.3687700140375668,1.0116959991621965,1,0.8493637683585524
6.0,0.1317483,-0.35178660000000006,10.1758149,0.5919805841644674,1,-0.32334584304638486,1.0206120843320061,1,0.8646060789847586
6.016,0.15568469999999998,-0.3876912,10.1758149,0.5872576826977856,1,-0.29518134166761606,1.0300459904669041,1,0.8810113435831499
6.032,0.15568469999999998,-0.3592422,10.1204865,0.5815228663505803,1,-0.35842602170033067,1.0393962348592911,1,0.8975668813857595
6.047,0.1526436,-0.3592422,10.1234295,0.5759572527561456,1,-0.3710409062956504,1.0480773357525914,1,0.9132229331653482
6.063,0.1466595,-0.39220380000000005,10.1234295,0.5705230036684021,1,-0.3396405679839673,1.0572491778039879,1,0.9300655452738008
6.078,0.1466595,-0.37866600000000006,10.142951400000001,0.5655676857160703,1,-0.3303545301554434,1.0657698579743717,1,0.9459881880421391
6.094,0.16912439999999998,-0.37425150000000007,10.148935500000002,0.5608304114722955,1,-0.2960796402359242,1.0747810427518787,1,0.9631125952479491
6.11,0.1392039,-0.37425150000000007,10.069572599999999,0.5546221975289853,1,-0.3880133714568853,1.083704663623889,1,0.9803804808989552
6.125,0.1796211,-0.4027005000000001,10.069572599999999,0.5485697500299054,1,-0.40349649993867265,1.0919786032305805,1,0.9966981054003634
6.141,0.1796211,-0.33981839999999996,10.068101100000002,0.5425617249717192,1,-0.37550156613663754,1.1007076550305934,1,1.014239595466453
6.157,0.16166880000000003,-0.33981839999999996,10.060547399999999,0.5365175340708177,1,-0.3777619313063415,1.1093402891029338,1,1.0319199790195213
6.172,0.16019730000000001,-0.347274,10.060547399999999,0.5305963839702823,1,-0.3947433400357017,1.1173436434882418,1,1.0486201085139548
6.188,0.16019730000000001,-0.3847482,10.0276839,0.524174217615311,1,-0.40138539718570476,1.1257818083009266,1,1.0665651121282682
6.203,0.173637,-0.3847482,10.008162,0.5174999157735378,1,-0.4449534561181965,1.1335943643013433,1,1.0835104334227859
6.219,0.18109260000000002,-0.3907323,10.008162,0.5109636127281441,1,-0.40851894033710995,1.1418220725293569,1,1.1017137649174316
6.235,0.18109260000000002,-0.3907323,10.008162,0.5045554724875618,1,-0.4005087650363889,1.1499462252110826,1,1.120047911299355
6.25,0.1586277,-0.40868460000000006,9.9288972,0.49672684733465644,1,-0.5219083435270371,1.157455842609749,1,1.137353426808011
6.266,0.1856052,-0.40868460000000006,9.9378243,0.489235747894222,1,-0.46819371502715385,1.16534354337158,1,1.1559358218958617
6.282,0.1856052,-0.40868460000000006,9.9378243,0.48189153275654206,1,-0.459013446104994,1.1731125616167861,1,1.1746434707357687
6.297,0.19757340000000004,-0.36826739999999997,9.855518400000001,0.4730524878927369,1,-0.589269657587023,1.1802746417716556,1,1.1922938747611815
6.313,0.1212516,-0.36826739999999997,9.845021700000002,0.46415691355245237,1,-0.5559733962677833,1.187772316983217,1,1.2112382504312205
6.328,0.1212516,-0.36826739999999997,9.845021700000002,0.45543576223844795,1,-0.5814100876002724,1.194669262051649,1,1.2291065622739827
6.344,0.18864630000000002,-0.3996594,9.845021700000002,0.44693037840576366,1,-0.5315864895427675,1.2018881911768027,1,1.2482790218998103
6.36,0.18864630000000002,-0.3547296,9.862974000000001,0.43890975843299174,1,-0.5012887482982449,1.2089749122715128,1,1.2675659267273969
6.375,0.1511721,-0.3547296,9.8854389,0.4314739101656766,1,-0.4957232178210197,1.2155027897860027,1,1.285749509492828
6.391,0.1257642,-0.37268190000000007,9.8689581,0.4238669338740433,1,-0.4754360182270818,1.2223455165383204,1,1.3052522959434225
6.407,0.1856052,-0.3771945,9.8689581,0.41643096685647585,1,-0.4647479385979643,1.2290678997441644,1,1.3248636032736825
6.422,0.1856052,-0.38621970000000005,9.886910400000001,0.4094993164973797,1,-0.46211002393975337,1.2352623768693183,1,1.3433460803482833
6.438,0.1377324,-0.38621970000000005,9.8974071,0.40289388654773717,1,-0.41283937185265757,1.2417615224936793,1,1.3631622715431873
6.453,0.15568469999999998,-0.3847482,9.8974071,0.3964220652745478,1,-0.4314547515459402,1.2477563921323467,1,1.3818336559028832
6.469,0.15568469999999998,-0.38023560000000006,9.8809263,0.3897508515859496,1,-0.4169508555373898,1.2540457754672307,1,1.4018480732436798
6.485,0.0898596,-0.38023560000000006,9.8375661,0.38234488898851104,1,-0.4628726623399078,1.2602225413918264,1,1.4219622197785522
6.5,0.1272357,-0.39671639999999997,9.8375661,0.37510497122077524,1,-0.48266118451573053,1.265903415343396,1,1.440908164454066
6.516,0.1272357,-0.36973890000000004,9.8495343,0.3682209093073272,1,-0.4302538695905019,1.2718500223876208,1,1.4612101919559142
6.532,0.16912439999999998,-0.36973890000000004,9.800091900000002,0.3605155457837874,1,-0.4815852202212363,1.2776799140283497,1,1.481606431447242
6.547,0.1631403,-0.3487455,9.866015100000002,0.3542358253453983,1,-0.41864802922594835,1.2830405493118184,1,1.5008118349222928
6.563,0.1482291,-0.36973890000000004,9.866015100000002,0.3480896033413696,1,-0.38413887525179347,1.2886591527413125,1,1.5213854325387177
6.578,0.1482291,-0.36071369999999997,9.7986204,0.34073692325854843,1,-0.49017867218806105,1.293825351690812,1,1.5407540663219594
6.594,0.145188,-0.36071369999999997,9.806076000000001,0.33367359463942137,1,-0.44145803869544104,1.2992206358339957,1,1.5614984342221578
6.61,0.17667810000000003,-0.37866600000000006,9.806076000000001,0.3267721468800566,1,-0.43134048496029603,1.3045042017661514,1,1.582328232922959
6.625,0.17667810000000003,-0.37425150000000007,9.7866522,0.3196221821755785,1,-0.4766643136318869,1.3093521592340687,1,1.6019321556304604
6.641,0.1526436,-0.37425150000000007,9.8196138,0.3132502479726593,1,-0.3982458876824465,1.3144151386752545,1,1.6229222940137351
6.657,0.1257642,-0.3652263,9.8196138,0.3069891303514929,1,-0.3913198513229018,1.3193770537018477,1,1.643992631552752
6.672,0.1257642,-0.4027005000000001,9.8151012,0.30079108608872573,1,-0.4132029508511525,1.3239354053251493,1,1.663817474995454
6.688,0.11978010000000001,-0.4027005000000001,9.821085300000002,0.29483033377730195,1,-0.3725470194639865,1.3287003766840775,1,1.6850385612515277
6.703,0.19011780000000003,-0.3532581,9.7686999,0.2879446166063069,1,-0.4590478113996536,1.3330711888119546,1,1.7050018479927487
6.719,0.17069399999999998,-0.36375480000000004,9.7686999,0.2811944328595306,1,-0.42188648417351665,1.3376243012076814,1,1.7263674119129058
6.735,0.17069399999999998,-0.38023560000000006,9.848062800000001,0.27614363285187515,1,-0.3156750004784656,1.3420830057333726,1,1.7478050703684342
6.75,0.16912439999999998,-0.38023560000000006,9.839037600000001,0.27101453085222005,1,-0.34194013331034767,1.3461866919611531,1,1.7679670931011429
6.766,0.1586277,-0.3652263,9.839037600000001,0.2659714349875095,1,-0.3151934915444074,1.350482579687871,1,1.789540447274335
6.782,0.1586277,-0.40711500000000006,9.7552602,0.2594183682861164,1,-0.40956666883706877,1.35468569811406,1,1.8111817934967505
6.797,0.2140542,-0.40711500000000006,9.7701714,0.25330658318124577,1,-0.40745234032471855,1.358531135250065,1,1.831530919746981
6.813,0.21258269999999999,-0.42065280000000005,9.7701714,0.24732523986410726,1,-0.37383395732115654,1.362536189834428,1,1.853299458347657
6.828,0.21258269999999999,-0.3936753,9.7252416,0.24055910774186984,1,-0.45107547481581106,1.366195322441473,1,1.873764944689727
6.844,0.1990449,-0.39220380000000005,9.7417224,0.23424169206760048,1,-0.3948384796418344,1.3699937288399486,1,1.8956544570999785
6.86,0.1406754,-0.39220380000000005,9.749178,0.22817426544767905,1,-0.3792141637450893,1.373693056500071,1,1.9176039513826986
6.875,0.1377324,-0.39671639999999997,9.749178,0.22222856156047932,1,-0.3963802591466569,1.377071077702632,1,1.9382346823892185
6.891,0.1377324,-0.40417200000000003,9.735738300000001,0.21614216828864308,1,-0.3803995794897649,1.380578043541425,1,1.960295875359171
6.907,0.1586277,-0.40417200000000003,9.669913200000002,0.20889194796661492,1,-0.45313877012675935,1.383978316471467,1,1.982412326239274
6.922,0.16912439999999998,-0.40113090000000007,9.669913200000002,0.2017848928597754,1,-0.4738036737893108,1.3870583927776647,1,2.003195101558642
6.938,0.16912439999999998,-0.40113090000000007,9.669913200000002,0.19481719177463752,1,-0.4354813178211177,1.39023120945474,1,2.0254134183765014
6.953,0.1482291,-0.3817071,9.686394000000002,0.18828685797592293,1,-0.4353555865809564,1.3931044898278693,1,2.0462884361211215
6.969,0.1631403,-0.38023560000000006,9.686394000000002,0.1818881311463123,1,-0.39992042685066365,1.396065889740847,1,2.0686017991576713
6.985,0.1631403,-0.4176117,9.723770100000001,0.17637710582397048,1,-0.3444390826463636,1.3989320116366093,1,2.090961782368691
7.0,0.1631403,-0.4176117,9.723770100000001,0.1709741398216753,1,-0.36019773348635253,1.4015371459789516,1,2.111965301050807
7.016,0.1571562,-0.37572300000000003,9.6474483,0.16414652584843026,1,-0.42672587332781525,1.4042181113043124,1,2.134411343109073
7.032,0.16912439999999998,-0.37572300000000003,9.6489198,0.1574855780796991,1,-0.41630923554569726,1.4067911681357375,1,2.1568994173445937
7.047,0.1466595,-0.39671639999999997,9.6489198,0.1509644970784656,1,-0.4347387334155758,1.4091045436994236,1,2.178018635183357
7.063,0.1466595,-0.3652263,9.657945000000002,0.14472374095555374,1,-0.390047257681991,1.4114700496036958,1,2.200583231929782
7.078,0.1661814,-0.3652263,9.634008600000001,0.13814261129111927,1,-0.43874197762894807,1.413591547245546,1,2.221771193906152
7.094,0.1646118,-0.3652263,9.634008600000001,0.13168999547150761,1,-0.40328848872572787,1.4157502080996471,1,2.2444059279489137
7.11,0.1646118,-0.3771945,9.556117200000001,0.12384705626678638,1,-0.49018370029507663,1.4177945045135534,1,2.2670742856498194
7.125,0.1646118,-0.3771945,9.572598000000001,0.11648075437501149,1,-0.4910867927850035,1.419596963093367,1,2.2883547216568707
7.141,0.1302768,-0.3487455,9.572598000000001,0.10922739522056624,1,-0.4533349471528277,1.4214026282901315,1,2.3110827183879388
7.157,0.1302768,-0.3771945,9.5381649,0.10146282215067437,1,-0.48528581686824124,1.4230881500291015,1,2.3338386446144925
7.172,0.1946304,-0.36826739999999997,9.506772900000001,0.09325019214536212,1,-0.5475086670208282,1.4245484976363216,1,2.3551959194719827
7.188,0.1870767,-0.36826739999999997,9.4932351,0.08493042700547981,1,-0.5199853212426437,1.4259739425895284,1,2.3780000989937897
7.203,0.1511721,-0.3771945,9.4932351,0.07676813024563423,1,-0.5441531173230186,1.4271866817689118,1,2.399398803676479
7.219,0.1511721,-0.36826739999999997,9.4947066,0.06878783968580748,1,-0.4987681599891709,1.4283511295283633,1,2.422243106166857
7.235,0.1302768,-0.36826739999999997,9.5022603,0.06110594482927745,2,-0.4801184285331268,1.429390279804484,1,2.44510503744152
7.25,0.1122264,-0.347274,9.5022603,0.053554676410472624,2,-0.503417894586999,1.430250234463782,1,2.4665523412985313
7.266,0.1122264,-0.3503151,9.4183848,0.04451028349222064,2,-0.5652745573907486,1.4310347541430035,1,2.4894426212073855
7.282,0.1332198,-0.3503151,9.4633146,0.036528874200373096,2,-0.49883808074047087,1.4316830674045442,1,2.512344363779766
7.297,0.1796211,-0.39818790000000004,9.4633146,0.028756076301171163,2,-0.5181865266134732,1.4321727045333057,1,2.5338232820692994
7.313,0.1796211,-0.4056435,9.4109292,0.02011585662656401,2,-0.5400137296629466,1.4325636799967276,1,2.55674117314554
7.344,0.16019730000000001,-0.39818790000000004,9.3915054,0.011251485073779932,2,-0.28594746944464233,1.433049873793083,1,2.6011581832292827
7.36,0.15421320000000002,-0.41466870000000006,9.3915054,0.0025729325358216926,2,-0.5424095336223895,1.43316046913396,1,2.624087865972699
7.375,0.15421320000000002,-0.4056435,9.394448400000002,-0.0058855281096175105,2,-0.5638973763626256,1.4331356246671565,1,2.645585086676207
7.391,0.173637,-0.4056435,9.3525597,-0.014991936667298589,2,-0.5691505348550668,1.4329686049489412,1,2.668513920513136
7.407,0.1571562,-0.4176117,9.3525597,-0.023915179829181454,2,-0.5577026976176787,1.4326573480169693,1,2.691438928136863
7.422,0.1571562,-0.35777070000000005,9.3405915,-0.03294651331082221,2,-0.6020888987760633,1.4322308853184194,1,2.7129255898868783
7.438,0.1482291,-0.35777070000000005,9.330094800000001,-0.04200926156160456,2,-0.5664217656738962,1.43163123911944,1,2.735836486882381
7.453,0.1406754,-0.3936753,9.330094800000001,-0.05086827569947516,2,-0.5906009425246844,1.4309346575899817,1,2.7573057311077025
7.469,0.1406754,-0.3951468000000001,9.2927187,-0.06028448749640347,3,-0.5885132373080187,1.4300454354844148,1,2.7801935718522977
7.485,0.1646118,-0.39818790000000004,9.286734599999999,-0.06962303289640559,3,-0.5836590875001318,1.4290061753212724,1,2.803065984738743
7.5,0.19757340000000004,-0.39818790000000004,9.2178684,-0.08011464244173006,3,-0.6994406363549792,1.4278831427562364,1,2.824492654624324
7.516,0.145188,-0.37425150000000007,9.2178684,-0.09043925552193066,3,-0.6452883175125373,1.426518711572527,1,2.847327869458954
7.532,0.145188,-0.3592422,9.2043306,-0.10083833618209859,3,-0.6499425412604948,1.4249884908388948,1,2.8701399270782453
7.547,0.15421320000000002,-0.3592422,9.1774512,-0.1115572085981924,3,-0.7145914944062697,1.4233955242530427,1,2.891502807191434
7.563,0.15421320000000002,-0.3592422,9.1774512,-0.1220659070453447,3,-0.6567936529470181,1.4215265393278944,1,2.9142621837000817
7.578,0.1511721,-0.38621970000000005,9.240333300000001,-0.13111634719498788,3,-0.6033626766428558,1.419627672421092,1,2.9355708402882
7.594,0.15568469999999998,-0.38621970000000005,9.1849068,-0.14107354562557362,3,-0.6223249019116078,1.4174501532785273,1,2.9582674628937973
7.61,0.18266220000000002,-0.4027005000000001,9.1849068,-0.1508119094323579,3,-0.6086477379240168,1.4151150696380639,1,2.98092798467713
7.625,0.18266220000000002,-0.4027005000000001,9.1849068,-0.16035932492920502,3,-0.6364943664564884,1.4127812853803523,1,3.0021372073397674
7.641,0.18266220000000002,-0.4235958000000001,9.174410100000001,-0.16990668739342318,3,-0.5967101540136349,1.4101391572817712,1,3.0247205708810645
7.657,0.1406754,-0.4235958000000001,9.231308100000001,-0.17816699920172496,3,-0.5162694880188607,1.40735456778901,1,3.047260520681631
7.672,0.1586277,-0.3592422,9.231308100000001,-0.18631309154807774,3,-0.5430728230901964,1.4046209671083865,1,3.068350337193361
7.688,0.1586277,-0.3592422,9.231308100000001,-0.194299456593523,3,-0.4991478153403279,1.4015760667232537,1,3.0907999134640143
7.703,0.1586277,-0.3547296,9.150473700000001,-0.20371621841534449,3,-0.6277841214547426,1.3985909491606872,1,3.111801166083145
7.719,0.15568469999999998,-0.3547296,9.0741519,-0.21444448338154665,3,-0.6705165603876345,1.395245663546312,1,3.1341518589848008
7.735,0.1406754,-0.37425150000000007,9.0741519,-0.22495183043226952,3,-0.6567091906701789,1.3917304930358014,1,3.156447668237458
7.75,0.1406754,-0.33981839999999996,9.0591426,-0.23557375051293938,3,-0.7081280053780062,1.3882765511787125,1,3.177297721069066
7.766,0.16166880000000003,-0.33981839999999996,9.0502155,-0.24615542458070827,3,-0.6613546292355549,1.3844227177779633,1,3.1994793152207195
7.782,0.15568469999999998,-0.3592422,9.0502155,-0.25651697421751507,3,-0.6475968523004244,1.3804013385875775,1,3.2215979076716437
7.797,0.1856052,-0.37268190000000007,9.0995598,-0.2656871411512949,3,-0.6113444622520005,1.3764848077223115,1,3.2422745537689672
7.813,0.1856052,-0.40417200000000003,9.2043306,-0.27259926571187165,3,-0.4320077850360478,1.3721785164674063,1,3.264263860362485
7.828,0.1377324,-0.40417200000000003,9.1040724,-0.28135603927166386,3,-0.583784903986125,1.3680238516800296,1,3.2848153781235916
7.844,0.1406754,-0.3936753,9.1040724,-0.28994923884960855,3,-0.5370749736215426,1.3634534094550594,1,3.3066671962126724
7.86,0.1406754,-0.4027005000000001,9.1055439,-0.29833739133990633,3,-0.5242595306436111,1.3587471164135434,1,3.328444800419621
7.875,0.1466595,-0.4027005000000001,9.0966168,-0.30673406839076023,3,-0.5597784700569383,1.3542090804655635,1,3.348791971896214
7.891,0.1437165,-0.39671639999999997,9.0966168,-0.3149721748620262,3,-0.5148816544541241,1.3492354305195413,1,3.3704195279840947
7.907,0.1437165,-0.36375480000000004,9.171467100000001,-0.32160942895185407,3,-0.41482838061424016,1.3441427776890302,1,3.3919665536497634
7.922,0.145188,-0.36375480000000004,9.1234962,-0.3290558316711536,3,-0.49642684795331243,1.3392627882343577,1,3.4120920953941885
7.938,0.1332198,-0.3652263,9.1234962,-0.3363586521216373,3,-0.45642627815523046,1.3339394723640154,1,3.4334777134789753
7.953,0.1332198,-0.39671639999999997,9.2133558,-0.3417324018311767,3,-0.3582499806359471,1.328853789459369,1,3.4534486629426513
7.969,0.18109260000000002,-0.3907323,9.165483,-0.347927451498931,3,-0.3871906042346437,1.3233365106327282,1,3.4746661853433882
7.985,0.1392039,-0.3907323,9.2267955,-0.35281438090457584,3,-0.30543308785280193,1.3177305759735,1,3.495794722036238
8.0,0.1856052,-0.3771945,9.2267955,-0.3576005252712964,3,-0.31907629111470914,1.3124024641771812,1,3.5155207198373675
8.016,0.1856052,-0.3831786,9.1234962,-0.36431129313864474,3,-0.4194229917092725,1.3066271696299017,1,3.536472956907824
8.032,0.17667810000000003,-0.3831786,9.1698975,-0.3699850860720968,3,-0.3546120583407527,1.3007527985962157,1,3.557331996653633
8.047,0.1392039,-0.3427614,9.1698975,-0.37559161200814906,3,-0.3737683957368035,1.2951609733606138,1,3.57680134994331
8.063,0.1392039,-0.3831786,9.1100565,-0.38222905263077855,3,-0.41484003891434323,1.2890984080435024,1,3.597475424994543
8.094,0.1721655,-0.36826739999999997,9.190890900000001,-0.3871539334474239,3,-0.15886712311759732,1.2771729717592908,1,3.6372526313814846
8.094,0.1721655,-0.3907323,9.2208114,-0.3913780320690883,3,0.0,1.2771729717592908,1,3.6372526313814846
8.11,0.1721655,-0.39671639999999997,9.2447478,-0.39504547334070494,3,-0.2292150794760415,1.2708815837160123,1,3.657637067825287
8.125,0.1721655,-0.39671639999999997,9.2447478,-0.3986410039991526,3,-0.23970204389650046,1.2649289351359632,1,3.6766556467166773
8.141,0.1466595,-0.39671639999999997,9.1863783,-0.40331794513452657,3,-0.29230882096087346,1.2585132635428937,1,3.696843184306108
8.157,0.1332198,-0.33981839999999996,9.1863783,-0.40795187542372346,3,-0.2896206430748058,1.2520231049784276,1,3.7169274752542787
8.172,0.1332198,-0.35777070000000005,9.162441900000001,-0.4129505255220298,3,-0.3332433398870778,1.2458663369713343,1,3.7356616460689027
8.188,0.15421320000000002,-0.35777070000000005,9.1265373,-0.4185480856306789,3,-0.34984750679056786,1.2392143480821127,1,3.75554229154933
8.203,0.1661814,-0.3876912,9.1265373,-0.4240078381814314,3,-0.3639835033835282,1.2328951786535225,1,3.774083112999846
8.219,0.1661814,-0.38621970000000005,9.1894194,-0.42813007387347923,3,-0.2576397307529896,1.2260780753570832,1,3.793754899031931
8.235,0.16019730000000001,-0.38621970000000005,9.183435300000001,-0.4322907768785669,3,-0.2600439378179773,1.2191947085510668,1,3.8133170813031962
8.25,0.16019730000000001,-0.38621970000000005,9.183435300000001,-0.4363698974717902,3,-0.2719413728815464,1.2126797534934388,1,3.831556139768531
8.266,0.1362609,-0.37268190000000007,9.2088432,-0.43988982971774426,3,-0.2199957653721272,1.2056696756759224,1,3.8509029352018858
8.282,0.1362609,-0.37268190000000007,9.2013876,-0.4434867962801281,3,-0.22481041014898986,1.1986026626679394,1,3.8701371139086365
8.297,0.1406754,-0.37268190000000007,9.2043306,-0.44695428081125144,3,-0.23116563540821342,1.1919243545897538,1,3.88806606653807
8.313,0.1406754,-0.37268190000000007,9.2043306,-0.45035377544960653,3,-0.21246841489719318,1.1847458901396668,1,3.9070794284959054
8.328,0.1571562,-0.3652263,9.1519452,-0.45471344664029445,3,-0.2906447460458847,1.1779578859739932,1,3.9247997068167564
8.344,0.13469129999999999,-0.3652263,9.207371700000001,-0.4579088327338958,3,-0.19971163085008553,1.1706569077389997,1,3.9435886251664605
8.36,0.1272357,-0.38621970000000005,9.207371700000001,-0.4610268597777587,3,-0.1948766902414299,1.1633054221989063,1,3.962260323805964
8.375,0.1272357,-0.38621970000000005,9.207371700000001,-0.46408374903644933,3,-0.20379261724603437,1.1563670926327996,1,3.9796578676672025
8.391,0.1272357,-0.4101561,9.1774512,-0.4676464600866357,3,-0.22266944063664676,1.1489132509598148,1,3.9981001104159435
8.407,0.13469129999999999,-0.4101561,9.1863783,-0.47096238219906894,3,-0.2072451320270783,1.1414043802215292,1,4.016422651465394
8.422,0.15568469999999998,-0.4116276,9.1863783,-0.4742054986738218,3,-0.21620776498351438,1.1343156211149823,1,4.033490551475419
8.438,0.1437165,-0.3951468000000001,9.1145691,-0.47880955854221874,3,-0.28775374177480967,1.126691500657254,1,4.051578608449597
8.453,0.1437165,-0.3547296,9.2162988,-0.4813629481602302,3,-0.1702259745341095,1.1194902068569863,1,4.068424971255952
8.469,0.1437165,-0.36375480000000004,9.2043306,-0.4840938387634264,3,-0.17068066269976243,1.111766552561597,1,4.086275025331301
8.485,0.1437165,-0.36375480000000004,9.2043306,-0.48677118249205087,3,-0.16733398303903066,1.103999632391553,1,4.104001154810926
8.5,0.1437165,-0.3996594,9.157929300000001,-0.490275719801879,3,-0.2336358206552003,1.0966717806243482,1,4.120506190408546
8.516,0.16166880000000003,-0.3996594,9.199916100000001,-0.4928833140006006,3,-0.16297463742009896,1.0888065083539284,1,4.137990016720372
8.532,0.1511721,-0.36071369999999997,9.199916100000001,-0.4954748007308609,3,-0.16196792064127039,1.0808996434360767,1,4.155347665934692
8.563,0.1466595,-0.3907323,9.1609704,-0.498755743011726,3,-0.10583684776983873,1.0654890700080664,1,4.188616690993077
8.563,0.1466595,-0.3907323,9.1609704,-0.5019723530910039,3,0.0,1.0654890700080664,1,4.188616690993077
8.578,0.1392039,-0.3847482,9.1609704,-0.5051331321300605,3,-0.21071860260379358,1.057935778868909,1,4.204542377359653
8.594,0.16019730000000001,-0.35178660000000006,9.1894194,-0.5076938424682105,3,-0.16004439613437324,1.0498331630721227,1,4.221404528895181
8.61,0.16019730000000001,-0.38023560000000006,9.207371700000001,-0.509830493610389,3,-0.1335406963861584,1.041692968383494,1,4.238136737946825
8.625,0.16765290000000002,-0.38023560000000006,9.2222829,-0.5116305699497499,3,-0.12000508929071922,1.0340320104067926,1,4.253704675287753
8.641,0.1302768,-0.3248091,9.2222829,-0.5134486849467734,3,-0.11363218731397219,1.0258313763676203,1,4.270183582381948
8.657,0.1302768,-0.4116276,9.1040724,-0.5174785276979588,3,-0.25186517194908364,1.0175839586664626,1,4.286530905062221
8.672,0.173637,-0.4116276,9.1055439,-0.5213863613820511,3,-0.2605222456061441,1.0097924719983622,1,4.301736228292207
8.688,0.142245,-0.3831786,9.1055439,-0.5252525546359887,3,-0.24163707837110393,1.001419360670218,1,4.317825922953556
8.703,0.142245,-0.40113090000000007,9.168426,-0.5277961491058889,3,-0.1695729646600241,0.9935214953921545,1,4.3327879793740225
8.719,0.1406754,-0.40113090000000007,9.2178684,-0.529321919419889,3,-0.09536064462500873,0.9850645508439482,1,4.3486166677439115
8.735,0.18109260000000002,-0.3592422,9.1265373,-0.5326268825007645,3,-0.2065601925547165,0.976568960428583,1,4.364309735834092
8.75,0.1377324,-0.36669779999999996,9.1265373,-0.5358760701925345,3,-0.21661251278465588,0.9685551882833829,1,4.3788981669494325
8.766,0.1377324,-0.43713360000000007,9.1220247,-0.5390891646939231,3,-0.20081840633678888,0.9599554664042913,1,4.394326252186934
8.782,0.1526436,-0.43713360000000007,9.154986300000001,-0.5415891318399364,3,-0.15624794662583139,0.9513100400320205,1,4.409616376238424
8.797,0.16765290000000002,-0.3996594,9.154986300000001,-0.5440684786953067,3,-0.1652897903580153,0.9431676079530058,1,4.4238249585983125
8.813,0.16765290000000002,-0.40113090000000007,9.0995598,-0.5475835137333007,3,-0.2196896898746246,0.9344343920135769,1,4.438845774598045
8.828,0.1497006,-0.40113090000000007,9.1594989,-0.5498617717191294,3,-0.15188386572192572,0.9262035523726844,1,4.4528005591809405
8.844,0.1032993,-0.4056435,9.1594989,-0.5521040174089116,3,-0.14014035561138438,0.9173878260596601,1,4.4675492902083995
8.86,0.1032993,-0.38023560000000006,9.0861201,-0.5557611087266245,3,-0.22856820735706032,0.9085249050505758,1,4.482156592057281
8.875,0.1466595,-0.38023560000000006,9.1564578,-0.5579570132450851,3,-0.14639363456402932,0.9001720191357877,1,4.495721818988679
8.891,0.15421320000000002,-0.3996594,9.0966168,-0.561263289641694,3,-0.2066422747880601,0.8912182567126935,1,4.510052941195467
8.907,0.1721655,-0.3891627,9.0966168,-0.5645073432278895,3,-0.20275334913721893,0.8822120916497368,1,4.524240383982367
8.922,0.1721655,-0.36669779999999996,9.1294803,-0.5670623228757172,3,-0.17033197652183976,0.8737253191539595,1,4.537409914563395
8.938,0.1721655,-0.36669779999999996,9.1294803,-0.5695672048833931,3,-0.15655512547974024,0.8646322829318865,1,4.551316775380082
8.953,0.11978010000000001,-0.36669779999999996,9.223852500000001,-0.5701905772650466,3,-0.041558158776906884,0.8560840995657739,1,4.564222148248813
8.969,0.1571562,-0.3487455,9.1938339,-0.5713924670607629,3,-0.0751181122322641,0.8469514352111674,1,4.5778464325270285
8.985,0.1721655,-0.3487455,9.2552445,-0.571362463571047,3,0.0018752181072390055,0.8378093957661129,1,4.591324519174846
9.0,0.1721655,-0.3487455,9.2552445,-0.5713330483850498,3,0.0019610123998129074,0.8292391794264419,1,4.603827383488791
9.016,0.1482291,-0.37572300000000003,9.2552445,-0.5712916422398351,3,0.002587884075921918,0.8200981819014428,1,4.617022082379414
9.032,0.16166880000000003,-0.3487455,9.2418048,-0.571530620575297,3,-0.014936145966371037,0.8109556037989217,1,4.630070512665017
9.047,0.145188,-0.3712104,9.1803942,-0.5729561345718306,3,-0.09503426643556755,0.802371953135318,1,4.642170469342024
9.063,0.145188,-0.3712104,9.1803942,-0.5743536973135317,3,-0.08734767135631918,0.793193474480235,1,4.654934992762948
9.078,0.145188,-0.4056435,9.1803942,-0.5756953197128176,3,-0.0894414932857355,0.7845681068525381,1,4.666768204622943
9.094,0.145188,-0.3712104,9.223852500000001,-0.5761878476801883,3,-0.030782997960665498,0.775353041513394,1,4.67924757380987
9.11,0.18109260000000002,-0.3712104,9.253773,-0.5760721874876271,3,0.007228762035071939,0.7661349612320515,1,4.691579477831834
9.125,0.19610190000000002,-0.3951468000000001,9.253773,-0.5759333898124783,3,0.009253178343252585,0.7574949194023004,1,4.703006701936592
9.141,0.19610190000000002,-0.37866600000000006,9.3195981,-0.5745214804283094,3,0.08824433651055666,0.7482912804403741,1,4.715052991535333
9.157,0.1377324,-0.37866600000000006,9.3271518,-0.5730097600077002,3,0.09448252628807544,0.739111030516886,1,4.726952210022991
9.172,0.1482291,-0.344331,9.3271518,-0.5715505991577121,3,0.09727738999920263,0.730526827823145,1,4.737974493960541
9.188,0.1482291,-0.3876912,9.2777094,-0.571055211406426,3,0.03096173445538139,0.721385981338632,1,4.749589796433836
9.203,0.16019730000000001,-0.3876912,9.3271518,-0.5695971657779708,3,0.09720304189702088,0.7128310885097496,1,4.760346424457698
9.219,0.18413369999999998,-0.3847482,9.2911491,-0.5688666372945157,3,0.04565803021594479,0.7037233780851697,1,4.771678860190457
9.235,0.1466595,-0.37572300000000003,9.2911491,-0.5681707351881347,3,0.04349388164881503,0.6946270791053085,1,4.782865663847981
9.25,0.1466595,-0.3622833,9.401904,-0.5653291662765518,3,0.18943792743884788,0.686125829844323,1,4.793221310665103
9.266,0.16166880000000003,-0.3622833,9.382480200000002,-0.562919012479119,3,0.15063461233955064,0.6770998444142776,1,4.804127116059172
9.282,0.1482291,-0.36375480000000004,9.382480200000002,-0.5605593494002701,3,0.14747894242805856,0.6681120175192425,1,4.81488881095464
9.297,0.1482291,-0.39818790000000004,9.2746683,-0.5603303352173565,3,0.015267612194235756,0.65970534488461,1,4.824847441172669
9.313,0.17510850000000003,-0.39818790000000004,9.3764961,-0.558102179356263,3,0.13925974131834262,0.650757884768021,1,4.8353311470098905
9.328,0.1466595,-0.38621970000000005,9.3764961,-0.5559370801704446,3,0.14433994572123962,0.6424025903215713,1,4.845029850573062
9.344,0.1392039,-0.3622833,9.3525597,-0.5543043150234066,3,0.10204782168987671,0.6335206591600205,1,4.8552372365689145
9.36,0.1392039,-0.3622833,9.3525597,-0.5527035648792502,3,0.10004688400977449,0.6246645961207993,1,4.8653027186111615
9.375,0.1482291,-0.3622833,9.4618431,-0.5489905259407735,3,0.24753592923177345,0.6164018904396488,1,4.874610717260365
9.391,0.16765290000000002,-0.37425150000000007,9.4618431,-0.5453348144300918,3,0.22848196941760415,0.6076472877166819,1,4.884403110685616
9.407,0.16765290000000002,-0.3622833,9.4049451,-0.542874558351766,3,0.15376600489536138,0.598941612734427,1,4.894055821889225
9.422,0.142245,-0.3622833,9.421425900000001,-0.5401478662003747,3,0.18177947675941436,0.5908189445502857,1,4.902979026068861
9.438,0.13469129999999999,-0.38023560000000006,9.421425900000001,-0.5374629546607768,3,0.16780697122487073,0.5821980579833965,1,4.912363162089131
9.453,0.13469129999999999,-0.40711500000000006,9.437906700000001,-0.5344858678775122,3,0.19847245221765478,0.57415844181436,1,4.921035835837613
9.469,0.1721655,-0.40711500000000006,9.4468338,-0.5313803731751712,3,0.19409341889631265,0.5656315118859385,1,4.930154155467216
9.485,0.10477080000000001,-0.3847482,9.4468338,-0.5283734835721798,3,0.18793060018695834,0.5571534810319597,1,4.939136435410559
9.5,0.10477080000000001,-0.3876912,9.433394100000001,-0.5256864808744144,3,0.17913351318435658,0.54924803129861,1,4.9474344467530385
9.516,0.1571562,-0.347274,9.4228974,-0.5232744117678045,3,0.1507543191631154,0.5408563441574722,1,4.956155281756687
9.532,0.1646118,-0.347274,9.458802,-0.5202037150326255,3,0.19191854594868812,0.5325085191430687,1,4.964742200663092
9.547,0.113796,-0.40113090000000007,9.458802,-0.5171661386511115,3,0.2025050921009276,0.5247282452404404,1,4.972671476395968
9.563,0.113796,-0.3592422,9.4827384,-0.5137521365794715,3,0.21337512947749973,0.5164808990385957,1,4.981001149550201
9.578,0.1631403,-0.3592422,9.4723398,-0.5105946769962291,3,0.21049730554951215,0.5087982979367786,1,4.988690743527515
9.594,0.16765290000000002,-0.3996594,9.4723398,-0.5074658688286142,3,0.19555051047592792,0.5006538135701798,1,4.996766360419571
9.61,0.16765290000000002,-0.3831786,9.4678272,-0.504500145973978,3,0.18535767841476575,0.4925580854517582,1,5.004712055611746
9.625,0.1392039,-0.3831786,9.4902921,-0.5011615242176592,3,0.22257478375457262,0.48501562292531986,1,5.012043858424574
9.641,0.1332198,-0.36071369999999997,9.4902921,-0.49790729695802227,3,0.20338920372731087,0.47702307235591346,1,5.019740167986824
9.657,0.1332198,-0.3547296,9.5575887,-0.49340279924270014,3,0.2815311072076329,0.4690925915863076,1,5.027309093298362
9.672,0.1272357,-0.3712104,9.4917636,-0.49026555424323703,3,0.20914966663086587,0.4617150789351628,1,5.034290150827273
9.688,0.1272357,-0.3712104,9.4917636,-0.48718982385160636,3,0.19223314947691678,0.45389543591040404,1,5.041615034946037
9.703,0.11821050000000001,-0.3712104,9.4932351,-0.48414785934023463,3,0.20279763409146506,0.44661040328646584,1,5.0483688287400135
9.719,0.1631403,-0.3831786,9.4932351,-0.4811431824521417,3,0.1877923055058071,0.43888807495212684,1,5.055452816565922
9.735,0.1631403,-0.40113090000000007,9.4917636,-0.47821171733795786,3,0.18321656963649052,0.43121323575380605,1,5.06241362705157
9.75,0.12272310000000002,-0.40113090000000007,9.5830947,-0.4735605774880671,3,0.31007598999270425,0.4240749435426106,1,5.068828288396293
9.766,0.1571562,-0.3907323,9.5830947,-0.46899920266772455,3,0.2850859262714109,0.4165344653013643,1,5.0755531636670455
9.782,0.1571562,-0.39818790000000004,9.5740695,-0.4646980432997392,3,0.268822460499085,0.40906488733362456,1,5.082157958488126
9.797,0.16765290000000002,-0.39818790000000004,9.5291397,-0.4613578092471897,3,0.2226822701699557,0.40211946843952234,1,5.0882418411564245
9.813,0.16019730000000001,-0.3652263,9.5291397,-0.4581114467507632,3,0.20289765602665694,0.39476371439153873,1,5.094616906619073
9.828,0.16019730000000001,-0.39818790000000004,9.60399,-0.45343669584774027,3,0.3116500602015544,0.3879271033220505,1,5.100487087751925
9.844,0.1437165,-0.33824879999999996,9.5307093,-0.4503395541530111,3,0.19357135592057412,0.3806968933220445,1,5.106636079725078
9.86,0.1586277,-0.33824879999999996,9.593591400000001,-0.4460664643300145,3,0.26706811393728525,0.3735256451741803,1,5.112669860033048
9.875,0.18864630000000002,-0.37866600000000006,9.593591400000001,-0.4418369311933734,3,0.28196887577606233,0.36686636970775466,1,5.118222800144663
9.891,0.173637,-0.3831786,9.6563754,-0.4364624870517524,3,0.3359027588513139,0.35983997436179366,1,5.124036450897219
9.907,0.173637,-0.3831786,9.6563754,-0.4311934241678106,3,0.3293164302463622,0.3528987270720371,1,5.12973836050869
9.922,0.1497006,-0.4027005000000001,9.6563754,-0.4260199652375949,3,0.34489726201436705,0.34646962665149633,1,5.134983623161617
9.938,0.1497006,-0.3831786,9.6519609,-0.4210499885398242,3,0.3106235436106661,0.339693067021277,1,5.140472924710998
9.969,0.1661814,-0.37866600000000006,9.5876073,-0.41743633910614797,3,0.11656933657020636,0.3266965289427649,1,5.1508019634484405
9.969,0.1661814,-0.3876912,9.6804099,-0.4120685624865992,3,0.0,0.3266965289427649,1,5.1508019634484405
9.985,0.1781496,-0.3503151,9.6429357,-0.4075639585600541,3,0.2815377454090659,0.3201394687743917,1,5.155976651430178
10.0,0.1781496,-0.3503151,9.6429357,-0.40314768020069636,3,0.29441855729050626,0.31405913148368586,1,5.1607331409321135
10.016,0.17069399999999998,-0.3503151,9.6594165,-0.3984977477780074,3,0.2906207764180599,0.3076459680598562,1,5.165706781728462
10.032,0.18864630000000002,-0.347274,9.6594165,-0.3939345998065704,3,0.2851967482148107,0.30130650927917957,1,5.170578401547174
10.047,0.18864630000000002,-0.3891627,9.613015200000001,-0.3903385586938839,3,0.23973607417909232,0.29542446059042593,1,5.175053883821196
10.063,0.145188,-0.3891627,9.6938496,-0.3852442867634025,3,0.3183919956550871,0.28921979782676766,1,5.1797310378885335
10.078,0.15568469999999998,-0.39220380000000005,9.6938496,-0.38024431050501484,3,0.3333317505592043,0.283478633347255,1,5.184026276122339
10.094,0.15568469999999998,-0.37866600000000006,9.7387794,-0.37447272229297646,3,0.3607242632523985,0.277440897084871,1,5.188513632365796
10.11,0.15421320000000002,-0.37866600000000006,9.723770100000001,-0.3691088017173829,3,0.33524503597459593,0.2714922448927881,1,5.192905097501617
10.125,0.16912439999999998,-0.3936753,9.723770100000001,-0.3638335224323743,3,0.3516852856672263,0.26599517746166473,2,5.196936253169276
10.141,0.16912439999999998,-0.39671639999999997,9.7387794,-0.35836524746637366,3,0.3417671853750412,0.26021758730247474,2,5.201145955287389
10.157,0.18864630000000002,-0.3876912,9.7208271,-0.35335594998339737,3,0.3130810926860181,0.2545238177228766,2,5.205263886527592
10.172,0.1631403,-0.3876912,9.7447635,-0.3479850112122307,3,0.35806258474443164,0.2492637605139092,2,5.2090422933643685
10.188,0.1437165,-0.34580249999999996,9.7447635,-0.34275626231871215,3,0.3267968058449086,0.24373783032566165,2,5.212986306091085
10.203,0.1437165,-0.3547296,9.7686999,-0.33715477049928033,3,0.373432787962151,0.2386384975795271,2,5.216604128550373
10.219,0.1466595,-0.3547296,9.771642900000002,-0.3316045934567171,3,0.34688606516020093,0.23328842266787914,2,5.220379543912353
10.235,0.1332198,-0.37268190000000007,9.771642900000002,-0.3261539229029822,3,0.3406669096084333,0.22802635453700154,2,5.224070062129992
10.25,0.1332198,-0.38621970000000005,9.7552602,-0.3211207777131797,3,0.3355430126534852,0.22317179428238015,2,5.227454048246138
10.266,0.17510850000000003,-0.38621970000000005,9.776155500000002,-0.31576402752329,3,0.33479688686810477,0.21807671584048838,2,5.23098403632712
10.282,0.17510850000000003,-0.38621970000000005,9.776155500000002,-0.31051231165084836,3,0.32823224202760376,0.21306650512709527,2,5.234433182094861
10.297,0.16019730000000001,-0.3951468000000001,9.776155500000002,-0.3053615913349592,3,0.3433813543925967,0.20844745085470154,2,5.237594536764725
10.313,0.16019730000000001,-0.37572300000000003,9.777627,-0.3002980398122741,3,0.3164719701678195,0.20360217380552367,2,5.240890933762007
10.328,0.17510850000000003,-0.3831786,9.764187300000001,-0.29558637559519774,3,0.31411094780511606,0.19913304068996798,2,5.2439114478707225
10.344,0.1302768,-0.3831786,9.7732125,-0.2908040182968783,3,0.2988973311449647,0.19444191753883136,2,5.247060047536553
10.36,0.16912439999999998,-0.38621970000000005,9.7732125,-0.2861014304888396,3,0.2939117380024167,0.1898266739485456,2,5.250134196268451
10.375,0.16912439999999998,-0.3817071,9.7986204,-0.28099678197566647,3,0.3403099008781978,0.18557343735506165,2,5.252949697103229
10.391,0.1377324,-0.3817071,9.749178,-0.2769704785076801,3,0.2516439667491486,0.18110969927119488,2,5.2558831621962385
10.407,0.1870767,-0.3592422,9.749178,-0.27302374297371834,3,0.2466709708726087,0.1767097454993437,2,5.258745717754403
10.422,0.1870767,-0.36973890000000004,9.7956774,-0.2682357719363626,3,0.3191980691570367,0.17265029913751795,2,5.261365918089179
10.438,0.1257642,-0.36973890000000004,9.803133,-0.26341479141197865,3,0.30131128277399694,0.16839709463073121,2,5.264094297239326
10.453,0.1362609,-0.34580249999999996,9.7806681,-0.25914287854871354,3,0.2847941908843639,0.16447791210602633,2,5.266590859789851
10.469,0.1362609,-0.34580249999999996,9.7806681,-0.25495472868276714,3,0.2617593666216498,0.16036513124817448,2,5.269189604136685
10.485,0.15568469999999998,-0.36669779999999996,9.7806681,-0.25082810789242593,3,0.2579137993963252,0.15631886855557292,2,5.271723076135115
10.5,0.1571562,-0.36669779999999996,9.7372098,-0.2476333525365657,3,0.21298369039067352,0.15258040760235533,2,5.2740398207062995
10.516,0.18413369999999998,-0.40417200000000003,9.7372098,-0.2444629195651391,3,0.19815206071416275,0.14864363742554168,2,5.276449613066522
10.532,0.18413369999999998,-0.35777070000000005,9.821085300000002,-0.2397469884268002,3,0.2947456961461811,0.14476995816160615,2,5.278796921831219
10.547,0.1302768,-0.35777070000000005,9.7507476,-0.236518544513741,3,0.2152295942039391,0.14119796666455195,2,5.280941681267415
10.563,0.1272357,-0.3338343,9.7507476,-0.2333708231434919,3,0.19673258564056867,0.1374388517232941,2,5.283170775814518
10.578,0.1272357,-0.4116276,9.7536906,-0.2301689119288799,3,0.21346074764081696,0.13396230371025158,2,5.285206284480269
10.594,0.1377324,-0.4116276,9.8240283,-0.2256491737319788,3,0.2824836373063186,0.1303157590249647,2,5.287320508982151
10.61,0.1721655,-0.3907323,9.8240283,-0.22122413435146626,3,0.2765649612820329,0.12674077256029714,2,5.289376961234833
10.625,0.1511721,-0.3817071,9.7582032,-0.2181891342609763,3,0.20233333936598957,0.12344517304570371,2,5.291253355826878
10.657,0.1272357,-0.3817071,9.836094600000001,-0.21369433749439892,3,0.14046239895554302,0.1165350374976177,2,5.295093039195572
10.672,0.145188,-0.36071369999999997,9.836094600000001,-0.20929832570529427,3,0.29306745260696543,0.11336259252361988,2,5.296817271420731
10.688,0.145188,-0.3936753,9.854046900000002,-0.20461206000624266,3,0.2928916061907258,0.1100513094379276,2,5.298604582636424
10.703,0.1661814,-0.3936753,9.8644455,-0.19980748153312256,3,0.320305231541366,0.1070181628763826,2,5.300232603678781
10.719,0.16019730000000001,-0.3652263,9.8644455,-0.19512048859407294,3,0.29293705869060077,0.10385873911536503,2,5.301919618894715
10.735,0.16019730000000001,-0.3907323,9.7552602,-0.19264515811913618,3,0.154708154683547,0.10075661394165936,2,5.303556541719171
10.75,0.145188,-0.3907323,9.7582032,-0.19016531247387114,3,0.16532304301766335,0.09788553541221169,2,5.305046357839325
10.766,0.1497006,-0.3562992,9.7582032,-0.1877585766658445,3,0.15042098800166478,0.09486214429909397,2,5.306588339277016
10.782,0.17069399999999998,-0.3712104,9.7013052,-0.18649605455726714,3,0.07890763178608477,0.09186810724930908,2,5.308082181289403
10.797,0.17069399999999998,-0.37572300000000003,9.740250900000001,-0.1844919306136461,3,0.1336082629080642,0.08908569736052713,2,5.309439334823977
10.813,0.1332198,-0.37572300000000003,9.7701714,-0.1819523694259182,3,0.15872257423299438,0.08615414296021061,2,5.310841253546543
10.828,0.1332198,-0.4221243,9.8076456,-0.17869145085156823,3,0.21739457162334805,0.08344931430812969,2,5.312113279476055
10.844,0.1406754,-0.4221243,9.7986204,-0.17566921537062186,3,0.18888971755914846,0.08061442897835217,2,5.313425789422347
10.86,0.1406754,-0.4221243,9.7986204,-0.1727062394089085,3,0.18518599760708448,0.07782742534011591,2,5.314693324256894
10.875,0.1511721,-0.3996594,9.7986204,-0.1698167519550715,3,0.19263249692245882,0.07525850290488596,2,5.315841468718732
10.891,0.1511721,-0.37572300000000003,9.7791966,-0.16738300756700042,3,0.15210902425444303,0.07256090482870939,2,5.317024023980601
10.907,0.1302768,-0.37572300000000003,9.7672284,-0.1652373510899583,3,0.13410352981513263,0.06989994195945372,2,5.318163710754906
10.922,0.1406754,-0.37572300000000003,9.836094600000001,-0.16178175265223693,3,0.23037322918141548,0.06744729868138716,2,5.3191938150597124
10.938,0.142245,-0.40417200000000003,9.836094600000001,-0.15837137382316868,3,0.21314867681676544,0.0648860736695839,2,5.32025248203852
10.953,0.142245,-0.39818790000000004,9.900448200000001,-0.15377196783074076,3,0.3066270661618859,0.06254499860717977,2,5.3212082150805955
10.969,0.1586277,-0.39818790000000004,9.855518400000001,-0.15013801799738324,3,0.22712186458484476,0.06011371872055478,2,5.3221894848192175
10.985,0.15568469999999998,-0.37268190000000007,9.855518400000001,-0.14659578287245445,3,0.22138969530804944,0.057739848313596076,2,5.323132313355491
11.0,0.15568469999999998,-0.37268190000000007,9.855518400000001,-0.14312300333820893,3,0.2315186356163591,0.05556695741701602,2,5.323982114398471
11.016,0.15568469999999998,-0.3712104,9.8689581,-0.1394561012199631,3,0.22918138239036415,0.05330632458055064,2,5.324853100654452
11.032,0.1377324,-0.3712104,9.800091900000002,-0.137215552281031,3,0.14003430868325661,0.05109295135254269,2,5.325688294861917
11.047,0.15421320000000002,-0.41309910000000005,9.800091900000002,-0.13498129015215277,3,0.14895080859187623,0.04905147503429373,2,5.326439378059818
11.063,0.15421320000000002,-0.41309910000000005,9.774684,-0.13328852637332567,3,0.10579773617669365,0.0469053165020899,2,5.327207032392109
11.078,0.11673900000000001,-0.41309910000000005,9.848062800000001,-0.13020170326386626,3,0.20578820729731007,0.044929139779811125,2,5.327895790814223
11.094,0.1526436,-0.37866600000000006,9.848062800000001,-0.12719290228231728,3,0.18805006134681151,0.042869982935441656,2,5.328598183795945
11.11,0.1406754,-0.3532581,9.834525,-0.12453033697510918,3,0.16641033170050598,0.04085619702138224,2,5.329267993235599
11.125,0.1406754,-0.3951468000000001,9.834525,-0.12188875253684728,3,0.17610562921745343,0.039008053850042496,2,5.329866975117135
11.141,0.1497006,-0.3951468000000001,9.806076000000001,-0.11985366156759092,3,0.12719318557852233,0.037074114537206986,2,5.330475632464233
11.157,0.1392039,-0.40711500000000006,9.806076000000001,-0.1178519129011466,3,0.12510929165276952,0.035172469941457084,2,5.331053605140062
11.172,0.1392039,-0.4221243,9.8615025,-0.1147912973656986,3,0.20404103569652612,0.03342764586445568,2,5.331568106008607
11.188,0.11978010000000001,-0.4221243,9.830012400000001,-0.1124125306440984,3,0.1486729201000124,0.0316100152403773,2,5.332088407297446
11.203,0.1526436,-0.36826739999999997,9.830012400000001,-0.11011390199270998,3,0.15324191009257318,0.029941066995601374,2,5.332550040414216
11.219,0.1526436,-0.33226469999999997,9.843550200000001,-0.10762021571513891,3,0.15585539234819187,0.02819919405393858,2,5.333015162502613
11.235,0.1586277,-0.33226469999999997,9.8225568,-0.10558491838526685,3,0.127206083117004,0.02649355298113533,2,5.333452704478893
11.25,0.11978010000000001,-0.36973890000000004,9.759674700000001,-0.1048060902546375,3,0.05192187537528802,0.024915620416335986,2,5.333838273279374
11.266,0.1332198,-0.3847482,9.759674700000001,-0.10402775422663879,3,0.048646001749919024,0.02324494966048577,2,5.334223557839989
11.282,0.1332198,-0.3771945,9.8495343,-0.10150996810985902,3,0.15736163229873576,0.021600647881793784,2,5.334582322620327
11.297,0.11526750000000001,-0.3771945,9.821085300000002,-0.09960336253695701,3,0.12710703819346247,0.020092297901942606,2,5.334895019713705
11.313,0.1586277,-0.40417200000000003,9.821085300000002,-0.09770127281586483,3,0.11888060756826124,0.01851386081912003,2,5.3352038689834735
11.328,0.1586277,-0.3876912,9.7866522,-0.09652403781553609,3,0.07848233335525537,0.01705717098938464,2,5.335470651722037
11.344,0.1317483,-0.3876912,9.7132734,-0.09681523060634589,3,-0.01819954942561262,0.015510456842009586,2,5.335731192744689
11.36,0.145188,-0.36973890000000004,9.7132734,-0.09711067298511367,3,-0.01846514867298586,0.013959049613277909,2,5.335966948796331
11.375,0.145188,-0.36973890000000004,9.788123700000002,-0.09593388578258377,3,0.07845248016865664,0.012511215422520122,2,5.3361654757840995
11.391,0.16166880000000003,-0.36973890000000004,9.8016615,-0.09450988959697604,3,0.08899976160048331,0.01098766521948364,2,5.336353466829236
11.407,0.1287072,-0.41908320000000004,9.8091171,-0.09293844026935716,3,0.09821558297617985,0.00948807858055297,2,5.336517272779636
11.422,0.18109260000000002,-0.344331,9.8091171,-0.09143858356255485,3,0.09999044712014987,0.008105250901813577,2,5.336649222750753
11.438,0.18109260000000002,-0.3487455,9.8704296,-0.08876383193958937,3,0.16717197643534285,0.0066636315777964215,2,5.3367673738105905
11.453,0.1062423,-0.3487455,9.8285409,-0.08698365787456197,3,0.11867827100183594,0.005345525404190393,2,5.336857442487956
11.469,0.15568469999999998,-0.37425150000000007,9.8285409,-0.08520710081037741,3,0.11103481651153481,0.003967999334710877,2,5.336931950685867
11.485,0.15568469999999998,-0.4221243,9.7866522,-0.0842478691655657,3,0.05995197780073175,0.0026123595749033327,2,5.336984593557144
11.5,0.1466595,-0.4221243,9.839037600000001,-0.08228407540784666,3,0.13091958384793143,0.0013633699906026924,2,5.337014411528886
11.516,0.19011780000000003,-0.3817071,9.839037600000001,-0.08037655903574148,3,0.11921977325657351,6.208491505398789e-05,2,5.337025815168131
11.532,0.19011780000000003,-0.3487455,9.8794548,-0.07773856311911764,3,0.16487474478898964,-0.0012028360621848836,2,5.337016689158954
11.547,0.1586277,-0.3487455,9.8464932,-0.07580900100557741,3,0.12863747423601035,-0.002354442793120139,2,5.336990009567539
11.563,0.1571562,-0.36669779999999996,9.8165727,-0.07449115153520225,3,0.08236559189844776,-0.0035568440134463764,2,5.336942719273086
11.594,0.17510850000000003,-0.39220380000000005,9.8165727,-0.0731738759395899,3,0.042492761148786924,-0.005845651939305568,2,5.336796980585818
11.61,0.17510850000000003,-0.3876912,9.818044200000001,-0.07185711487682589,3,0.08229756642275092,-0.007005899865836895,2,5.336694168171377
11.625,0.17667810000000003,-0.3547296,9.8136297,-0.07067652491994814,3,0.07870599712518057,-0.00807490216431274,2,5.336581062156151
11.641,0.17667810000000003,-0.3547296,9.8136297,-0.06951908378575489,3,0.07234007088707799,-0.009196467033958364,2,5.336442891202565
11.657,0.2006145,-0.347274,9.8285409,-0.06808841429739054,3,0.08941684302277145,-0.010297327018623528,2,5.336286940850145
11.672,0.15568469999999998,-0.36669779999999996,9.8285409,-0.06668793043334098,0,0.09336559093663394,-0.010808149604104055,2,5.336128649775475
11.688,0.15568469999999998,-0.36669779999999996,9.8285409,-0.06531490703721232,0,0.0858139622580411,-0.011364172303868481,2,5.335951271200211
11.719,0.1317483,-0.39818790000000004,9.8165727,-0.06418611434527932,0,0.0364126674817111,-0.012871438135297023,2,5.335575619238404
11.719,0.1272357,-0.3817071,9.8165727,-0.0630934465009414,0,0.0,-0.012371438135297022,2,5.335575619238404
11.735,0.142245,-0.344331,9.8165727,-0.062045247543753845,0,0.06551243482422192,-0.012872547687654584,2,5.335373667351821
11.75,0.142245,-0.344331,9.8165727,-0.06101760150729696,0,0.06850973576378983,-0.0132955190555375,2,5.335177406851247
11.766,0.142245,-0.40868460000000006,9.8644455,-0.05902397339707299,0,0.12460175688899777,-0.013755851654772461,2,5.334960995885564
11.782,0.09427410000000001,-0.40868460000000006,9.8255979,-0.05784172930049358,0,0.07389025603621306,-0.014190777276352994,2,5.334737422854115
11.797,0.1062423,-0.3817071,9.8255979,-0.05670153143072554,0,0.07601319131786677,-0.01454985173183717,2,5.334521868136553
11.813,0.1062423,-0.3817071,9.845021700000002,-0.05520314022943218,0,0.09364945008083483,-0.014945089105118433,2,5.334285908609858
11.828,0.15568469999999998,-0.3817071,9.8151012,-0.05430740514411525,0,0.05971567235446673,-0.015266418195419972,2,5.334059322305104
11.844,0.18266220000000002,-0.3996594,9.8151012,-0.053406126545343824,0,0.05632991242321412,-0.015628126448935645,2,5.33381216594795
11.86,0.18266220000000002,-0.4027005000000001,9.830012400000001,-0.05222800460023258,0,0.07363262156945265,-0.015973199498100256,2,5.333559355340373
11.875,0.16019730000000001,-0.4027005000000001,9.8405091,-0.050875039224985485,0,0.09019769168313624,-0.016246472326789423,2,5.333317707801687
11.891,0.1631403,-0.36826739999999997,9.8240283,-0.04989696176283864,0,0.0611298413841776,-0.016552648334692017,2,5.333055314836395
11.907,0.1631403,-0.39220380000000005,9.746235,-0.050443836266499176,0,-0.034179656478783266,-0.016855374718926716,2,5.332788050651966
11.922,0.18413369999999998,-0.39220380000000005,9.856989900000002,-0.048803115254571594,0,0.10938140079516796,-0.017099726855334778,2,5.332533387390159
11.938,0.18413369999999998,-0.39220380000000005,9.856989900000002,-0.04719456524287757,0,0.10053437573087623,-0.017367708299314374,2,5.332257647908921
11.953,0.1377324,-0.37425150000000007,9.856989900000002,-0.04564607015071509,0,0.10323300614417384,-0.017564013064766258,2,5.33199565999869
11.969,0.1377324,-0.36826739999999997,9.8136297,-0.04498187498139217,0,0.04151219808268266,-0.017789036625823117,2,5.331712835601166
